/*--------------------------------*- C++ -*----------------------------------*\
| =========                 |                                                 |
| \\      /  F ield         | OpenFOAM: The Open Source CFD Toolbox           |
|  \\    /   O peration     | Version:  2412                                  |
|   \\  /    A nd           | Website:  www.openfoam.com                      |
|    \\/     M anipulation  |                                                 |
\*---------------------------------------------------------------------------*/
FoamFile
{
    version     2.0;
    format      ascii;
    arch        "LSB;label=32;scalar=64";
    class       volScalarField;
    location    "0.15";
    object      p;
}
// * * * * * * * * * * * * * * * * * * * * * * * * * * * * * * * * * * * * * //

dimensions      [0 2 -2 0 0 0 0];

internalField   nonuniform List<scalar> 
1600
(
8.227014e-13
5.430981e-07
1.628615e-06
3.249433e-06
5.395109e-06
8.051852e-06
1.120264e-05
1.482736e-05
1.890298e-05
2.340372e-05
2.830123e-05
3.356483e-05
3.916172e-05
4.505718e-05
5.121479e-05
5.759671e-05
6.416383e-05
7.087607e-05
7.769254e-05
8.457182e-05
9.147214e-05
9.835162e-05
0.0001051685
0.0001118813
0.0001184492
0.000124832
0.0001309906
0.0001368872
0.0001424853
0.0001477502
0.000152649
0.000157151
0.0001612278
0.0001648537
0.0001680055
0.0001706632
0.0001728096
0.000174431
0.0001755169
0.0001760602
-5.427193e-07
3.866868e-09
1.09635e-06
2.72755e-06
4.886934e-06
7.560596e-06
1.073137e-05
1.4379e-05
1.848025e-05
2.300916e-05
2.793717e-05
3.32334e-05
3.886481e-05
4.479647e-05
5.099173e-05
5.741252e-05
6.401952e-05
7.077241e-05
7.763008e-05
8.45509e-05
9.149287e-05
9.841388e-05
0.000105272
0.0001120254
0.0001186332
0.0001250549
0.0001312512
0.000137184
0.0001428167
0.0001481142
0.0001530435
0.0001575737
0.0001616762
0.000165325
0.0001684969
0.0001711715
0.0001733316
0.0001749634
0.0001760563
0.0001766031
-1.634592e-06
-1.080978e-06
2.553597e-08
1.677645e-06
3.864636e-06
6.572368e-06
9.783398e-06
1.347713e-05
1.762998e-05
2.221559e-05
2.720499e-05
3.256686e-05
3.826773e-05
4.42722e-05
5.054319e-05
5.704216e-05
6.372934e-05
7.056397e-05
7.75045e-05
8.450883e-05
9.153453e-05
9.853908e-05
0.00010548
0.0001123153
0.0001190032
0.0001255032
0.0001317753
0.0001377809
0.0001434831
0.0001488463
0.0001538371
0.000158424
0.0001625782
0.0001662731
0.0001694853
0.000172194
0.0001743818
0.0001760345
0.0001771415
0.0001776953
-3.28251e-06
-2.71827e-06
-1.59054e-06
9.318143e-08
2.321908e-06
5.081138e-06
8.352997e-06
1.211639e-05
1.634719e-05
2.101843e-05
2.610052e-05
3.156149e-05
3.736718e-05
4.348153e-05
4.986677e-05
5.648367e-05
6.329179e-05
7.024968e-05
7.731514e-05
8.444539e-05
9.159736e-05
9.872784e-05
0.0001057937
0.0001127523
0.0001195612
0.0001261792
0.0001325656
0.0001386812
0.0001444883
0.0001499507
0.0001550342
0.0001597069
0.0001639391
0.0001677038
0.0001709768
0.0001737371
0.0001759667
0.0001776511
0.0001787793
0.0001793437
-5.497147e-06
-4.918588e-06
-3.762271e-06
-2.035957e-06
2.489887e-07
3.077576e-06
6.431337e-06
1.02885e-05
1.462419e-05
1.941063e-05
2.461737e-05
3.021156e-05
3.615813e-05
4.24201e-05
4.895878e-05
5.573404e-05
6.270452e-05
6.982787e-05
7.7061e-05
8.436025e-05
9.168166e-05
9.898116e-05
0.0001062148
0.0001133388
0.0001203102
0.0001270866
0.0001336265
0.0001398899
0.0001458379
0.0001514336
0.000156642
0.00016143
0.0001657672
0.0001696257
0.0001729808
0.0001758105
0.0001780964
0.0001798234
0.0001809802
0.000181559
-8.292883e-06
-7.696181e-06
-6.503649e-06
-4.723386e-06
-2.367247e-06
5.491431e-07
4.006557e-06
7.98235e-06
1.245068e-05
1.738273e-05
2.274696e-05
2.85094e-05
3.463381e-05
4.108207e-05
4.781432e-05
5.478927e-05
6.196443e-05
6.929633e-05
7.674075e-05
8.425295e-05
9.178787e-05
9.930034e-05
0.0001067453
0.0001140779
0.0001212541
0.0001282303
0.0001349639
0.0001414137
0.0001475397
0.0001533038
0.0001586698
0.0001636036
0.0001680736
0.0001720509
0.0001755097
0.0001784274
0.0001807845
0.0001825656
0.0001837587
0.0001843557
-1.168793e-05
-1.10691e-05
-9.83239e-06
-7.986334e-06
-5.543398e-06
-2.519998e-06
1.063687e-06
5.183926e-06
9.813678e-06
1.492285e-05
2.047855e-05
2.64454e-05
3.278579e-05
3.946016e-05
4.642724e-05
5.364437e-05
6.106766e-05
6.86523e-05
7.635275e-05
8.412294e-05
9.191652e-05
9.968701e-05
0.000107388
0.0001149735
0.0001223979
0.0001296164
0.000136585
0.000143261
0.0001496033
0.000155572
0.0001611296
0.0001662407
0.0001708723
0.0001749943
0.0001785795
0.0001816043
0.0001840484
0.0001858954
0.0001871327
0.0001877518
-1.570452e-05
-1.505935e-05
-1.377009e-05
-1.184579e-05
-9.299661e-06
-6.149098e-06
-2.41544e-06
1.876259e-06
6.697501e-06
1.201664e-05
1.779916e-05
2.400802e-05
3.060393e-05
3.754563e-05
4.479021e-05
5.229335e-05
6.000958e-05
6.78925e-05
7.589502e-05
8.396956e-05
9.206825e-05
0.0001001431
0.0001081463
0.0001160302
0.0001237476
0.0001312522
0.0001384985
0.0001454421
0.0001520401
0.0001582511
0.0001640357
0.000169357
0.0001741803
0.000178474
0.0001822094
0.0001853616
0.000187909
0.0001898343
0.0001911243
0.0001917698
-2.036908e-05
-1.969312e-05
-1.834242e-05
-1.632666e-05
-1.365999e-05
-1.036095e-05
-6.452299e-06
-1.960677e-06
3.083671e-06
8.647242e-06
1.46936e-05
2.118374e-05
2.807638e-05
3.532831e-05
4.289469e-05
5.072931e-05
5.878484e-05
6.701311e-05
7.536527e-05
8.379202e-05
9.224378e-05
0.0001006709
0.0001090238
0.0001172531
0.0001253101
0.0001331463
0.0001407147
0.0001479687
0.0001548637
0.0001613562
0.000167405
0.000172971
0.0001780177
0.0001825116
0.0001864222
0.0001897231
0.0001923912
0.0001944081
0.0001957596
0.000196436
-2.571253e-05
-2.5001e-05
-2.357935e-05
-2.145803e-05
-1.865228e-05
-1.518206e-05
-1.107181e-05
-6.350062e-06
-1.049142e-06
4.795257e-06
1.114444e-05
1.795709e-05
2.518964e-05
3.279663e-05
4.0731e-05
4.894438e-05
5.73874e-05
6.600985e-05
7.476094e-05
8.358946e-05
9.244395e-05
0.0001012729
0.0001100248
0.0001186485
0.0001270931
0.0001353084
0.0001432449
0.0001508543
0.0001580895
0.0001649049
0.0001712569
0.000177104
0.0001824076
0.0001871319
0.0001912445
0.0001947168
0.0001975242
0.0001996469
0.0002010694
0.0002017814
-3.177057e-05
-3.101832e-05
-2.951546e-05
-2.727337e-05
-2.430861e-05
-2.064283e-05
-1.630247e-05
-1.131834e-05
-5.725197e-06
4.386816e-07
7.131955e-06
1.431065e-05
2.192856e-05
2.993763e-05
3.828832e-05
4.692985e-05
5.581054e-05
6.487796e-05
7.407918e-05
8.336091e-05
9.266966e-05
0.0001019519
0.000111154
0.0001202228
0.0001291053
0.000137749
0.0001461022
0.0001541141
0.000161735
0.0001689168
0.0001756133
0.0001817803
0.0001873766
0.0001923636
0.0001967067
0.0002003748
0.0002033415
0.0002055851
0.000207089
0.0002078418
-3.858408e-05
-3.778549e-05
-3.619027e-05
-3.381089e-05
-3.066549e-05
-2.677778e-05
-2.217656e-05
-1.689534e-05
-1.097176e-05
-4.447108e-06
2.634189e-06
1.022509e-05
1.827637e-05
2.673706e-05
3.555481e-05
4.467618e-05
5.404694e-05
6.361226e-05
7.331689e-05
8.310533e-05
9.29219e-05
0.0001027109
0.0001124166
0.0001219835
0.0001313563
0.0001404801
0.0001493008
0.0001577646
0.0001658193
0.0001734138
0.0001804988
0.0001870271
0.0001929543
0.0001982389
0.0002028432
0.0002067337
0.0002098813
0.0002122625
0.0002138589
0.0002146581
-4.619955e-05
-4.534847e-05
-4.364863e-05
-4.111386e-05
-3.776421e-05
-3.362579e-05
-2.87303e-05
-2.311441e-05
-1.681916e-05
-9.889383e-06
-2.373068e-06
5.67921e-06
1.42148e-05
2.317944e-05
3.251766e-05
4.21731e-05
5.208875e-05
6.220721e-05
7.247078e-05
8.282159e-05
9.320171e-05
0.0001035531
0.0001138179
0.0001239382
0.0001338562
0.0001435145
0.000152856
0.0001618243
0.0001703638
0.0001784202
0.0001859408
0.0001928748
0.0001991742
0.000204794
0.0002096931
0.0002138347
0.000217187
0.0002197239
0.0002214251
0.0002222769
-5.466967e-05
-5.375926e-05
-5.194125e-05
-4.923109e-05
-4.565113e-05
-4.123043e-05
-3.600408e-05
-3.001254e-05
-2.330088e-05
-1.591806e-05
-7.916207e-06
6.500525e-07
9.724176e-06
1.924822e-05
2.916326e-05
3.940974e-05
4.992771e-05
6.0657e-05
7.153737e-05
8.250853e-05
9.351019e-05
0.000104482
0.0001153638
0.0001260952
0.0001366158
0.0001468656
0.0001567844
0.0001663126
0.0001753913
0.0001839623
0.0001919691
0.0001993569
0.0002060733
0.0002120694
0.0002173
0.0002217244
0.0002253075
0.0002280201
0.0002298398
0.000230751
-6.405395e-05
-6.307658e-05
-6.112526e-05
-5.821741e-05
-5.437821e-05
-4.964023e-05
-4.404267e-05
-3.763051e-05
-3.045358e-05
-2.256567e-05
-1.402372e-05
-4.886985e-06
4.783579e-06
1.492592e-05
2.547734e-05
3.637481e-05
4.755526e-05
5.895565e-05
7.051312e-05
8.216493e-05
9.384843e-05
0.000105501
0.0001170601
0.0001284629
0.0001396464
0.0001505476
0.0001611033
0.0001712505
0.0001809263
0.0001900686
0.0001986163
0.0002065099
0.0002136924
0.0002201099
0.0002257124
0.0002304547
0.0002342976
0.0002372083
0.0002391616
0.00024014
-7.441957e-05
-7.336661e-05
-7.12649e-05
-6.813429e-05
-6.400339e-05
-5.890907e-05
-5.289548e-05
-4.6013e-05
-3.83171e-05
-2.986728e-05
-2.072603e-05
-1.095793e-05
-6.289123e-07
1.019442e-05
2.144522e-05
3.305678e-05
4.496274e-05
5.709713e-05
6.939446e-05
8.178957e-05
9.421756e-05
0.0001066136
0.0001189127
0.0001310498
0.0001429593
0.0001545751
0.0001658309
0.0001766598
0.0001869949
0.0001967694
0.0002059173
0.0002143738
0.0002220762
0.0002289649
0.0002349843
0.0002400837
0.000244219
0.0002473529
0.000249457
0.0002505111
-8.584232e-05
-8.470394e-05
-8.24324e-05
-7.905057e-05
-7.459127e-05
-6.909661e-05
-6.261679e-05
-5.520867e-05
-4.693446e-05
-3.786034e-05
-2.805528e-05
-1.758996e-05
-6.535902e-06
5.035231e-06
1.705213e-05
2.944418e-05
4.214161e-05
5.507555e-05
6.817791e-05
8.138128e-05
9.461862e-05
0.000107823
0.0001209275
0.0001338645
0.0001465659
0.0001589629
0.0001709855
0.000182563
0.0001936241
0.0002040968
0.0002139095
0.0002229914
0.0002312733
0.0002386888
0.0002451754
0.0002506761
0.0002551405
0.0002585263
0.0002608006
0.0002619404
-9.840784e-05
-9.717271e-05
-9.470898e-05
-9.104328e-05
-8.621366e-05
-8.026872e-05
-7.326601e-05
-6.527025e-05
-5.63517e-05
-4.658445e-05
-3.604499e-05
-2.481099e-05
-1.296025e-05
-5.700079e-07
1.228363e-05
2.552595e-05
3.908377e-05
5.288536e-05
6.686025e-05
8.093895e-05
9.505257e-05
0.0001091325
0.0001231097
0.0001369148
0.0001504772
0.0001637251
0.0001765853
0.0001889829
0.0002008417
0.0002120843
0.0002226327
0.000232409
0.0002413365
0.0002493409
0.0002563516
0.0002623037
0.0002671394
0.0002708099
0.0002732769
0.0002745137
-0.0001122131
-0.000110868
-0.0001081861
-0.0001041987
-9.895044e-05
-9.249799e-05
-8.490791e-05
-7.625453e-05
-6.661774e-05
-5.6081e-05
-4.472958e-05
-3.264912e-05
-1.99245e-05
-6.639026e-06
7.126081e-06
2.129192e-05
3.578192e-05
5.052168e-05
6.543863e-05
8.046159e-05
9.552024e-05
0.0001105445
0.0001254642
0.0001402079
0.0001547031
0.0001688753
0.0001826479
0.0001959418
0.0002086757
0.0002207661
0.0002321279
0.0002426752
0.0002523225
0.0002609861
0.0002685856
0.0002750466
0.0002803021
0.0002842952
0.000286981
0.0002883281
-0.0001273682
-0.0001258976
-0.0001229669
-0.0001186135
-0.0001128904
-0.0001058642
-9.761281e-05
-8.822221e-05
-7.778396e-05
-6.639262e-05
-5.41437e-05
-4.113196e-05
-2.745014e-05
-1.318817e-05
1.567366e-06
1.673334e-05
3.222999e-05
4.798057e-05
6.391084e-05
7.994845e-05
9.602222e-05
0.0001120613
0.0001279946
0.0001437497
0.0001592522
0.0001744254
0.0001891895
0.0002034611
0.0002171536
0.0002301768
0.0002424378
0.0002538415
0.0002642921
0.0002736947
0.0002819574
0.0002889937
0.0002947255
0.0002990857
0.0003020211
0.0003034941
-0.0001439988
-0.0001423841
-0.0001391682
-0.0001343964
-0.0001281322
-0.000120455
-0.0001114567
-0.0001012377
-8.990371e-05
-7.756244e-05
-6.432135e-05
-5.028557e-05
-3.555661e-05
-2.023148e-05
-4.402316e-06
1.184366e-05
2.842379e-05
4.525949e-05
6.227551e-05
7.939904e-05
9.655881e-05
0.000113684
0.0001307034
0.0001475441
0.0001641309
0.0001803851
0.0001962239
0.0002115601
0.0002263013
0.0002403503
0.0002536054
0.0002659611
0.0002773097
0.0002875428
0.0002965545
0.0003042439
0.0003105185
0.0003152985
0.0003185201
0.0003201378
-0.000162249
-0.0001604677
-0.0001569228
-0.0001516697
-0.0001447856
-0.0001363663
-0.0001265212
-0.0001153687
-0.0001030314
-8.963299e-05
-7.529463e-05
-6.013329e-05
-4.42601e-05
-2.777957e-05
-1.07894e-05
6.619329e-06
2.436163e-05
4.235781e-05
6.053245e-05
7.881327e-05
9.712989e-05
0.0001154126
0.000133591
0.0001515928
0.0001693425
0.0001867604
0.0002037615
0.0002202546
0.0002361418
0.0002513184
0.000265673
0.0002790883
0.0002914427
0.000302612
0.0003124731
0.000320907
0.0003278037
0.0003330668
0.0003366187
0.0003384036
-0.0001822854
-0.0001803098
-0.0001763823
-0.0001705716
-0.0001629728
-0.0001537028
-0.0001428934
-0.0001306851
-0.0001172215
-0.0001026447
-8.709215e-05
-7.069403e-05
-5.35719e-05
-3.58381e-05
-1.759574e-05
1.060827e-06
2.00451e-05
3.927728e-05
5.868294e-05
7.819153e-05
9.773485e-05
0.0001172455
0.0001366553
0.0001558937
0.0001748862
0.0001935531
0.0002118078
0.0002295558
0.0002466938
0.0002631095
0.0002786808
0.0002932773
0.0003067611
0.0003189894
0.0003298179
0.0003391055
0.0003467196
0.0003525426
0.0003564786
0.0003584586
-0.0002043016
-0.0002020974
-0.0001977208
-0.0001912585
-0.0001828296
-0.0001725784
-0.0001606652
-0.0001472582
-0.0001325263
-0.0001166338
-9.973682e-05
-8.198014e-05
-6.349654e-05
-4.440624e-05
-2.481721e-05
-4.826194e-06
1.547998e-05
3.602276e-05
5.673015e-05
7.753486e-05
9.837244e-05
0.0001191794
0.0001398913
0.0001604409
0.0001807562
0.0002007587
0.0002203614
0.0002394677
0.0002579694
0.0002757461
0.0002926648
0.0003085802
0.0003233359
0.0003367667
0.0003487029
0.0003589754
0.000367423
0.0003739004
0.0003782876
0.0003804972
-0.0002285253
-0.0002260489
-0.0002211393
-0.0002139083
-0.0002045071
-0.0001931161
-0.0001799322
-0.0001651581
-0.0001489938
-0.0001316298
-0.0001132431
-9.399483e-05
-7.402946e-05
-5.347455e-05
-3.244196e-05
-1.102944e-05
1.06774e-05
3.2603e-05
5.467961e-05
7.684509e-05
9.904063e-05
0.0001212085
0.0001432901
0.0001652231
0.0001869399
0.0002083649
0.0002294127
0.0002499854
0.0002699711
0.0002892422
0.0003076539
0.0003250447
0.000341237
0.0003560394
0.0003692511
0.0003806681
0.0003900923
0.0003973421
0.0004022649
0.0004047481
-0.0002552271
-0.0002524221
-0.0002468722
-0.0002387241
-0.0002281732
-0.0002154475
-0.0002007916
-0.0001844513
-0.0001666642
-0.0001476512
-0.0001276133
-0.0001067291
-8.515415e-05
-6.302252e-05
-4.044831e-05
-1.75284e-05
5.654967e-06
2.903141e-05
5.253968e-05
7.612499e-05
9.973642e-05
0.0001233243
0.0001468378
0.0001702222
0.0001934163
0.0002163498
0.0002389406
0.0002610919
0.0002826896
0.0003035997
0.0003236662
0.0003427103
0.0003605303
0.0003769044
0.000391594
0.0004043515
0.0004149311
0.0004231026
0.0004286693
0.0004314831
-0.0002847327
-0.0002815243
-0.0002751939
-0.000265938
-0.000254013
-0.0002397114
-0.0002233389
-0.0002051958
-0.0001855643
-0.0001647011
-0.0001428335
-0.0001201573
-9.683862e-05
-7.301566e-05
-4.880253e-05
-2.429255e-05
4.381287e-07
2.532703e-05
5.032207e-05
7.537847e-05
0.0001004557
0.0001255149
0.0001505154
0.0001754126
0.0002001547
0.0002246792
0.0002489103
0.0002727547
0.0002960986
0.0003188037
0.000340704
0.0003616031
0.0003812733
0.0003994568
0.0004158702
0.0004302111
0.000442172
0.0004514576
0.0004578096
0.0004610292
-0.0003174399
-0.0003137268
-0.0003064289
-0.0002958159
-0.0002822297
-0.0002660503
-0.0002476627
-0.0002274344
-0.0002057014
-0.000182761
-0.0001588673
-0.0001342329
-0.0001090314
-8.340233e-05
-5.74563e-05
-3.127949e-05
-4.938516e-06
2.151537e-05
4.804239e-05
7.461073e-05
0.0001011933
0.0001277644
0.000154297
0.0001807595
0.0002071123
0.0002333044
0.0002592694
0.0002849216
0.0003101507
0.0003348172
0.0003587477
0.0003817295
0.0004035079
0.0004237844
0.0004422218
0.0004584501
0.0004720815
0.0004827328
0.0004900587
0.0004937868
-0.0003538442
-0.0003494835
-0.0003409638
-0.0003286618
-0.0003130428
-0.0002946048
-0.0002738357
-0.0002511857
-0.0002270543
-0.0002017821
-0.0001756494
-0.0001488819
-0.0001216568
-9.411015e-05
-6.634408e-05
-3.843306e-05
-1.042989e-05
1.76293e-05
4.57206e-05
7.382845e-05
0.0001019422
0.0001300528
0.0001581497
0.0001862175
0.0002142327
0.0002421593
0.0002699452
0.0002975162
0.0003247709
0.0003515735
0.0003777473
0.0004030668
0.000427251
0.0004499587
0.0004707885
0.0004892876
0.0005049644
0.0005173163
0.0005258732
0.000530254
-0.000394575
-0.0003893575
-0.0003792619
-0.0003648219
-0.0003466828
-0.0003255029
-0.0003019015
-0.0002764307
-0.000249561
-0.0002216752
-0.0001930762
-0.0001639966
-0.0001346101
-0.0001050424
-7.538055e-05
-4.568155e-05
-1.597926e-05
1.370976e-05
4.33814e-05
7.303989e-05
0.0001026943
0.0001323555
0.0001620325
0.0001917298
0.0002214438
0.0002511584
0.0002808402
0.000310433
0.0003398505
0.0003689679
0.0003976121
0.000425551
0.0004524819
0.0004780212
0.0005016968
0.0005229535
0.000541167
0.0005556731
0.0005658192
0.0005710646
-0.0004404541
-0.0004340564
-0.0004218813
-0.0004046843
-0.00038338
-0.0003588414
-0.0003318554
-0.0003030953
-0.0002731026
-0.0002422979
-0.0002109967
-0.0001794283
-0.0001477523
-0.0001160744
-8.445827e-05
-5.293628e-05
-2.151742e-05
9.806213e-06
4.105445e-05
7.225496e-05
0.0001034399
0.0001346427
0.0001658959
0.0001972272
0.000228657
0.0002601937
0.0002918292
0.0003235321
0.0003552397
0.0003868476
0.0004181974
0.000449061
0.0004791235
0.0005079645
0.000535041
0.0005596762
0.0005810776
0.0005983636
0.0006106085
0.0006170465
-0.0004925881
-0.0004844787
-0.0004694953
-0.0004486715
-0.0004233409
-0.0003946554
-0.0003636168
-0.000331024
-0.0002974835
-0.0002634385
-0.0002292008
-0.0001949794
-0.0001609051
-0.0001270506
-9.344605e-05
-6.009084e-05
-2.696255e-05
5.9765e-06
3.877426e-05
7.148522e-05
0.0001041675
0.0001368804
0.0001696823
0.0002026279
0.0002357656
0.000269134
0.0003027563
0.0003366343
0.0003707395
0.0004050007
0.0004392891
0.0004733977
0.0005070167
0.0005397036
0.0005708517
0.0005996592
0.0006251172
0.0006460628
0.0006611454
0.000669316
-0.0005525204
-0.0005417721
-0.0005229102
-0.0004972155
-0.0004667016
-0.0004328766
-0.0003969872
-0.0003599475
-0.0003224055
-0.0002847989
-0.0002474078
-0.0002103965
-0.0001738469
-0.0001377829
-0.0001021888
-6.702169e-05
-3.222077e-05
2.286497e-06
3.657992e-05
7.074375e-05
0.0001048646
0.0001390298
0.0001733262
0.0002078383
0.0002426465
0.0002778241
0.000313433
0.0003495176
0.0003860953
0.0004231446
0.0004605863
0.0004982592
0.0005358866
0.0005730336
0.0006090539
0.000643032
0.0006737142
0.0006995785
0.0007185844
0.0007294312
-0.0006225699
-0.000607406
-0.0005830744
-0.0005506937
-0.0005134545
-0.0004732613
-0.0004315927
-0.0003894389
-0.0003474387
-0.0003059755
-0.0002652555
-0.000225365
-0.0001863115
-0.0001480513
-0.0001105089
-7.358952e-05
-3.718745e-05
-1.191051e-06
3.451437e-05
7.004492e-05
0.0001055173
0.0001410485
0.0001767554
0.0002127543
0.0002491606
0.0002860867
0.0003236395
0.0003619152
0.0004009916
0.0004409152
0.0004816821
0.0005232105
0.0005652998
0.0006075719
0.0006493934
0.0006897762
0.0007272374
0.0007598577
0.0007844022
0.0007997338
-0.0007057292
-0.0006831211
-0.0006510372
-0.0006092719
-0.0005633283
-0.0005152839
-0.0004668053
-0.0004188611
-0.0003719891
-0.0003264419
-0.000282293
-0.0002395089
-0.0001979913
-0.0001576079
-0.0001182099
-7.964247e-05
-4.174998e-05
-4.378541e-06
3.262315e-05
6.940398e-05
0.0001061113
0.0001428918
0.000179893
0.0002172642
0.0002551569
0.000293726
0.0003331281
0.0003735198
0.0004150519
0.0004578601
0.0005020472
0.0005476526
0.0005946107
0.0006426784
0.0006913286
0.0007396018
0.000785834
0.0008279432
0.0008603477
0.0008832708
-0.0008106455
-0.0007714223
-0.0007279881
-0.0006727387
-0.0006156
-0.0005579948
-0.0005016464
-0.0004473094
-0.0003952686
-0.0003455383
-0.0002979843
-0.0002523981
-0.0002085441
-0.000166183
-0.0001250824
-8.502152e-05
-4.579191e-05
-7.196451e-06
3.095269e-05
6.88365e-05
0.0001066319
0.0001445143
0.0001826607
0.0002212524
0.0002604776
0.0003005338
0.0003416306
0.00038399
0.0004278467
0.0004734431
0.0005210198
0.0005707923
0.0006229055
0.0006773591
0.0007338869
0.0007917553
0.0008492569
0.0009049936
0.0009488982
0.0009886864
-0.0009218894
-0.0008667122
-0.0008122907
-0.0007393262
-0.0006685147
-0.0005997237
-0.0005346395
-0.0004735419
-0.0004162819
-0.0003624869
-0.0003117231
-0.0002635621
-0.0002176066
-0.0001734979
-0.0001309144
-8.956818e-05
-4.919863e-05
-9.567207e-06
2.954805e-05
6.835759e-05
0.0001070651
0.000145872
0.0001849821
0.0002246059
0.0002649655
0.0003062998
0.0003488698
0.0003929646
0.0004389071
0.0004870589
0.0005378218
0.0005916313
0.0006489332
0.0007101185
0.0007753645
0.0008444289
0.0009156558
0.0009893161
0.001044333
0.001100966
-0.001155508
-0.001002811
-0.0009236379
-0.0008123443
-0.0007212257
-0.0006385605
-0.0005639144
-0.0004960538
-0.0004338773
-0.0003764189
-0.00032286
-0.0002725163
-0.0002248166
-0.0001792816
-0.0001355042
-9.313416e-05
-5.186419e-05
-1.141971e-05
2.845034e-05
6.798111e-05
0.0001073985
0.0001469254
0.0001867877
0.0002272205
0.0002684746
0.0003108247
0.0003545779
0.0004000847
0.0004477528
0.0004980629
0.0005515893
0.0006090221
0.0006711909
0.0007390822
0.0008138367
0.0008967875
0.000988447
0.001100833
0.001181164
0.00133563
-0.001266542
-0.00108572
-0.0009970911
-0.0008653785
-0.0007620966
-0.0006685329
-0.0005861415
-0.000512805
-0.0004467245
-0.0003864304
-0.0003307629
-0.0002788098
-0.0002298484
-0.0001832971
-0.0001386789
-9.559432e-05
-5.370035e-05
-1.269539e-05
2.769303e-05
6.771793e-05
0.0001076212
0.0001476409
0.000188019
0.000229008
0.00027088
0.0003139361
0.0003585183
0.0004050253
0.000453933
0.0005058219
0.0005614142
0.0006216225
0.0006876098
0.0007608538
0.0008431695
0.0009366934
0.001039815
0.001172768
0.00126055
0.001447367
-0.001974027
-0.001273077
-0.001143002
-0.0009291588
-0.000798527
-0.0006901453
-0.0006000378
-0.0005223788
-0.0004536911
-0.0003917041
-0.000334861
-0.0002820453
-0.0002324223
-0.0001853446
-0.0001402945
-9.684464e-05
-5.463292e-05
-1.33433e-05
2.730787e-05
6.758291e-05
0.000107732
0.0001480011
0.0001886402
0.0002299113
0.0002720972
0.0003155131
0.0003605199
0.0004075429
0.0004570979
0.0005098294
0.0005665694
0.0006284332
0.0006969813
0.0007745038
0.0008645215
0.0009731154
0.00110387
0.001320078
0.001453187
0.00216013
)
;

boundaryField
{
    movingWall
    {
        type            zeroGradient;
    }
    fixedWalls
    {
        type            zeroGradient;
    }
    frontAndBack
    {
        type            empty;
    }
}


// ************************************************************************* //
