/*--------------------------------*- C++ -*----------------------------------*\
| =========                 |                                                 |
| \\      /  F ield         | OpenFOAM: The Open Source CFD Toolbox           |
|  \\    /   O peration     | Version:  2412                                  |
|   \\  /    A nd           | Website:  www.openfoam.com                      |
|    \\/     M anipulation  |                                                 |
\*---------------------------------------------------------------------------*/
FoamFile
{
    version     2.0;
    format      ascii;
    arch        "LSB;label=32;scalar=64";
    class       surfaceScalarField;
    location    "0.15";
    object      phi;
}
// * * * * * * * * * * * * * * * * * * * * * * * * * * * * * * * * * * * * * //

dimensions      [0 3 -1 0 0 0 0];

oriented        oriented;

internalField   nonuniform List<scalar> 
3120
(
-8.160462e-09
8.160462e-09
-1.628797e-08
8.127507e-09
-2.431041e-08
8.022441e-09
-3.217631e-08
7.865897e-09
-3.983554e-08
7.659229e-09
-4.723971e-08
7.404174e-09
-5.434254e-08
7.102835e-09
-6.110017e-08
6.757628e-09
-6.747142e-08
6.371246e-09
-7.341802e-08
5.946601e-09
-7.890481e-08
5.486785e-09
-8.389982e-08
4.995019e-09
-8.837444e-08
4.474617e-09
-9.230339e-08
3.928948e-09
-9.56648e-08
3.361409e-09
-9.84402e-08
2.775404e-09
-1.006145e-07
2.174327e-09
-1.021761e-07
1.561555e-09
-1.031165e-07
9.404449e-10
-1.034309e-07
3.143358e-10
-1.031174e-07
-3.134454e-10
-1.021778e-07
-9.395757e-10
-1.006171e-07
-1.560728e-09
-9.844356e-08
-2.173562e-09
-9.566884e-08
-2.774719e-09
-9.230802e-08
-3.360821e-09
-8.837954e-08
-3.928471e-09
-8.390528e-08
-4.474264e-09
-7.891048e-08
-4.994799e-09
-7.342378e-08
-5.486704e-09
-6.747712e-08
-5.946662e-09
-6.110567e-08
-6.371447e-09
-5.43477e-08
-6.757967e-09
-4.72444e-08
-7.103302e-09
-3.983964e-08
-7.40476e-09
-3.217972e-08
-7.659918e-09
-2.431305e-08
-7.866673e-09
-1.628977e-08
-8.023284e-09
-8.161372e-09
-8.128395e-09
-8.161372e-09
-8.232848e-09
1.639331e-08
-1.643231e-08
1.632697e-08
-2.452554e-08
1.611568e-08
-3.246052e-08
1.580087e-08
-4.01866e-08
1.53853e-08
-4.765491e-08
1.487248e-08
-5.481873e-08
1.426666e-08
-6.163384e-08
1.357273e-08
-6.805871e-08
1.279612e-08
-7.405484e-08
1.194272e-08
-7.958681e-08
1.101876e-08
-8.462253e-08
1.003073e-08
-8.913322e-08
8.985305e-09
-9.309352e-08
7.889254e-09
-9.648152e-08
6.749404e-09
-9.92787e-08
5.572585e-09
-1.0147e-07
4.365602e-09
-1.030436e-07
3.135221e-09
-1.039914e-07
1.888161e-09
-1.043081e-07
6.311025e-10
-1.039923e-07
-6.292999e-10
-1.030454e-07
-1.886401e-09
-1.014726e-07
-3.133546e-09
-9.928213e-08
-4.364052e-09
-9.648565e-08
-5.571197e-09
-9.309826e-08
-6.748212e-09
-8.913845e-08
-7.888288e-09
-8.462812e-08
-8.984589e-09
-7.959263e-08
-1.003029e-08
-7.406074e-08
-1.10186e-08
-6.806456e-08
-1.194284e-08
-6.163947e-08
-1.279653e-08
-5.482402e-08
-1.357342e-08
-4.765972e-08
-1.426761e-08
-4.019081e-08
-1.487367e-08
-3.246403e-08
-1.53867e-08
-2.452825e-08
-1.580245e-08
-1.643415e-08
-1.611738e-08
-8.233782e-09
-1.632877e-08
-1.639515e-08
-8.338801e-09
2.473211e-08
-1.664354e-08
2.463171e-08
-2.484022e-08
2.431235e-08
-3.287593e-08
2.383659e-08
-4.069923e-08
2.32086e-08
-4.826052e-08
2.243377e-08
-5.551244e-08
2.151859e-08
-6.241021e-08
2.04705e-08
-6.891189e-08
1.92978e-08
-7.497857e-08
1.800941e-08
-8.057463e-08
1.661482e-08
-8.566776e-08
1.512386e-08
-9.022909e-08
1.354663e-08
-9.423321e-08
1.189338e-08
-9.765819e-08
1.017439e-08
-1.004856e-07
8.399945e-09
-1.027002e-07
6.58029e-09
-1.042906e-07
4.725576e-09
-1.052483e-07
2.845881e-09
-1.055684e-07
9.512152e-10
-1.052493e-07
-9.484578e-10
-1.042925e-07
-2.843189e-09
-1.02703e-07
-4.723013e-09
-1.004891e-07
-6.577918e-09
-9.766252e-08
-8.397821e-09
-9.423817e-08
-1.017256e-08
-9.023457e-08
-1.18919e-08
-8.567362e-08
-1.354554e-08
-8.058073e-08
-1.512317e-08
-7.498476e-08
-1.661456e-08
-6.891801e-08
-1.80096e-08
-6.241613e-08
-1.929842e-08
-5.551799e-08
-2.047155e-08
-4.826557e-08
-2.152004e-08
-4.070365e-08
-2.243559e-08
-3.287961e-08
-2.321074e-08
-2.484306e-08
-2.383899e-08
-1.664548e-08
-2.431497e-08
-8.339782e-09
-2.463447e-08
-2.473494e-08
-8.498927e-09
3.323104e-08
-1.696276e-08
3.309554e-08
-2.531572e-08
3.266531e-08
-3.350357e-08
3.202444e-08
-4.147364e-08
3.117867e-08
-4.917523e-08
3.013537e-08
-5.656002e-08
2.890337e-08
-6.358238e-08
2.749287e-08
-7.019971e-08
2.591513e-08
-7.637261e-08
2.41823e-08
-8.206503e-08
2.230724e-08
-8.724443e-08
2.030327e-08
-9.188181e-08
1.818401e-08
-9.595168e-08
1.596325e-08
-9.943213e-08
1.365483e-08
-1.023047e-07
1.127254e-08
-1.045545e-07
8.830051e-09
-1.061698e-07
6.340923e-09
-1.071425e-07
3.81858e-09
-1.074677e-07
1.276337e-09
-1.071435e-07
-1.27256e-09
-1.061718e-07
-3.814892e-09
-1.045574e-07
-6.337412e-09
-1.023086e-07
-8.8268e-09
-9.943676e-08
-1.126963e-08
-9.595699e-08
-1.365233e-08
-9.188767e-08
-1.596122e-08
-8.725071e-08
-1.81825e-08
-8.207156e-08
-2.030232e-08
-7.637924e-08
-2.230689e-08
-7.020628e-08
-2.418255e-08
-6.358872e-08
-2.591597e-08
-5.656597e-08
-2.74943e-08
-4.918065e-08
-2.890536e-08
-4.147839e-08
-3.013785e-08
-3.350752e-08
-3.11816e-08
-2.531877e-08
-3.202774e-08
-1.696484e-08
-3.26689e-08
-8.49998e-09
-3.309933e-08
-3.323492e-08
-8.714662e-09
4.19457e-08
-1.73928e-08
4.177368e-08
-2.595621e-08
4.122872e-08
-3.434886e-08
4.041708e-08
-4.251638e-08
3.93462e-08
-5.040659e-08
3.802557e-08
-5.796983e-08
3.646661e-08
-6.515939e-08
3.468244e-08
-7.193178e-08
3.268751e-08
-7.82469e-08
3.049743e-08
-8.406825e-08
2.812859e-08
-8.936295e-08
2.559797e-08
-9.410184e-08
2.292289e-08
-9.82594e-08
2.012081e-08
-1.018138e-07
1.720918e-08
-1.047466e-07
1.420535e-08
-1.07043e-07
1.112647e-08
-1.086916e-07
7.989503e-09
-1.096842e-07
4.811189e-09
-1.10016e-07
1.608118e-09
-1.096853e-07
-1.603232e-09
-1.086938e-07
-4.806418e-09
-1.070462e-07
-7.984959e-09
-1.047508e-07
-1.112227e-08
-1.018188e-07
-1.420158e-08
-9.826519e-08
-1.720594e-08
-9.410823e-08
-2.011818e-08
-8.936979e-08
-2.292094e-08
-8.407537e-08
-2.559674e-08
-7.825414e-08
-2.812812e-08
-7.193895e-08
-3.049774e-08
-6.516631e-08
-3.268861e-08
-5.797633e-08
-3.468429e-08
-5.041251e-08
-3.646918e-08
-4.252157e-08
-3.802879e-08
-3.435318e-08
-3.935e-08
-2.595955e-08
-4.042136e-08
-1.739508e-08
-4.123337e-08
-8.715814e-09
-4.177859e-08
-4.195073e-08
-8.987949e-09
5.093365e-08
-1.793751e-08
5.072325e-08
-2.676736e-08
5.005856e-08
-3.541912e-08
4.906884e-08
-4.383627e-08
4.776336e-08
-5.196471e-08
4.6154e-08
-5.97531e-08
4.425501e-08
-6.715337e-08
4.20827e-08
-7.412089e-08
3.965504e-08
-8.061477e-08
3.69913e-08
-8.65979e-08
3.411172e-08
-9.203709e-08
3.103716e-08
-9.690301e-08
2.778881e-08
-1.011702e-07
2.438796e-08
-1.048168e-07
2.085578e-08
-1.078246e-07
1.721325e-08
-1.101792e-07
1.348102e-08
-1.118691e-07
9.679449e-09
-1.128865e-07
5.82857e-09
-1.132266e-07
1.948182e-09
-1.128877e-07
-1.942072e-09
-1.118716e-07
-5.822602e-09
-1.101828e-07
-9.673765e-09
-1.078293e-07
-1.347575e-08
-1.048223e-07
-1.720852e-08
-1.011766e-07
-2.085171e-08
-9.691008e-08
-2.438465e-08
-9.204466e-08
-2.778636e-08
-8.660578e-08
-3.103561e-08
-8.062278e-08
-3.411113e-08
-7.412884e-08
-3.699168e-08
-6.716105e-08
-3.96564e-08
-5.976032e-08
-4.208501e-08
-5.197128e-08
-4.425822e-08
-4.384204e-08
-4.615803e-08
-3.542392e-08
-4.776812e-08
-2.677108e-08
-4.90742e-08
-1.794005e-08
-5.00644e-08
-8.98923e-09
-5.072941e-08
-5.093996e-08
-9.321306e-09
6.025496e-08
-1.860187e-08
6.000382e-08
-2.775647e-08
5.921316e-08
-3.67238e-08
5.803617e-08
-4.54447e-08
5.648425e-08
-5.386264e-08
5.457194e-08
-6.192428e-08
5.231666e-08
-6.957985e-08
4.973827e-08
-7.678342e-08
4.685861e-08
-8.349313e-08
4.370101e-08
-8.967127e-08
4.028986e-08
-9.528429e-08
3.665018e-08
-1.003028e-07
3.280729e-08
-1.047013e-07
2.878647e-08
-1.084583e-07
2.461278e-08
-1.115559e-07
2.031088e-08
-1.139799e-07
1.590496e-08
-1.157191e-07
1.141873e-08
-1.167661e-07
6.875479e-09
-1.17116e-07
2.298119e-09
-1.167674e-07
-2.290642e-09
-1.157218e-07
-6.868175e-09
-1.139838e-07
-1.141177e-08
-1.115611e-07
-1.589851e-08
-1.084645e-07
-2.030509e-08
-1.047084e-07
-2.46078e-08
-1.003107e-07
-2.878242e-08
-9.529276e-08
-3.280427e-08
-8.968011e-08
-3.664827e-08
-8.350212e-08
-4.028911e-08
-7.679234e-08
-4.370146e-08
-6.958848e-08
-4.686026e-08
-6.19324e-08
-4.974109e-08
-5.387004e-08
-5.232059e-08
-4.545118e-08
-5.457688e-08
-3.672921e-08
-5.649009e-08
-2.776065e-08
-5.804276e-08
-1.860473e-08
-5.922033e-08
-9.322751e-09
-6.001138e-08
-6.026271e-08
-9.717891e-09
6.997285e-08
-1.939211e-08
6.967804e-08
-2.893268e-08
6.875373e-08
-3.827474e-08
6.737823e-08
-4.735585e-08
6.556536e-08
-5.611662e-08
6.333271e-08
-6.450128e-08
6.070131e-08
-7.245806e-08
5.769506e-08
-7.993955e-08
5.43401e-08
-8.690283e-08
5.066428e-08
-9.330952e-08
4.669656e-08
-9.912582e-08
4.246648e-08
-1.043223e-07
3.800376e-08
-1.088738e-07
3.333794e-08
-1.12759e-07
2.849807e-08
-1.159608e-07
2.351259e-08
-1.18465e-07
1.840925e-08
-1.202614e-07
1.321509e-08
-1.213424e-07
7.956518e-09
-1.217038e-07
2.659466e-09
-1.21344e-07
-2.650448e-09
-1.202645e-07
-7.947708e-09
-1.184695e-07
-1.320669e-08
-1.159666e-07
-1.840146e-08
-1.127661e-07
-2.35056e-08
-1.088818e-07
-2.849203e-08
-1.043312e-07
-3.333302e-08
-9.91354e-08
-3.800009e-08
-9.331953e-08
-4.246414e-08
-8.691301e-08
-4.669563e-08
-7.994967e-08
-5.066481e-08
-7.246785e-08
-5.434207e-08
-6.45105e-08
-5.769845e-08
-5.612503e-08
-6.070605e-08
-4.736323e-08
-6.333868e-08
-3.82809e-08
-6.557242e-08
-2.893745e-08
-6.738621e-08
-1.939536e-08
-6.876242e-08
-9.719538e-09
-6.968721e-08
-6.998225e-08
-1.018158e-08
8.015443e-08
-2.031589e-08
7.981234e-08
-3.030722e-08
7.874506e-08
-4.00864e-08
7.715741e-08
-4.958707e-08
7.506603e-08
-5.874643e-08
7.249207e-08
-6.750584e-08
6.946072e-08
-7.581127e-08
6.600048e-08
-8.361361e-08
6.214244e-08
-9.086881e-08
5.791949e-08
-9.753792e-08
5.336566e-08
-1.035869e-07
4.851549e-08
-1.089866e-07
4.340344e-08
-1.137122e-07
3.806354e-08
-1.177432e-07
3.252905e-08
-1.210629e-07
2.683226e-08
-1.236581e-07
2.100445e-08
-1.255189e-07
1.507591e-08
-1.266384e-07
9.076072e-09
-1.270126e-07
3.033685e-09
-1.266402e-07
-3.022918e-09
-1.255223e-07
-9.065551e-09
-1.236631e-07
-1.506588e-08
-1.210695e-07
-2.099514e-08
-1.177512e-07
-2.682389e-08
-1.137214e-07
-3.252182e-08
-1.089968e-07
-3.805764e-08
-1.035979e-07
-4.339901e-08
-9.754934e-08
-4.851266e-08
-9.088045e-08
-5.336452e-08
-8.362517e-08
-5.792008e-08
-7.582247e-08
-6.214477e-08
-6.75164e-08
-6.600452e-08
-5.875607e-08
-6.946638e-08
-4.959554e-08
-7.249922e-08
-4.009347e-08
-7.507449e-08
-3.03127e-08
-7.716698e-08
-2.031963e-08
-7.875549e-08
-1.018348e-08
-7.982335e-08
-8.016573e-08
-1.07171e-08
9.087153e-08
-2.138251e-08
9.047774e-08
-3.189368e-08
8.925624e-08
-4.217628e-08
8.744001e-08
-5.215928e-08
8.504904e-08
-6.177585e-08
8.210865e-08
-7.096403e-08
7.86489e-08
-7.966721e-08
7.470366e-08
-8.783446e-08
7.030968e-08
-9.542059e-08
6.550562e-08
-1.023861e-07
6.033121e-08
-1.086971e-07
5.482648e-08
-1.143248e-07
4.90311e-08
-1.192451e-07
4.298388e-08
-1.234385e-07
3.672246e-08
-1.268893e-07
3.028305e-08
-1.295853e-07
2.370046e-08
-1.315175e-07
1.70081e-08
-1.326797e-07
1.023822e-08
-1.330681e-07
3.422136e-09
-1.326817e-07
-3.409375e-09
-1.315215e-07
-1.022574e-08
-1.295911e-07
-1.69962e-08
-1.268969e-07
-2.368941e-08
-1.234477e-07
-3.02731e-08
-1.192556e-07
-3.671385e-08
-1.143364e-07
-4.297684e-08
-1.087096e-07
-4.90258e-08
-1.023992e-07
-5.482307e-08
-9.543395e-08
-6.032981e-08
-8.784776e-08
-6.550628e-08
-7.968012e-08
-7.031241e-08
-7.097621e-08
-7.470843e-08
-6.178698e-08
-7.86556e-08
-5.216907e-08
-8.211713e-08
-4.218445e-08
-8.505911e-08
-3.190002e-08
-8.745141e-08
-2.138683e-08
-8.926868e-08
-1.071929e-08
-9.049089e-08
-9.088502e-08
-1.133014e-08
1.022017e-07
-2.260318e-08
1.017508e-07
-3.370845e-08
1.003615e-07
-4.456542e-08
9.829698e-08
-5.509754e-08
9.558115e-08
-6.523326e-08
9.224436e-08
-7.490679e-08
8.832244e-08
-8.405868e-08
8.385555e-08
-9.263603e-08
7.888703e-08
-1.005926e-07
7.346218e-08
-1.078886e-07
6.762721e-08
-1.144904e-07
6.142828e-08
-1.203701e-07
5.491075e-08
-1.255048e-07
4.81186e-08
-1.298763e-07
4.1094e-08
-1.334704e-07
3.387718e-08
-1.362763e-07
2.650636e-08
-1.382862e-07
1.901791e-08
-1.394946e-07
1.144661e-08
-1.398984e-07
3.826035e-09
-1.394968e-07
-3.810991e-09
-1.382907e-07
-1.14319e-08
-1.36283e-07
-1.900387e-08
-1.334791e-07
-2.649331e-08
-1.298868e-07
-3.386541e-08
-1.255168e-07
-4.108381e-08
-1.203834e-07
-4.811023e-08
-1.145048e-07
-5.490443e-08
-1.079037e-07
-6.142419e-08
-1.00608e-07
-6.762548e-08
-9.265141e-08
-7.346289e-08
-8.407362e-08
-7.88902e-08
-7.49209e-08
-8.386114e-08
-6.524617e-08
-8.833034e-08
-5.51089e-08
-9.22544e-08
-4.457492e-08
-9.559309e-08
-3.371583e-08
-9.831051e-08
-2.260821e-08
-1.003763e-07
-1.133269e-08
-1.017664e-07
-1.022177e-07
-1.202755e-08
1.142292e-07
-2.39914e-08
1.137146e-07
-3.577119e-08
1.121413e-07
-4.727899e-08
1.098048e-07
-5.843172e-08
1.067339e-07
-6.915234e-08
1.02965e-07
-7.937071e-08
9.854081e-08
-8.90242e-08
9.350905e-08
-9.805795e-08
8.792078e-08
-1.064248e-07
8.1829e-08
-1.140849e-07
7.528735e-08
-1.210055e-07
6.83489e-08
-1.2716e-07
6.106527e-08
-1.325274e-07
5.348598e-08
-1.370914e-07
4.565798e-08
-1.408397e-07
3.76255e-08
-1.437634e-07
2.943005e-08
-1.458562e-07
2.111068e-08
-1.471139e-07
1.270434e-08
-1.475343e-07
4.246407e-09
-1.471165e-07
-4.228746e-09
-1.458614e-07
-1.268707e-08
-1.437711e-07
-2.109417e-08
-1.408497e-07
-2.941468e-08
-1.371035e-07
-3.761163e-08
-1.325413e-07
-4.564594e-08
-1.271755e-07
-5.347607e-08
-1.210222e-07
-6.105775e-08
-1.141024e-07
-6.834399e-08
-1.064426e-07
-7.528522e-08
-9.807578e-08
-8.182975e-08
-8.904155e-08
-8.792443e-08
-7.938712e-08
-9.351557e-08
-6.916738e-08
-9.855008e-08
-5.844498e-08
-1.029768e-07
-4.729008e-08
-1.06748e-07
-3.577981e-08
-1.098208e-07
-2.399728e-08
-1.121588e-07
-1.203053e-08
-1.137332e-07
-1.142482e-07
-1.281759e-08
1.270468e-07
-2.556339e-08
1.264604e-07
-3.810548e-08
1.246834e-07
-5.03471e-08
1.220464e-07
-6.219743e-08
1.185842e-07
-7.357304e-08
1.143406e-07
-8.439888e-08
1.093666e-07
-9.46089e-08
1.037191e-07
-1.041463e-07
9.745814e-08
-1.129632e-07
9.064591e-08
-1.210204e-07
8.334455e-08
-1.282864e-07
7.561498e-08
-1.347369e-07
6.751576e-08
-1.403533e-07
5.910237e-08
-1.451221e-07
5.042672e-08
-1.490336e-07
4.153701e-08
-1.520814e-07
3.247784e-08
-1.542612e-07
2.329055e-08
-1.555707e-07
1.401376e-08
-1.560083e-07
4.684026e-09
-1.555737e-07
-4.66336e-09
-1.542672e-07
-1.399354e-08
-1.520901e-07
-2.327121e-08
-1.49045e-07
-3.245981e-08
-1.451359e-07
-4.152071e-08
-1.403693e-07
-5.041253e-08
-1.347548e-07
-5.909065e-08
-1.283057e-07
-6.750682e-08
-1.210406e-07
-7.560908e-08
-1.129839e-07
-8.334191e-08
-1.04167e-07
-9.064665e-08
-9.462911e-08
-9.746232e-08
-8.441804e-08
-1.037266e-07
-7.359063e-08
-1.093775e-07
-6.221295e-08
-1.143545e-07
-5.03601e-08
-1.186008e-07
-3.811559e-08
-1.220653e-07
-2.55703e-08
-1.247041e-07
-1.28211e-08
-1.264824e-07
-1.270693e-07
-1.371024e-08
1.407571e-07
-2.733871e-08
1.400889e-07
-4.073968e-08
1.380844e-07
-5.380581e-08
1.351125e-07
-6.643712e-08
1.312155e-07
-7.854275e-08
1.264462e-07
-9.004211e-08
1.20866e-07
-1.008655e-07
1.145425e-07
-1.109544e-07
1.07547e-07
-1.202607e-07
9.995225e-08
-1.287465e-07
9.183033e-08
-1.363826e-07
8.325109e-08
-1.431477e-07
7.428082e-08
-1.490267e-07
6.49814e-08
-1.540099e-07
5.540986e-08
-1.580911e-07
4.561827e-08
-1.612673e-07
3.565398e-08
-1.635368e-07
2.556009e-08
-1.648993e-07
1.537622e-08
-1.653546e-07
5.139331e-09
-1.649027e-07
-5.115216e-09
-1.635436e-07
-1.535261e-08
-1.612774e-07
-2.55375e-08
-1.581043e-07
-3.563288e-08
-1.540258e-07
-4.559915e-08
-1.490452e-07
-5.539317e-08
-1.431683e-07
-6.496755e-08
-1.364049e-07
-7.427019e-08
-1.2877e-07
-8.324401e-08
-1.202849e-07
-9.182705e-08
-1.109786e-07
-9.995294e-08
-1.008892e-07
-1.075517e-07
-9.006454e-08
-1.145513e-07
-7.856337e-08
-1.208787e-07
-6.645535e-08
-1.264625e-07
-5.382111e-08
-1.312351e-07
-4.075159e-08
-1.351348e-07
-2.734686e-08
-1.381088e-07
-1.371438e-08
-1.401148e-07
-1.407837e-07
-1.471758e-08
1.554746e-07
-2.934101e-08
1.547123e-07
-4.370802e-08
1.524514e-07
-5.769848e-08
1.49103e-07
-7.120155e-08
1.447186e-07
-8.411776e-08
1.393624e-07
-9.636035e-08
1.331086e-07
-1.078559e-07
1.260381e-07
-1.185444e-07
1.182354e-07
-1.283783e-07
1.097862e-07
-1.373219e-07
1.007739e-07
-1.453495e-07
9.127876e-08
-1.524443e-07
8.137553e-08
-1.585959e-07
7.113302e-08
-1.637995e-07
6.061346e-08
-1.680538e-07
4.987259e-08
-1.713598e-07
3.895999e-08
-1.737196e-07
2.791983e-08
-1.751352e-07
1.679181e-08
-1.756082e-07
5.612334e-09
-1.751391e-07
-5.584263e-09
-1.737274e-07
-1.676432e-08
-1.713714e-07
-2.789348e-08
-1.68069e-07
-3.893534e-08
-1.638179e-07
-4.98502e-08
-1.586172e-07
-6.059385e-08
-1.524681e-07
-7.111668e-08
-1.453754e-07
-8.136291e-08
-1.373492e-07
-9.127025e-08
-1.284064e-07
-1.007698e-07
-1.185726e-07
-1.097867e-07
-1.078835e-07
-1.182408e-07
-9.638666e-08
-1.260482e-07
-8.4142e-08
-1.331233e-07
-7.122302e-08
-1.393815e-07
-5.771653e-08
-1.447416e-07
-4.372209e-08
-1.491293e-07
-2.935066e-08
-1.524803e-07
-1.472248e-08
-1.54743e-07
-1.555062e-07
-1.585433e-08
1.71329e-07
-3.159908e-08
1.704571e-07
-4.705196e-08
1.679043e-07
-6.207739e-08
1.641284e-07
-7.655161e-08
1.591928e-07
-9.036517e-08
1.53176e-07
-1.034245e-07
1.461679e-07
-1.156524e-07
1.38266e-07
-1.26988e-07
1.29571e-07
-1.373854e-07
1.201836e-07
-1.468126e-07
1.102011e-07
-1.552491e-07
9.971518e-08
-1.626837e-07
8.881019e-08
-1.69113e-07
7.756228e-08
-1.745384e-07
6.603891e-08
-1.789649e-07
5.429906e-08
-1.823988e-07
4.239389e-08
-1.848466e-07
3.036765e-08
-1.863138e-07
1.825901e-08
-1.86804e-07
6.102502e-09
-1.863184e-07
-6.0699e-09
-1.848556e-07
-1.822706e-08
-1.824121e-07
-3.033699e-08
-1.789823e-07
-4.236515e-08
-1.745596e-07
-5.427288e-08
-1.691376e-07
-6.601588e-08
-1.627113e-07
-7.754299e-08
-1.55279e-07
-8.879518e-08
-1.468443e-07
-9.970491e-08
-1.374182e-07
-1.10196e-07
-1.270209e-07
-1.20184e-07
-1.156848e-07
-1.29577e-07
-1.034554e-07
-1.382775e-07
-9.039374e-08
-1.46185e-07
-7.657698e-08
-1.531982e-07
-6.209876e-08
-1.592198e-07
-4.706865e-08
-1.641594e-07
-3.161053e-08
-1.679384e-07
-1.586015e-08
-1.704934e-07
-1.713664e-07
-1.713855e-08
1.884675e-07
-3.414814e-08
1.874667e-07
-5.082209e-08
1.845782e-07
-6.700603e-08
1.803124e-07
-8.256076e-08
1.747476e-07
-9.736527e-08
1.679805e-07
-1.113185e-07
1.601211e-07
-1.243399e-07
1.512874e-07
-1.363686e-07
1.415998e-07
-1.473621e-07
1.311771e-07
-1.572936e-07
1.201327e-07
-1.6615e-07
1.085715e-07
-1.739284e-07
9.658861e-08
-1.806339e-07
8.426774e-08
-1.862764e-07
7.168145e-08
-1.908687e-07
5.889138e-08
-1.944241e-07
4.594924e-08
-1.969546e-07
3.289814e-08
-1.984698e-07
1.977425e-08
-1.989759e-07
6.608612e-09
-1.98475e-07
-6.570833e-09
-1.969648e-07
-1.973719e-08
-1.944393e-07
-3.286253e-08
-1.908887e-07
-4.591578e-08
-1.863008e-07
-5.886079e-08
-1.806622e-07
-7.165443e-08
-1.739602e-07
-8.424498e-08
-1.661847e-07
-9.657073e-08
-1.573305e-07
-1.085591e-07
-1.474003e-07
-1.201262e-07
-1.364072e-07
-1.31177e-07
-1.243779e-07
-1.416062e-07
-1.113549e-07
-1.513005e-07
-9.739902e-08
-1.601409e-07
-8.259081e-08
-1.680064e-07
-6.703141e-08
-1.747792e-07
-5.084194e-08
-1.803488e-07
-3.416178e-08
-1.846186e-07
-1.714549e-08
-1.875097e-07
-1.885118e-07
-1.859258e-08
2.070601e-07
-3.703161e-08
2.059057e-07
-5.508053e-08
2.026271e-07
-7.256192e-08
1.977937e-07
-8.931806e-08
1.915037e-07
-1.052146e-07
1.838771e-07
-1.201426e-07
1.750491e-07
-1.340186e-07
1.651634e-07
-1.467834e-07
1.543645e-07
-1.583997e-07
1.427934e-07
-1.688492e-07
1.305821e-07
-1.781285e-07
1.178508e-07
-1.862459e-07
1.04706e-07
-1.932177e-07
9.123953e-08
-1.990648e-07
7.752851e-08
-2.038097e-07
6.363634e-08
-2.074745e-07
4.961398e-08
-2.100781e-07
3.550173e-08
-2.116352e-07
2.133141e-08
-2.121552e-07
7.128586e-09
-2.116411e-07
-7.084908e-09
-2.100898e-07
-2.128853e-08
-2.074919e-07
-3.546045e-08
-2.038325e-07
-4.957509e-08
-1.990927e-07
-6.360066e-08
-1.932503e-07
-7.749683e-08
-1.862826e-07
-9.121265e-08
-1.781686e-07
-1.046847e-07
-1.68892e-07
-1.178358e-07
-1.584442e-07
-1.305739e-07
-1.468286e-07
-1.427927e-07
-1.340633e-07
-1.543715e-07
-1.201856e-07
-1.651782e-07
-1.052546e-07
-1.750719e-07
-8.935374e-08
-1.839073e-07
-7.259214e-08
-1.915408e-07
-5.510423e-08
-1.978367e-07
-3.704792e-08
-2.026749e-07
-1.860088e-08
-2.059567e-07
-2.071127e-07
-2.024425e-08
2.273043e-07
-4.030352e-08
2.25965e-07
-5.990418e-08
2.222278e-07
-7.884039e-08
2.1673e-07
-9.693218e-08
2.095955e-07
-1.140299e-07
2.009748e-07
-1.300164e-07
1.910357e-07
-1.448066e-07
1.799535e-07
-1.583451e-07
1.679031e-07
-1.706033e-07
1.550516e-07
-1.815743e-07
1.415531e-07
-1.912686e-07
1.275451e-07
-1.99709e-07
1.131464e-07
-2.069264e-07
9.845691e-08
-2.129555e-07
8.355757e-08
-2.178313e-07
6.851217e-08
-2.215864e-07
5.336908e-08
-2.242484e-07
3.816373e-08
-2.258382e-07
2.292124e-08
-2.263689e-07
7.659294e-09
-2.258449e-07
-7.60892e-09
-2.242617e-07
-2.287173e-08
-2.216062e-07
-3.811597e-08
-2.178573e-07
-5.332396e-08
-2.129874e-07
-6.847059e-08
-2.069638e-07
-8.352045e-08
-1.997513e-07
-9.842516e-08
-1.91315e-07
-1.13121e-07
-1.81624e-07
-1.275268e-07
-1.706552e-07
-1.415427e-07
-1.58398e-07
-1.550498e-07
-1.448591e-07
-1.679104e-07
-1.300672e-07
-1.799702e-07
-1.140774e-07
-1.910617e-07
-9.69747e-08
-2.010099e-07
-7.887653e-08
-2.096389e-07
-5.993259e-08
-2.167807e-07
-4.032312e-08
-2.222843e-07
-2.025424e-08
-2.260256e-07
-2.27367e-07
-2.212865e-08
2.49433e-07
-4.403169e-08
2.47868e-07
-6.538907e-08
2.435852e-07
-8.595967e-08
2.373005e-07
-1.055367e-07
2.291725e-07
-1.239531e-07
2.193913e-07
-1.410838e-07
2.081663e-07
-1.568438e-07
1.957135e-07
-1.711856e-07
1.822449e-07
-1.84093e-07
1.67959e-07
-1.955756e-07
1.530358e-07
-2.056624e-07
1.376319e-07
-2.143952e-07
1.218793e-07
-2.218237e-07
1.058854e-07
-2.279998e-07
8.973368e-08
-2.32974e-07
7.348639e-08
-2.367919e-07
5.718694e-08
-2.394913e-07
4.086317e-08
-2.411008e-07
2.45307e-08
-2.416378e-07
8.196331e-09
-2.411083e-07
-8.138392e-09
-2.395064e-07
-2.44737e-08
-2.368143e-07
-4.080806e-08
-2.330036e-07
-5.713468e-08
-2.280362e-07
-7.343799e-08
-2.218664e-07
-8.969018e-08
-2.144438e-07
-1.058478e-07
-2.057159e-07
-1.218488e-07
-1.956332e-07
-1.376095e-07
-1.841535e-07
-1.530225e-07
-1.712476e-07
-1.679557e-07
-1.569058e-07
-1.822522e-07
-1.411439e-07
-1.957321e-07
-1.240096e-07
-2.08196e-07
-1.055875e-07
-2.19432e-07
-8.600304e-08
-2.292234e-07
-6.542329e-08
-2.373604e-07
-4.405534e-08
-2.436523e-07
-2.214073e-08
-2.479402e-07
-2.495077e-07
-2.429044e-08
2.737234e-07
-4.830213e-08
2.718797e-07
-7.165628e-08
2.669393e-07
-9.406754e-08
2.597118e-07
-1.152968e-07
2.504018e-07
-1.351577e-07
2.392522e-07
-1.53518e-07
2.265265e-07
-1.702966e-07
2.124922e-07
-1.854585e-07
1.974067e-07
-1.990063e-07
1.815068e-07
-2.109723e-07
1.650018e-07
-2.2141e-07
1.480696e-07
-2.303861e-07
1.308554e-07
-2.379738e-07
1.13473e-07
-2.442465e-07
9.600642e-08
-2.492736e-07
7.851351e-08
-2.531163e-07
6.102959e-08
-2.558247e-07
4.357162e-08
-2.574362e-07
2.614221e-08
-2.579737e-07
8.733771e-09
-2.574447e-07
-8.667329e-09
-2.558417e-07
-2.607676e-08
-2.531416e-07
-4.350817e-08
-2.493071e-07
-6.096919e-08
-2.442878e-07
-7.845726e-08
-2.380225e-07
-9.595549e-08
-2.304417e-07
-1.134286e-07
-2.214716e-07
-1.308189e-07
-2.11039e-07
-1.480421e-07
-1.990767e-07
-1.649847e-07
-1.855312e-07
-1.815013e-07
-1.703697e-07
-1.974137e-07
-1.535893e-07
-2.125124e-07
-1.352251e-07
-2.265602e-07
-1.153578e-07
-2.392992e-07
-9.411984e-08
-2.504614e-07
-7.169769e-08
-2.597826e-07
-4.833084e-08
-2.670191e-07
-2.430513e-08
-2.719659e-07
-2.738128e-07
-2.678719e-08
3.005106e-07
-5.322521e-08
2.983177e-07
-7.886e-08
2.925741e-07
-1.033505e-07
2.842023e-07
-1.264187e-07
2.7347e-07
-1.478572e-07
2.606906e-07
-1.675291e-07
2.461984e-07
-1.853629e-07
2.303261e-07
-2.013434e-07
2.133872e-07
-2.155003e-07
1.956637e-07
-2.27897e-07
1.773985e-07
-2.386194e-07
1.58792e-07
-2.47766e-07
1.40002e-07
-2.554394e-07
1.211464e-07
-2.617395e-07
1.023065e-07
-2.667582e-07
8.353221e-08
-2.705754e-07
6.484672e-08
-2.732556e-07
4.625182e-08
-2.748463e-07
2.773292e-08
-2.753764e-07
9.263933e-09
-2.748558e-07
-9.188001e-09
-2.732745e-07
-2.765801e-08
-2.706037e-07
-4.617898e-08
-2.667958e-07
-6.477707e-08
-2.617861e-07
-8.346694e-08
-2.554947e-07
-1.022469e-07
-2.478294e-07
-1.210939e-07
-2.386901e-07
-1.399581e-07
-2.27974e-07
-1.587582e-07
-2.155822e-07
-1.773765e-07
-2.014286e-07
-1.95655e-07
-1.854492e-07
-2.133931e-07
-1.676139e-07
-2.303477e-07
-1.479378e-07
-2.462363e-07
-1.264922e-07
-2.607449e-07
-1.034138e-07
-2.735398e-07
-7.891042e-08
-2.84286e-07
-5.326029e-08
-2.926693e-07
-2.680517e-08
-2.98421e-07
-3.00618e-07
-2.969408e-08
3.302047e-07
-5.89443e-08
3.275679e-07
-8.719884e-08
3.208286e-07
-1.140459e-07
3.110494e-07
-1.391613e-07
2.985853e-07
-1.623156e-07
2.83845e-07
-1.833726e-07
2.672554e-07
-2.022788e-07
2.492323e-07
-2.190497e-07
2.30158e-07
-2.337536e-07
2.103676e-07
-2.46496e-07
1.901409e-07
-2.574052e-07
1.697012e-07
-2.666199e-07
1.492167e-07
-2.742789e-07
1.288054e-07
-2.805143e-07
1.085419e-07
-2.854449e-07
8.84628e-08
-2.891719e-07
6.85738e-08
-2.917765e-07
4.885641e-08
-2.933175e-07
2.927394e-08
-2.938307e-07
9.777119e-09
-2.93328e-07
-9.690676e-09
-2.917975e-07
-2.918852e-08
-2.892034e-07
-4.877307e-08
-2.854868e-07
-6.84937e-08
-2.805666e-07
-8.838721e-08
-2.743412e-07
-1.084723e-07
-2.666918e-07
-1.287433e-07
-2.574861e-07
-1.491638e-07
-2.465848e-07
-1.696595e-07
-2.338488e-07
-1.901125e-07
-2.191495e-07
-2.103543e-07
-2.023807e-07
-2.301618e-07
-1.834737e-07
-2.492547e-07
-1.624125e-07
-2.672975e-07
-1.392502e-07
-2.839072e-07
-1.141232e-07
-2.986669e-07
-8.726063e-08
-3.111485e-07
-5.898747e-08
-3.209424e-07
-2.971628e-08
-3.276922e-07
-3.303343e-07
-3.311081e-08
3.633155e-07
-6.56482e-08
3.601053e-07
-9.693165e-08
3.521121e-07
-1.264593e-07
3.405771e-07
-1.538523e-07
3.259783e-07
-1.788615e-07
3.088542e-07
-2.013599e-07
2.897538e-07
-2.213258e-07
2.691981e-07
-2.388209e-07
2.476532e-07
-2.53968e-07
2.255146e-07
-2.669289e-07
2.031019e-07
-2.778865e-07
1.806587e-07
-2.870295e-07
1.583597e-07
-2.945421e-07
1.363181e-07
-3.005943e-07
1.145941e-07
-3.053357e-07
9.320415e-08
-3.088918e-07
7.212993e-08
-3.113619e-07
5.132654e-08
-3.128176e-07
3.072957e-08
-3.133018e-07
1.026137e-08
-3.128291e-07
-1.016339e-08
-3.11385e-07
-3.063257e-08
-3.089266e-07
-5.123156e-08
-3.053821e-07
-7.203812e-08
-3.006525e-07
-9.311682e-08
-2.94612e-07
-1.145128e-07
-2.871107e-07
-1.362446e-07
-2.779786e-07
-1.58296e-07
-2.670309e-07
-1.806072e-07
-2.540784e-07
-2.03065e-07
-2.389378e-07
-2.25495e-07
-2.214463e-07
-2.476533e-07
-2.014806e-07
-2.692204e-07
-1.789783e-07
-2.897998e-07
-1.539606e-07
-3.089249e-07
-1.26554e-07
-3.260734e-07
-9.700796e-08
-3.406946e-07
-6.57018e-08
-3.522486e-07
-3.313846e-08
-3.602556e-07
-3.634727e-07
-3.717183e-08
4.004873e-07
-7.358935e-08
3.965229e-07
-1.084002e-07
3.869229e-07
-1.409876e-07
3.731645e-07
-1.709103e-07
3.55901e-07
-1.979054e-07
3.358493e-07
-2.218713e-07
3.137197e-07
-2.42839e-07
2.901658e-07
-2.609389e-07
2.657531e-07
-2.76369e-07
2.409448e-07
-2.893657e-07
2.160986e-07
-3.001817e-07
1.914747e-07
-3.090694e-07
1.672474e-07
-3.162664e-07
1.43515e-07
-3.21986e-07
1.203137e-07
-3.264127e-07
9.763088e-08
-3.296988e-07
7.541603e-08
-3.31963e-07
5.359077e-08
-3.332902e-07
3.205673e-08
-3.337311e-07
1.070227e-08
-3.333027e-07
-1.059179e-08
-3.319881e-07
-3.194712e-08
-3.297367e-07
-5.348299e-08
-3.264636e-07
-7.531118e-08
-3.220502e-07
-9.753027e-08
-3.16344e-07
-1.20219e-07
-3.091605e-07
-1.434281e-07
-3.002859e-07
-1.671706e-07
-2.894823e-07
-1.914108e-07
-2.764967e-07
-2.160506e-07
-2.610755e-07
-2.409162e-07
-2.429815e-07
-2.657473e-07
-2.220158e-07
-2.901861e-07
-1.980468e-07
-3.137688e-07
-1.710427e-07
-3.35929e-07
-1.411046e-07
-3.560115e-07
-1.084952e-07
-3.733039e-07
-7.365657e-08
-3.870873e-07
-3.720665e-08
-3.967055e-07
-4.006794e-07
-4.206204e-08
4.425494e-07
-8.311097e-08
4.375718e-07
-1.220618e-07
4.258738e-07
-1.581518e-07
4.092545e-07
-1.908725e-07
3.886217e-07
-2.199622e-07
3.64939e-07
-2.453716e-07
3.39129e-07
-2.67216e-07
3.120102e-07
-2.857264e-07
2.842636e-07
-3.012034e-07
2.564218e-07
-3.139818e-07
2.288769e-07
-3.244048e-07
2.018978e-07
-3.328007e-07
1.756434e-07
-3.394688e-07
1.501831e-07
-3.446718e-07
1.255167e-07
-3.486318e-07
1.015908e-07
-3.515291e-07
7.831339e-08
-3.535027e-07
5.556432e-08
-3.546505e-07
3.32046e-08
-3.550311e-07
1.108288e-08
-3.546639e-07
-1.0959e-08
-3.535296e-07
-3.308142e-08
-3.5157e-07
-5.544265e-08
-3.48687e-07
-7.819418e-08
-3.447419e-07
-1.014754e-07
-3.395543e-07
-1.254066e-07
-3.329019e-07
-1.500804e-07
-3.245219e-07
-1.755507e-07
-3.141143e-07
-2.018184e-07
-3.013504e-07
-2.288145e-07
-2.858858e-07
-2.563808e-07
-2.673846e-07
-2.842486e-07
-2.455448e-07
-3.120259e-07
-2.20134e-07
-3.391796e-07
-1.910355e-07
-3.650275e-07
-1.582976e-07
-3.887495e-07
-1.221815e-07
-4.0942e-07
-8.319626e-08
-4.260725e-07
-4.210646e-08
-4.377953e-07
-4.427859e-07
-4.804161e-08
4.90591e-07
-9.468845e-08
4.842186e-07
-1.385378e-07
4.697231e-07
-1.786439e-07
4.493605e-07
-2.144344e-07
4.244122e-07
-2.456796e-07
3.961843e-07
-2.72427e-07
3.658765e-07
-2.949247e-07
3.345078e-07
-3.135467e-07
3.028856e-07
-3.287335e-07
2.716086e-07
-3.40952e-07
2.410953e-07
-3.506554e-07
2.116012e-07
-3.58261e-07
1.83249e-07
-3.641382e-07
1.560602e-07
-3.686025e-07
1.29981e-07
-3.719154e-07
1.049037e-07
-3.742852e-07
8.068316e-08
-3.758699e-07
5.714902e-08
-3.7678e-07
3.41147e-08
-3.770808e-07
1.138371e-08
-3.767941e-07
-1.124575e-08
-3.758983e-07
-3.397717e-08
-3.743285e-07
-5.701246e-08
-3.719743e-07
-8.054835e-08
-3.68678e-07
-1.047717e-07
-3.642311e-07
-1.298534e-07
-3.583723e-07
-1.559392e-07
-3.507857e-07
-1.831373e-07
-3.411016e-07
-2.115025e-07
-3.289018e-07
-2.410142e-07
-3.137321e-07
-2.715505e-07
-2.951239e-07
-3.028568e-07
-2.72635e-07
-3.345147e-07
-2.458892e-07
-3.659254e-07
-2.146363e-07
-3.962804e-07
-1.78827e-07
-4.245587e-07
-1.386901e-07
-4.495569e-07
-9.479814e-08
-4.699644e-07
-4.809916e-08
-4.844943e-07
-4.90885e-07
-5.548667e-08
5.460776e-07
-1.089939e-07
5.377258e-07
-1.586849e-07
5.194142e-07
-2.033913e-07
4.940669e-07
-2.424999e-07
4.635208e-07
-2.758718e-07
4.295562e-07
-3.037242e-07
3.937289e-07
-3.265072e-07
3.572908e-07
-3.447964e-07
3.211748e-07
-3.592294e-07
2.860416e-07
-3.704374e-07
2.523033e-07
-3.790054e-07
2.201692e-07
-3.854524e-07
1.89696e-07
-3.90223e-07
1.608309e-07
-3.936874e-07
1.334454e-07
-3.961447e-07
1.07361e-07
-3.978286e-07
8.236711e-08
-3.989138e-07
5.823418e-08
-3.995207e-07
3.472161e-08
-3.997201e-07
1.158306e-08
-3.995353e-07
-1.143056e-08
-3.989432e-07
-3.456918e-08
-3.978737e-07
-5.808199e-08
-3.962065e-07
-8.22156e-08
-3.937673e-07
-1.07211e-07
-3.903225e-07
-1.332982e-07
-3.85573e-07
-1.606886e-07
-3.791488e-07
-1.895616e-07
-3.706046e-07
-2.200467e-07
-3.594207e-07
-2.521981e-07
-3.450109e-07
-2.859603e-07
-3.267421e-07
-3.211256e-07
-3.039742e-07
-3.572827e-07
-2.761285e-07
-3.937711e-07
-2.427518e-07
-4.296572e-07
-2.036238e-07
-4.636867e-07
-1.588813e-07
-4.942994e-07
-1.091372e-07
-5.197085e-07
-5.556262e-08
-5.380688e-07
-5.464476e-07
-6.495896e-08
6.110366e-07
-1.269986e-07
5.997655e-07
-1.837037e-07
5.761193e-07
-2.336503e-07
5.440135e-07
-2.762494e-07
5.061199e-07
-3.115607e-07
4.648675e-07
-3.400862e-07
4.222544e-07
-3.625728e-07
3.797773e-07
-3.798964e-07
3.384984e-07
-3.929498e-07
2.990949e-07
-4.025653e-07
2.619189e-07
-4.094805e-07
2.270844e-07
-4.143244e-07
1.945399e-07
-4.176183e-07
1.641248e-07
-4.197831e-07
1.356103e-07
-4.211504e-07
1.087283e-07
-4.219736e-07
8.319031e-08
-4.224384e-07
5.869896e-08
-4.226713e-07
3.495445e-08
-4.227457e-07
1.165746e-08
-4.226859e-07
-1.149036e-08
-4.224681e-07
-3.478692e-08
-4.220194e-07
-5.853071e-08
-4.212137e-07
-8.302127e-08
-4.198658e-07
-1.085589e-07
-4.177226e-07
-1.354414e-07
-4.144529e-07
-1.639583e-07
-4.096358e-07
-1.943787e-07
-4.027498e-07
-2.269327e-07
-3.931651e-07
-2.617828e-07
-3.801429e-07
-2.989825e-07
-3.628486e-07
-3.384199e-07
-3.403864e-07
-3.797449e-07
-3.118759e-07
-4.222815e-07
-2.765656e-07
-4.649675e-07
-2.339485e-07
-5.063038e-07
-1.839607e-07
-5.442873e-07
-1.271894e-07
-5.764797e-07
-6.506148e-08
-6.001968e-07
-6.115091e-07
-7.733029e-08
6.883669e-07
-1.501404e-07
6.725756e-07
-2.153036e-07
6.412825e-07
-2.711363e-07
5.998462e-07
-3.172251e-07
5.522087e-07
-3.540186e-07
5.016611e-07
-3.8247e-07
4.507059e-07
-4.037887e-07
4.01096e-07
-4.19265e-07
3.539747e-07
-4.301122e-07
3.09942e-07
-4.374004e-07
2.692071e-07
-4.42034e-07
2.31718e-07
-4.44753e-07
1.972589e-07
-4.461482e-07
1.6552e-07
-4.46681e-07
1.36143e-07
-4.46704e-07
1.087514e-07
-4.464801e-07
8.296634e-08
-4.461976e-07
5.841652e-08
-4.459829e-07
3.473972e-08
-4.459081e-07
1.158271e-08
-4.459971e-07
-1.140143e-08
-4.462266e-07
-3.45574e-08
-4.465251e-07
-5.823223e-08
-4.467669e-07
-8.277941e-08
-4.467643e-07
-1.085615e-07
-4.46255e-07
-1.359507e-07
-4.448869e-07
-1.653264e-07
-4.42199e-07
-1.970666e-07
-4.376006e-07
-2.315311e-07
-4.303512e-07
-2.690323e-07
-4.195453e-07
-3.097884e-07
-4.041105e-07
-3.538548e-07
-3.828295e-07
-4.010258e-07
-3.544065e-07
-4.507045e-07
-3.176247e-07
-5.017492e-07
-2.715231e-07
-5.524054e-07
-2.156453e-07
-6.001651e-07
-1.503998e-07
-6.417252e-07
-7.747256e-08
-6.731241e-07
-6.889817e-07
-9.401403e-08
7.823809e-07
-1.805995e-07
7.591611e-07
-2.559564e-07
7.166394e-07
-3.182065e-07
6.620962e-07
-3.674362e-07
6.014384e-07
-4.047947e-07
5.390196e-07
-4.319586e-07
4.778697e-07
-4.508414e-07
4.199788e-07
-4.632699e-07
3.664032e-07
-4.708458e-07
3.17518e-07
-4.749033e-07
2.732646e-07
-4.765138e-07
2.333284e-07
-4.765149e-07
1.972601e-07
-4.755478e-07
1.645529e-07
-4.74094e-07
1.346892e-07
-4.725091e-07
1.071664e-07
-4.710499e-07
8.150715e-08
-4.698948e-07
5.726142e-08
-4.691604e-07
3.400536e-08
-4.689128e-07
1.133511e-08
-4.691736e-07
-1.114068e-08
-4.699218e-07
-3.380916e-08
-4.710923e-07
-5.706177e-08
-4.725691e-07
-8.130258e-08
-4.741748e-07
-1.069559e-07
-4.756534e-07
-1.344721e-07
-4.766501e-07
-1.643296e-07
-4.766844e-07
-1.970323e-07
-4.751156e-07
-2.330999e-07
-4.711062e-07
-2.730416e-07
-4.63584e-07
-3.173106e-07
-4.512128e-07
-3.66226e-07
-4.323866e-07
-4.19852e-07
-4.052717e-07
-4.778195e-07
-3.679439e-07
-5.39077e-07
-3.187137e-07
-6.016356e-07
-2.564186e-07
-6.624602e-07
-1.809608e-07
-7.17183e-07
-9.421835e-08
-7.598665e-07
-7.832e-07
-1.174111e-07
8.99792e-07
-2.217656e-07
8.635156e-07
-3.092857e-07
8.041595e-07
-3.781089e-07
7.309194e-07
-4.294717e-07
6.528012e-07
-4.657045e-07
5.752524e-07
-4.897113e-07
5.018766e-07
-5.043609e-07
4.346284e-07
-5.121511e-07
3.741934e-07
-5.15123e-07
3.204898e-07
-5.148745e-07
2.730162e-07
-5.126192e-07
2.310732e-07
-5.09257e-07
1.938978e-07
-5.054426e-07
1.607385e-07
-5.016462e-07
1.308928e-07
-4.981978e-07
1.03718e-07
-4.953245e-07
7.86339e-08
-4.93179e-07
5.511594e-08
-4.918583e-07
3.268464e-08
-4.914161e-07
1.089286e-08
-4.918697e-07
-1.068704e-08
-4.932026e-07
-3.247622e-08
-4.95362e-07
-5.490239e-08
-4.982518e-07
-7.841279e-08
-5.017205e-07
-1.034872e-07
-5.055421e-07
-1.306505e-07
-5.093879e-07
-1.604838e-07
-5.127892e-07
-1.93631e-07
-5.150926e-07
-2.307965e-07
-5.153992e-07
-2.727351e-07
-5.124958e-07
-3.20214e-07
-5.04783e-07
-3.739387e-07
-4.902159e-07
-4.344192e-07
-4.662884e-07
-5.017469e-07
-4.301184e-07
-5.752471e-07
-3.787809e-07
-6.52973e-07
-3.099224e-07
-7.313187e-07
-2.222823e-07
-8.048231e-07
-1.177169e-07
-8.644319e-07
-9.009169e-07
-1.517838e-07
1.051576e-06
-2.790342e-07
9.90766e-07
-3.80662e-07
9.057873e-07
-4.553071e-07
8.055646e-07
-5.065285e-07
7.040225e-07
-5.387914e-07
6.075152e-07
-5.568431e-07
5.199283e-07
-5.647883e-07
4.425737e-07
-5.659007e-07
3.753058e-07
-5.626612e-07
3.172504e-07
-5.568824e-07
2.672373e-07
-5.498521e-07
2.240429e-07
-5.42466e-07
1.865118e-07
-5.353355e-07
1.536079e-07
-5.28866e-07
1.244233e-07
-5.23324e-07
9.8176e-08
-5.188815e-07
7.41914e-08
-5.156469e-07
5.188133e-08
-5.136851e-07
3.072281e-08
-5.130304e-07
1.023819e-08
-5.136939e-07
-1.002357e-08
-5.156654e-07
-3.050471e-08
-5.189115e-07
-5.165626e-08
-5.233684e-07
-7.395588e-08
-5.28929e-07
-9.79266e-08
-5.354227e-07
-1.241568e-07
-5.42585e-07
-1.533215e-07
-5.500125e-07
-1.862035e-07
-5.570962e-07
-2.237127e-07
-5.629431e-07
-2.668882e-07
-5.662672e-07
-3.168899e-07
-5.652564e-07
-3.749494e-07
-5.574276e-07
-4.422481e-07
-5.394993e-07
-5.196752e-07
-5.073505e-07
-6.073959e-07
-4.56205e-07
-7.041186e-07
-3.81555e-07
-8.059686e-07
-2.797948e-07
-9.065834e-07
-1.522648e-07
-9.919619e-07
-1.053182e-06
-2.052201e-07
1.256796e-06
-3.612132e-07
1.146759e-06
-4.780803e-07
1.022654e-06
-5.557795e-07
8.832638e-07
-6.023946e-07
7.506376e-07
-6.261231e-07
6.312437e-07
-6.341844e-07
5.279896e-07
-6.32154e-07
4.405433e-07
-6.240845e-07
3.672362e-07
-6.127949e-07
3.059608e-07
-6.001776e-07
2.5462e-07
-5.874699e-07
2.113353e-07
-5.754508e-07
1.744926e-07
-5.645929e-07
1.4275e-07
-5.551772e-07
1.150077e-07
-5.473643e-07
9.036307e-08
-5.412407e-07
6.80678e-08
-5.368498e-07
4.749044e-08
-5.342112e-07
2.808427e-08
-5.333328e-07
9.359724e-09
-5.342166e-07
-9.13976e-09
-5.368613e-07
-2.785995e-08
-5.412603e-07
-4.725733e-08
-5.473949e-07
-6.782127e-08
-5.552232e-07
-9.00983e-08
-5.646603e-07
-1.147197e-07
-5.755482e-07
-1.424336e-07
-5.876087e-07
-1.74143e-07
-6.003728e-07
-2.109487e-07
-6.130661e-07
-2.541948e-07
-6.244559e-07
-3.055001e-07
-6.32654e-07
-3.667513e-07
-6.34843e-07
-4.400591e-07
-6.269658e-07
-5.275523e-07
-6.034307e-07
-6.30931e-07
-5.569819e-07
-7.505674e-07
-4.793535e-07
-8.83597e-07
-3.623645e-07
-1.023572e-06
-2.060153e-07
-1.148311e-06
-1.259197e-06
-2.919616e-07
1.548758e-06
-4.822666e-07
1.337064e-06
-6.133318e-07
1.15372e-06
-6.87025e-07
9.56957e-07
-7.211709e-07
7.847835e-07
-7.293539e-07
6.394267e-07
-7.218537e-07
5.204894e-07
-7.057321e-07
4.244218e-07
-6.855971e-07
3.471012e-07
-6.643239e-07
2.846876e-07
-6.436277e-07
2.339238e-07
-6.244593e-07
1.921668e-07
-6.07317e-07
1.573503e-07
-5.924368e-07
1.278697e-07
-5.799049e-07
1.024758e-07
-5.69728e-07
8.018624e-08
-5.618759e-07
6.021562e-08
-5.563066e-07
4.192116e-08
-5.529823e-07
2.475994e-08
-5.518774e-07
8.254845e-09
-5.529833e-07
-8.033889e-09
-5.563094e-07
-2.453385e-08
-5.618821e-07
-4.168461e-08
-5.697405e-07
-5.99629e-08
-5.799277e-07
-7.991109e-08
-5.92476e-07
-1.021713e-07
-6.073816e-07
-1.275281e-07
-6.245616e-07
-1.569631e-07
-6.437851e-07
-1.917251e-07
-6.645605e-07
-2.334195e-07
-6.859454e-07
-2.841152e-07
-7.062348e-07
-3.46462e-07
-7.225622e-07
-4.237316e-07
-7.303248e-07
-5.197897e-07
-7.224519e-07
-6.388039e-07
-6.886264e-07
-7.843929e-07
-6.151726e-07
-9.570508e-07
-4.840674e-07
-1.154678e-06
-2.933864e-07
-1.338992e-06
-1.552583e-06
-4.526714e-07
2.001429e-06
-6.664779e-07
1.550871e-06
-8.034605e-07
1.290702e-06
-8.580382e-07
1.011535e-06
-8.664906e-07
7.932359e-07
-8.488535e-07
6.217896e-07
-8.185342e-07
4.901701e-07
-7.835418e-07
3.894294e-07
-7.484038e-07
3.119632e-07
-7.154304e-07
2.517142e-07
-6.856656e-07
2.04159e-07
-6.594958e-07
1.65997e-07
-6.369661e-07
1.348207e-07
-6.179593e-07
1.088629e-07
-6.022935e-07
8.681006e-08
-5.897766e-07
6.766926e-08
-5.802336e-07
5.067268e-08
-5.735217e-07
3.520918e-08
-5.695359e-07
2.07742e-08
-5.68213e-07
6.931894e-09
-5.695318e-07
-6.715085e-09
-5.73514e-07
-2.055166e-08
-5.802237e-07
-3.497488e-08
-5.897666e-07
-5.042001e-08
-6.02287e-07
-6.739067e-08
-6.179616e-07
-8.649672e-08
-6.369853e-07
-1.085043e-07
-6.595441e-07
-1.344043e-07
-6.857614e-07
-1.655079e-07
-7.156005e-07
-2.035804e-07
-7.486876e-07
-2.510281e-07
-7.839959e-07
-3.111537e-07
-8.19238e-07
-3.884895e-07
-8.499094e-07
-4.891183e-07
-8.680149e-07
-6.206984e-07
-8.601257e-07
-7.922822e-07
-8.06102e-07
-1.011075e-06
-6.692622e-07
-1.291517e-06
-4.551937e-07
-1.553061e-06
-2.007777e-06
-6.754746e-07
2.676904e-06
-9.199125e-07
1.795308e-06
-1.062007e-06
1.432797e-06
-1.07565e-06
1.025178e-06
-1.038799e-06
7.563844e-07
-9.81759e-07
5.647501e-07
-9.203366e-07
4.287477e-07
-8.61931e-07
3.310238e-07
-8.094056e-07
2.594378e-07
-7.635498e-07
2.058584e-07
-7.24234e-07
1.648433e-07
-6.909603e-07
1.327232e-07
-6.631286e-07
1.06989e-07
-6.40159e-07
8.589326e-08
-6.215418e-07
6.819293e-08
-6.068542e-07
5.298165e-08
-5.957608e-07
3.957929e-08
-5.880094e-07
2.745779e-08
-5.83425e-07
1.618981e-08
-5.819049e-07
5.411717e-09
-5.834151e-07
-5.204802e-09
-5.879899e-07
-1.597686e-08
-5.957324e-07
-2.723238e-08
-6.068182e-07
-3.933422e-08
-6.215005e-07
-5.270845e-08
-6.401159e-07
-6.788128e-08
-6.6309e-07
-8.553021e-08
-6.909362e-07
-1.065581e-07
-7.242408e-07
-1.322033e-07
-7.636138e-07
-1.642074e-07
-8.095691e-07
-2.050728e-07
-8.622605e-07
-2.584623e-07
-9.20935e-07
-3.29815e-07
-9.827838e-07
-4.272695e-07
-1.040478e-06
-5.63004e-07
-1.078241e-06
-7.545197e-07
-1.065811e-06
-1.023504e-06
-9.245872e-07
-1.432741e-06
-6.815835e-07
-1.796064e-06
-2.689361e-06
-1.422376e-06
4.09928e-06
-1.494921e-06
1.867853e-06
-1.483736e-06
1.421612e-06
-1.365168e-06
9.06609e-07
-1.238488e-06
6.297044e-07
-1.12222e-06
4.484822e-07
-1.020932e-06
3.274598e-07
-9.353715e-07
2.454634e-07
-8.641748e-07
1.882412e-07
-8.053256e-07
1.470092e-07
-7.568415e-07
1.163592e-07
-7.17009e-07
9.289072e-08
-6.844295e-07
7.440949e-08
-6.579952e-07
5.945891e-08
-6.368449e-07
4.704262e-08
-6.203201e-07
3.645693e-08
-6.079281e-07
2.718721e-08
-5.993123e-07
1.884201e-08
-5.942321e-07
1.110967e-08
-5.925485e-07
3.728079e-09
-5.942161e-07
-3.537186e-09
-5.992802e-07
-1.091282e-08
-6.078797e-07
-1.86328e-08
-6.202556e-07
-2.695832e-08
-6.367645e-07
-3.619957e-08
-6.579001e-07
-4.674569e-08
-6.843224e-07
-5.910795e-08
-7.168953e-07
-7.398512e-08
-7.567321e-07
-9.236648e-08
-8.05241e-07
-1.156985e-07
-8.641525e-07
-1.461613e-07
-9.354791e-07
-1.871357e-07
-1.021289e-06
-2.440047e-07
-1.12304e-06
-3.255185e-07
-1.240202e-06
-4.458428e-07
-1.368537e-06
-6.261838e-07
-1.489597e-06
-9.024447e-07
-1.50231e-06
-1.420028e-06
-1.430336e-06
-1.868039e-06
-4.119696e-06
-1.856847e-06
5.956127e-06
-1.880344e-06
1.891351e-06
-1.808976e-06
1.350244e-06
-1.608339e-06
7.059723e-07
-1.4067e-06
4.280649e-07
-1.2325e-06
2.742824e-07
-1.092084e-06
1.870437e-07
-9.808405e-07
1.342202e-07
-8.927781e-07
1.001787e-07
-8.227206e-07
7.695167e-08
-7.666521e-07
6.029071e-08
-7.215814e-07
4.782004e-08
-6.853135e-07
3.814156e-08
-6.562424e-07
3.038778e-08
-6.331919e-07
2.399216e-08
-6.153017e-07
1.856675e-08
-6.019482e-07
1.383365e-08
-5.926907e-07
9.584578e-09
-5.872365e-07
5.655404e-09
-5.854175e-07
1.909125e-09
-5.871786e-07
-1.776066e-09
-5.925734e-07
-5.518062e-09
-6.017679e-07
-9.438314e-09
-6.15053e-07
-1.367314e-08
-6.328671e-07
-1.838547e-08
-6.558311e-07
-2.378178e-08
-6.848018e-07
-3.013716e-08
-7.209515e-07
-3.783542e-08
-7.658811e-07
-4.743688e-08
-8.217797e-07
-5.97999e-08
-8.916313e-07
-7.630969e-08
-9.794418e-07
-9.93252e-08
-1.09037e-06
-1.330761e-07
-1.23037e-06
-1.855193e-07
-1.403921e-06
-2.722916e-07
-1.604173e-06
-4.259316e-07
-1.80383e-06
-7.027878e-07
-1.87401e-06
-1.349848e-06
-1.846697e-06
-1.895352e-06
-5.966393e-06
5.956127e-06
7.847477e-06
9.197721e-06
9.903693e-06
1.033176e-05
1.060604e-05
1.079308e-05
1.09273e-05
1.102748e-05
1.110443e-05
1.116473e-05
1.121255e-05
1.125069e-05
1.128107e-05
1.130507e-05
1.132363e-05
1.133747e-05
1.134705e-05
1.135271e-05
1.135462e-05
1.135284e-05
1.134732e-05
1.133788e-05
1.132421e-05
1.130583e-05
1.128204e-05
1.125191e-05
1.121407e-05
1.116663e-05
1.110683e-05
1.103052e-05
1.09312e-05
1.079812e-05
1.06126e-05
1.034031e-05
9.914381e-06
9.211593e-06
7.861745e-06
5.966393e-06
)
;

boundaryField
{
    movingWall
    {
        type            calculated;
        value           uniform 0;
    }
    fixedWalls
    {
        type            calculated;
        value           uniform 0;
    }
    frontAndBack
    {
        type            empty;
    }
}


// ************************************************************************* //
