/*--------------------------------*- C++ -*----------------------------------*\
| =========                 |                                                 |
| \\      /  F ield         | OpenFOAM: The Open Source CFD Toolbox           |
|  \\    /   O peration     | Version:  2412                                  |
|   \\  /    A nd           | Website:  www.openfoam.com                      |
|    \\/     M anipulation  |                                                 |
\*---------------------------------------------------------------------------*/
FoamFile
{
    version     2.0;
    format      ascii;
    arch        "LSB;label=32;scalar=64";
    class       volVectorField;
    location    "0.15";
    object      U;
}
// * * * * * * * * * * * * * * * * * * * * * * * * * * * * * * * * * * * * * //

dimensions      [0 1 -1 0 0 0 0];

internalField   nonuniform List<vector> 
1600
(
(-1.632262e-06 1.631659e-06 0)
(-4.890418e-06 1.625068e-06 0)
(-8.121072e-06 1.604063e-06 0)
(-1.129927e-05 1.572767e-06 0)
(-1.440482e-05 1.531449e-06 0)
(-1.741799e-05 1.480457e-06 0)
(-2.031986e-05 1.420211e-06 0)
(-2.309239e-05 1.351193e-06 0)
(-2.571856e-05 1.273942e-06 0)
(-2.81825e-05 1.18904e-06 0)
(-3.04695e-05 1.097104e-06 0)
(-3.256616e-05 9.987784e-07 0)
(-3.446034e-05 8.947258e-07 0)
(-3.614128e-05 7.856196e-07 0)
(-3.759954e-05 6.721391e-07 0)
(-3.882705e-05 5.549649e-07 0)
(-3.981712e-05 4.347758e-07 0)
(-4.056439e-05 3.122474e-07 0)
(-4.106485e-05 1.880509e-07 0)
(-4.131583e-05 6.285451e-08 0)
(-4.131601e-05 -6.26764e-08 0)
(-4.106538e-05 -1.878771e-07 0)
(-4.056526e-05 -3.120819e-07 0)
(-3.981831e-05 -4.346227e-07 0)
(-3.882853e-05 -5.548278e-07 0)
(-3.760127e-05 -6.720213e-07 0)
(-3.614322e-05 -7.855241e-07 0)
(-3.446245e-05 -8.94655e-07 0)
(-3.256838e-05 -9.987343e-07 0)
(-3.047179e-05 -1.097087e-06 0)
(-2.818479e-05 -1.189052e-06 0)
(-2.57208e-05 -1.273982e-06 0)
(-2.309452e-05 -1.351261e-06 0)
(-2.032183e-05 -1.420304e-06 0)
(-1.741975e-05 -1.480574e-06 0)
(-1.440632e-05 -1.531586e-06 0)
(-1.130049e-05 -1.572921e-06 0)
(-8.121959e-06 -1.604231e-06 0)
(-4.89096e-06 -1.625245e-06 0)
(-1.632444e-06 -1.631841e-06 0)
(-1.646744e-06 4.909759e-06 0)
(-4.933781e-06 4.889898e-06 0)
(-8.192998e-06 4.826647e-06 0)
(-1.139919e-05 4.732408e-06 0)
(-1.453193e-05 4.607998e-06 0)
(-1.757131e-05 4.454469e-06 0)
(-2.049821e-05 4.273088e-06 0)
(-2.329444e-05 4.065317e-06 0)
(-2.594284e-05 3.832779e-06 0)
(-2.842741e-05 3.577233e-06 0)
(-3.073337e-05 3.300541e-06 0)
(-3.28472e-05 3.004647e-06 0)
(-3.475674e-05 2.691544e-06 0)
(-3.645117e-05 2.363263e-06 0)
(-3.792102e-05 2.021847e-06 0)
(-3.915821e-05 1.669342e-06 0)
(-4.015602e-05 1.307789e-06 0)
(-4.09091e-05 9.392154e-07 0)
(-4.141343e-05 5.656377e-07 0)
(-4.166636e-05 1.890599e-07 0)
(-4.166654e-05 -1.885213e-07 0)
(-4.141398e-05 -5.651119e-07 0)
(-4.090999e-05 -9.387149e-07 0)
(-4.015724e-05 -1.307326e-06 0)
(-3.915972e-05 -1.668927e-06 0)
(-3.792279e-05 -2.021491e-06 0)
(-3.645316e-05 -2.362974e-06 0)
(-3.475891e-05 -2.69133e-06 0)
(-3.284949e-05 -3.004513e-06 0)
(-3.073571e-05 -3.300492e-06 0)
(-2.842976e-05 -3.577269e-06 0)
(-2.594514e-05 -3.832901e-06 0)
(-2.329662e-05 -4.065521e-06 0)
(-2.050023e-05 -4.27337e-06 0)
(-1.757311e-05 -4.454822e-06 0)
(-1.453347e-05 -4.608414e-06 0)
(-1.140043e-05 -4.732876e-06 0)
(-8.193909e-06 -4.827157e-06 0)
(-4.934336e-06 -4.890435e-06 0)
(-1.64693e-06 -4.910309e-06 0)
(-1.667938e-06 8.223666e-06 0)
(-4.997234e-06 8.190315e-06 0)
(-8.29821e-06 8.084216e-06 0)
(-1.154524e-05 7.926147e-06 0)
(-1.471758e-05 7.717492e-06 0)
(-1.779501e-05 7.46003e-06 0)
(-2.075814e-05 7.155906e-06 0)
(-2.358852e-05 6.807586e-06 0)
(-2.626882e-05 6.417811e-06 0)
(-2.878287e-05 5.989545e-06 0)
(-3.111575e-05 5.525926e-06 0)
(-3.325389e-05 5.030221e-06 0)
(-3.518504e-05 4.50578e-06 0)
(-3.689835e-05 3.956007e-06 0)
(-3.838436e-05 3.384325e-06 0)
(-3.963498e-05 2.794157e-06 0)
(-4.064351e-05 2.18891e-06 0)
(-4.14046e-05 1.571969e-06 0)
(-4.191428e-05 9.466951e-07 0)
(-4.216987e-05 3.16426e-07 0)
(-4.217006e-05 -3.155138e-07 0)
(-4.191485e-05 -9.458046e-07 0)
(-4.140554e-05 -1.571122e-06 0)
(-4.064478e-05 -2.188125e-06 0)
(-3.963656e-05 -2.793454e-06 0)
(-3.838622e-05 -3.383722e-06 0)
(-3.690044e-05 -3.955518e-06 0)
(-3.51873e-05 -4.505417e-06 0)
(-3.325628e-05 -5.029994e-06 0)
(-3.111821e-05 -5.525842e-06 0)
(-2.878533e-05 -5.989605e-06 0)
(-2.627123e-05 -6.418016e-06 0)
(-2.359082e-05 -6.807931e-06 0)
(-2.076026e-05 -7.156384e-06 0)
(-1.779691e-05 -7.460629e-06 0)
(-1.471921e-05 -7.718198e-06 0)
(-1.154655e-05 -7.926941e-06 0)
(-8.299166e-06 -8.08508e-06 0)
(-4.997818e-06 -8.191225e-06 0)
(-1.668134e-06 -8.224599e-06 0)
(-1.69997e-06 1.159062e-05 0)
(-5.093128e-06 1.154344e-05 0)
(-8.457198e-06 1.139356e-05 0)
(-1.176593e-05 1.11703e-05 0)
(-1.499807e-05 1.087563e-05 0)
(-1.813293e-05 1.05121e-05 0)
(-2.115069e-05 1.008278e-05 0)
(-2.403258e-05 9.591178e-06 0)
(-2.676093e-05 9.041214e-06 0)
(-2.931935e-05 8.437103e-06 0)
(-3.169275e-05 7.783304e-06 0)
(-3.386741e-05 7.084447e-06 0)
(-3.583103e-05 6.345278e-06 0)
(-3.757269e-05 5.570601e-06 0)
(-3.908294e-05 4.76524e-06 0)
(-4.03537e-05 3.93401e-06 0)
(-4.137828e-05 3.081694e-06 0)
(-4.215139e-05 2.213036e-06 0)
(-4.266906e-05 1.332735e-06 0)
(-4.292865e-05 4.454583e-07 0)
(-4.292885e-05 -4.441511e-07 0)
(-4.266967e-05 -1.331459e-06 0)
(-4.215239e-05 -2.211821e-06 0)
(-4.137965e-05 -3.08057e-06 0)
(-4.035539e-05 -3.933003e-06 0)
(-3.908493e-05 -4.764374e-06 0)
(-3.757493e-05 -5.569898e-06 0)
(-3.583345e-05 -6.344757e-06 0)
(-3.386997e-05 -7.084121e-06 0)
(-3.169538e-05 -7.783181e-06 0)
(-2.932199e-05 -8.437189e-06 0)
(-2.676351e-05 -9.041507e-06 0)
(-2.403504e-05 -9.591673e-06 0)
(-2.115297e-05 -1.008346e-05 0)
(-1.813496e-05 -1.051296e-05 0)
(-1.499981e-05 -1.087664e-05 0)
(-1.176733e-05 -1.117144e-05 0)
(-8.458225e-06 -1.13948e-05 0)
(-5.093755e-06 -1.154474e-05 0)
(-1.70018e-06 -1.159196e-05 0)
(-1.743125e-06 1.503272e-05 0)
(-5.222318e-06 1.497122e-05 0)
(-8.67137e-06 1.477624e-05 0)
(-1.206318e-05 1.448582e-05 0)
(-1.537578e-05 1.41026e-05 0)
(-1.858787e-05 1.362995e-05 0)
(-2.167906e-05 1.30719e-05 0)
(-2.463009e-05 1.243312e-05 0)
(-2.74229e-05 1.171876e-05 0)
(-3.004078e-05 1.093435e-05 0)
(-3.246841e-05 1.008574e-05 0)
(-3.469191e-05 9.178993e-06 0)
(-3.669888e-05 8.220292e-06 0)
(-3.847839e-05 7.215887e-06 0)
(-4.002095e-05 6.172034e-06 0)
(-4.131852e-05 5.094959e-06 0)
(-4.236448e-05 3.99083e-06 0)
(-4.315356e-05 2.86575e-06 0)
(-4.368185e-05 1.725754e-06 0)
(-4.394676e-05 5.768249e-07 0)
(-4.394698e-05 -5.750918e-07 0)
(-4.368251e-05 -1.724062e-06 0)
(-4.315465e-05 -2.864138e-06 0)
(-4.236596e-05 -3.989338e-06 0)
(-4.132037e-05 -5.093621e-06 0)
(-4.002311e-05 -6.170884e-06 0)
(-3.848082e-05 -7.214953e-06 0)
(-3.670153e-05 -8.219598e-06 0)
(-3.46947e-05 -9.178557e-06 0)
(-3.247128e-05 -1.008558e-05 0)
(-3.004366e-05 -1.093446e-05 0)
(-2.742572e-05 -1.171915e-05 0)
(-2.463277e-05 -1.243378e-05 0)
(-2.168155e-05 -1.307281e-05 0)
(-1.859009e-05 -1.363109e-05 0)
(-1.537768e-05 -1.410395e-05 0)
(-1.206471e-05 -1.448734e-05 0)
(-8.672493e-06 -1.477789e-05 0)
(-5.223004e-06 -1.497296e-05 0)
(-1.743356e-06 -1.50345e-05 0)
(-1.797794e-06 1.857261e-05 0)
(-5.385963e-06 1.849612e-05 0)
(-8.942624e-06 1.825427e-05 0)
(-1.243957e-05 1.78941e-05 0)
(-1.585395e-05 1.741897e-05 0)
(-1.916363e-05 1.683314e-05 0)
(-2.234752e-05 1.614174e-05 0)
(-2.538572e-05 1.535064e-05 0)
(-2.825971e-05 1.446634e-05 0)
(-3.095237e-05 1.349579e-05 0)
(-3.344811e-05 1.244632e-05 0)
(-3.573286e-05 1.13255e-05 0)
(-3.779413e-05 1.014102e-05 0)
(-3.962095e-05 8.900632e-06 0)
(-4.120387e-05 7.612063e-06 0)
(-4.25349e-05 6.282973e-06 0)
(-4.360749e-05 4.920927e-06 0)
(-4.441647e-05 3.533387e-06 0)
(-4.495798e-05 2.127712e-06 0)
(-4.52295e-05 7.111806e-07 0)
(-4.522974e-05 -7.089808e-07 0)
(-4.495871e-05 -2.125564e-06 0)
(-4.441766e-05 -3.531341e-06 0)
(-4.360913e-05 -4.919032e-06 0)
(-4.253694e-05 -6.281273e-06 0)
(-4.120626e-05 -7.610601e-06 0)
(-3.962364e-05 -8.899444e-06 0)
(-3.779706e-05 -1.014014e-05 0)
(-3.573595e-05 -1.132494e-05 0)
(-3.345129e-05 -1.244611e-05 0)
(-3.095556e-05 -1.349593e-05 0)
(-2.826283e-05 -1.446682e-05 0)
(-2.53887e-05 -1.535147e-05 0)
(-2.235027e-05 -1.614289e-05 0)
(-1.91661e-05 -1.683459e-05 0)
(-1.585606e-05 -1.742068e-05 0)
(-1.244127e-05 -1.789603e-05 0)
(-8.943874e-06 -1.825636e-05 0)
(-5.386726e-06 -1.849833e-05 0)
(-1.798051e-06 -1.857487e-05 0)
(-1.864481e-06 2.223378e-05 0)
(-5.585564e-06 2.214147e-05 0)
(-9.273423e-06 2.18505e-05 0)
(-1.289847e-05 2.141729e-05 0)
(-1.643675e-05 2.084599e-05 0)
(-1.98651e-05 2.014186e-05 0)
(-2.316156e-05 1.931124e-05 0)
(-2.630549e-05 1.836135e-05 0)
(-2.927776e-05 1.730014e-05 0)
(-3.20608e-05 1.613614e-05 0)
(-3.46387e-05 1.487826e-05 0)
(-3.699721e-05 1.353567e-05 0)
(-3.912375e-05 1.211767e-05 0)
(-4.100734e-05 1.063358e-05 0)
(-4.263861e-05 9.09263e-06 0)
(-4.400966e-05 7.503958e-06 0)
(-4.511407e-05 5.876534e-06 0)
(-4.594678e-05 4.219171e-06 0)
(-4.650406e-05 2.540533e-06 0)
(-4.678345e-05 8.491687e-07 0)
(-4.678373e-05 -8.464506e-07 0)
(-4.650488e-05 -2.537878e-06 0)
(-4.594811e-05 -4.216641e-06 0)
(-4.511589e-05 -5.87419e-06 0)
(-4.401194e-05 -7.501855e-06 0)
(-4.264128e-05 -9.090819e-06 0)
(-4.101036e-05 -1.06321e-05 0)
(-3.912702e-05 -1.211657e-05 0)
(-3.700067e-05 -1.353498e-05 0)
(-3.464226e-05 -1.487799e-05 0)
(-3.206438e-05 -1.613631e-05 0)
(-2.928126e-05 -1.730075e-05 0)
(-2.630884e-05 -1.836237e-05 0)
(-2.316466e-05 -1.931266e-05 0)
(-1.986788e-05 -2.014365e-05 0)
(-1.643913e-05 -2.08481e-05 0)
(-1.290039e-05 -2.141968e-05 0)
(-9.274831e-06 -2.185309e-05 0)
(-5.586424e-06 -2.214421e-05 0)
(-1.86477e-06 -2.223659e-05 0)
(-1.943817e-06 2.604089e-05 0)
(-5.823002e-06 2.59317e-05 0)
(-9.666845e-06 2.558883e-05 0)
(-1.344408e-05 2.50785e-05 0)
(-1.712938e-05 2.440576e-05 0)
(-2.069838e-05 2.357702e-05 0)
(-2.412803e-05 2.259997e-05 0)
(-2.739682e-05 2.148335e-05 0)
(-3.048492e-05 2.023674e-05 0)
(-3.337426e-05 1.887038e-05 0)
(-3.604858e-05 1.739492e-05 0)
(-3.849345e-05 1.582127e-05 0)
(-4.069623e-05 1.416045e-05 0)
(-4.264599e-05 1.24234e-05 0)
(-4.433349e-05 1.062095e-05 0)
(-4.5751e-05 8.763717e-06 0)
(-4.689228e-05 6.862098e-06 0)
(-4.775247e-05 4.926242e-06 0)
(-4.832798e-05 2.96609e-06 0)
(-4.861648e-05 9.914146e-07 0)
(-4.861679e-05 -9.881149e-07 0)
(-4.83289e-05 -2.962866e-06 0)
(-4.775398e-05 -4.92317e-06 0)
(-4.689434e-05 -6.85925e-06 0)
(-4.575357e-05 -8.761159e-06 0)
(-4.433651e-05 -1.061874e-05 0)
(-4.26494e-05 -1.24216e-05 0)
(-4.069993e-05 -1.41591e-05 0)
(-3.849737e-05 -1.582042e-05 0)
(-3.605262e-05 -1.739458e-05 0)
(-3.337832e-05 -1.887057e-05 0)
(-3.04889e-05 -2.023746e-05 0)
(-2.740062e-05 -2.148459e-05 0)
(-2.413155e-05 -2.26017e-05 0)
(-2.070154e-05 -2.35792e-05 0)
(-1.713209e-05 -2.440834e-05 0)
(-1.344626e-05 -2.508141e-05 0)
(-9.66845e-06 -2.559199e-05 0)
(-5.823982e-06 -2.593504e-05 0)
(-1.944146e-06 -2.604431e-05 0)
(-2.036579e-06 3.001999e-05 0)
(-6.100587e-06 2.989262e-05 0)
(-1.012667e-05 2.949445e-05 0)
(-1.408154e-05 2.890203e-05 0)
(-1.793822e-05 2.812145e-05 0)
(-2.167089e-05 2.716044e-05 0)
(-2.525523e-05 2.602824e-05 0)
(-2.866872e-05 2.473531e-05 0)
(-3.189073e-05 2.329308e-05 0)
(-3.490262e-05 2.171371e-05 0)
(-3.76878e-05 2.000977e-05 0)
(-4.023168e-05 1.819408e-05 0)
(-4.252163e-05 1.627947e-05 0)
(-4.454684e-05 1.427865e-05 0)
(-4.629828e-05 1.220407e-05 0)
(-4.77685e-05 1.00679e-05 0)
(-4.895154e-05 7.881925e-06 0)
(-4.984279e-05 5.65763e-06 0)
(-5.043889e-05 3.40618e-06 0)
(-5.073766e-05 1.138519e-06 0)
(-5.073801e-05 -1.134561e-06 0)
(-5.043993e-05 -3.402314e-06 0)
(-4.98445e-05 -5.653943e-06 0)
(-4.895388e-05 -7.878504e-06 0)
(-4.777143e-05 -1.006482e-05 0)
(-4.630172e-05 -1.220142e-05 0)
(-4.455072e-05 -1.427648e-05 0)
(-4.252585e-05 -1.627785e-05 0)
(-4.023615e-05 -1.819305e-05 0)
(-3.769241e-05 -2.000936e-05 0)
(-3.490726e-05 -2.171393e-05 0)
(-3.189528e-05 -2.329394e-05 0)
(-2.867308e-05 -2.473679e-05 0)
(-2.525928e-05 -2.603031e-05 0)
(-2.167451e-05 -2.716306e-05 0)
(-1.794133e-05 -2.812455e-05 0)
(-1.408405e-05 -2.890554e-05 0)
(-1.012852e-05 -2.949827e-05 0)
(-6.101714e-06 -2.989665e-05 0)
(-2.036958e-06 -3.002413e-05 0)
(-2.143713e-06 3.419887e-05 0)
(-6.421128e-06 3.405171e-05 0)
(-1.065749e-05 3.359413e-05 0)
(-1.481708e-05 3.291362e-05 0)
(-1.887097e-05 3.201747e-05 0)
(-2.279159e-05 3.091498e-05 0)
(-2.655316e-05 2.961718e-05 0)
(-3.013197e-05 2.813653e-05 0)
(-3.350651e-05 2.648658e-05 0)
(-3.665757e-05 2.468162e-05 0)
(-3.956821e-05 2.273641e-05 0)
(-4.222375e-05 2.066585e-05 0)
(-4.461166e-05 1.848475e-05 0)
(-4.672139e-05 1.620769e-05 0)
(-4.854424e-05 1.384884e-05 0)
(-5.007314e-05 1.142191e-05 0)
(-5.130255e-05 8.94011e-06 0)
(-5.222821e-05 6.416194e-06 0)
(-5.28471e-05 3.862499e-06 0)
(-5.315722e-05 1.291046e-06 0)
(-5.315762e-05 -1.286339e-06 0)
(-5.284828e-05 -3.857899e-06 0)
(-5.223017e-05 -6.411806e-06 0)
(-5.130522e-05 -8.936035e-06 0)
(-5.007648e-05 -1.141824e-05 0)
(-4.854817e-05 -1.384567e-05 0)
(-4.672583e-05 -1.62051e-05 0)
(-4.46165e-05 -1.84828e-05 0)
(-4.222888e-05 -2.06646e-05 0)
(-3.95735e-05 -2.27359e-05 0)
(-3.66629e-05 -2.468187e-05 0)
(-3.351176e-05 -2.648759e-05 0)
(-3.013699e-05 -2.813829e-05 0)
(-2.655782e-05 -2.961965e-05 0)
(-2.279577e-05 -3.09181e-05 0)
(-1.887457e-05 -3.202117e-05 0)
(-1.481998e-05 -3.29178e-05 0)
(-1.065963e-05 -3.35987e-05 0)
(-6.422431e-06 -3.405654e-05 0)
(-2.144151e-06 -3.420382e-05 0)
(-2.266357e-06 3.860736e-05 0)
(-6.78801e-06 3.843846e-05 0)
(-1.126483e-05 3.791652e-05 0)
(-1.56582e-05 3.714069e-05 0)
(-1.993686e-05 3.611973e-05 0)
(-2.407118e-05 3.486475e-05 0)
(-2.803369e-05 3.338892e-05 0)
(-3.179933e-05 3.170703e-05 0)
(-3.534564e-05 2.983507e-05 0)
(-3.865278e-05 2.778981e-05 0)
(-4.170358e-05 2.558844e-05 0)
(-4.448335e-05 2.324819e-05 0)
(-4.697978e-05 2.078605e-05 0)
(-4.918275e-05 1.821858e-05 0)
(-5.108407e-05 1.556174e-05 0)
(-5.267723e-05 1.283083e-05 0)
(-5.395725e-05 1.004045e-05 0)
(-5.49204e-05 7.204569e-06 0)
(-5.556404e-05 4.336593e-06 0)
(-5.588649e-05 1.449512e-06 0)
(-5.588695e-05 -1.443949e-06 0)
(-5.55654e-05 -4.331155e-06 0)
(-5.492263e-05 -7.199379e-06 0)
(-5.396032e-05 -1.003563e-05 0)
(-5.268106e-05 -1.282649e-05 0)
(-5.108858e-05 -1.555798e-05 0)
(-4.918785e-05 -1.821549e-05 0)
(-4.698535e-05 -2.078372e-05 0)
(-4.448925e-05 -2.324669e-05 0)
(-4.170968e-05 -2.558781e-05 0)
(-3.865895e-05 -2.779008e-05 0)
(-3.53517e-05 -2.983624e-05 0)
(-3.180514e-05 -3.17091e-05 0)
(-2.803909e-05 -3.339184e-05 0)
(-2.407604e-05 -3.486845e-05 0)
(-1.994103e-05 -3.612412e-05 0)
(-1.566157e-05 -3.714567e-05 0)
(-1.126732e-05 -3.792196e-05 0)
(-6.789528e-06 -3.84442e-05 0)
(-2.266868e-06 -3.861326e-05 0)
(-2.405887e-06 4.327783e-05 0)
(-7.205313e-06 4.308478e-05 0)
(-1.195534e-05 4.249253e-05 0)
(-1.661387e-05 4.161271e-05 0)
(-2.114691e-05 4.045586e-05 0)
(-2.552239e-05 3.903528e-05 0)
(-2.971088e-05 3.736667e-05 0)
(-3.368583e-05 3.546758e-05 0)
(-3.742373e-05 3.335686e-05 0)
(-4.090419e-05 3.105415e-05 0)
(-4.410983e-05 2.857942e-05 0)
(-4.702615e-05 2.595248e-05 0)
(-4.964127e-05 2.319275e-05 0)
(-5.19457e-05 2.031891e-05 0)
(-5.393198e-05 1.734879e-05 0)
(-5.559443e-05 1.429929e-05 0)
(-5.692881e-05 1.118635e-05 0)
(-5.793207e-05 8.025075e-06 0)
(-5.860215e-05 4.829814e-06 0)
(-5.893776e-05 1.614365e-06 0)
(-5.893829e-05 -1.607823e-06 0)
(-5.860371e-05 -4.823416e-06 0)
(-5.793464e-05 -8.018964e-06 0)
(-5.693233e-05 -1.118067e-05 0)
(-5.559883e-05 -1.429416e-05 0)
(-5.393718e-05 -1.734434e-05 0)
(-5.195157e-05 -2.031525e-05 0)
(-4.964769e-05 -2.318998e-05 0)
(-4.703297e-05 -2.595068e-05 0)
(-4.41169e-05 -2.857864e-05 0)
(-4.091133e-05 -3.105444e-05 0)
(-3.743077e-05 -3.335822e-05 0)
(-3.369259e-05 -3.547e-05 0)
(-2.971718e-05 -3.73701e-05 0)
(-2.552805e-05 -3.903965e-05 0)
(-2.115178e-05 -4.046106e-05 0)
(-1.661782e-05 -4.161861e-05 0)
(-1.195824e-05 -4.249898e-05 0)
(-7.207089e-06 -4.30916e-05 0)
(-2.406485e-06 -4.328483e-05 0)
(-2.563957e-06 4.824565e-05 0)
(-7.677943e-06 4.802552e-05 0)
(-1.273699e-05 4.735579e-05 0)
(-1.769487e-05 4.636157e-05 0)
(-2.251429e-05 4.505556e-05 0)
(-2.716036e-05 4.345374e-05 0)
(-3.160139e-05 4.157485e-05 0)
(-3.580914e-05 3.943975e-05 0)
(-3.975906e-05 3.707066e-05 0)
(-4.343023e-05 3.449059e-05 0)
(-4.680525e-05 3.172266e-05 0)
(-4.987001e-05 2.878967e-05 0)
(-5.261336e-05 2.571366e-05 0)
(-5.502672e-05 2.251561e-05 0)
(-5.710369e-05 1.921531e-05 0)
(-5.883967e-05 1.583125e-05 0)
(-6.023146e-05 1.238065e-05 0)
(-6.127694e-05 8.879613e-06 0)
(-6.197475e-05 5.343252e-06 0)
(-6.232413e-05 1.785966e-06 0)
(-6.232473e-05 -1.778299e-06 0)
(-6.197654e-05 -5.335751e-06 0)
(-6.127988e-05 -8.872443e-06 0)
(-6.023551e-05 -1.237397e-05 0)
(-5.884474e-05 -1.582521e-05 0)
(-5.710967e-05 -1.921007e-05 0)
(-5.503349e-05 -2.251128e-05 0)
(-5.262078e-05 -2.571036e-05 0)
(-4.987791e-05 -2.878751e-05 0)
(-4.681344e-05 -3.17217e-05 0)
(-4.343853e-05 -3.449088e-05 0)
(-3.976726e-05 -3.707222e-05 0)
(-3.581702e-05 -3.944256e-05 0)
(-3.160874e-05 -4.157887e-05 0)
(-2.716699e-05 -4.345887e-05 0)
(-2.252e-05 -4.506169e-05 0)
(-1.76995e-05 -4.636854e-05 0)
(-1.274039e-05 -4.736342e-05 0)
(-7.680029e-06 -4.80336e-05 0)
(-2.564659e-06 -4.825395e-05 0)
(-2.742566e-06 5.354983e-05 0)
(-8.21182e-06 5.329902e-05 0)
(-1.361939e-05 5.254313e-05 0)
(-1.891411e-05 5.142196e-05 0)
(-2.405474e-05 4.995087e-05 0)
(-2.90031e-05 4.814913e-05 0)
(-3.372487e-05 4.60392e-05 0)
(-3.819002e-05 4.364589e-05 0)
(-4.237289e-05 4.099551e-05 0)
(-4.625219e-05 3.811495e-05 0)
(-4.981074e-05 3.503108e-05 0)
(-5.303515e-05 3.177001e-05 0)
(-5.591533e-05 2.835673e-05 0)
(-5.844405e-05 2.481469e-05 0)
(-6.061635e-05 2.116571e-05 0)
(-6.242909e-05 1.742984e-05 0)
(-6.388045e-05 1.362547e-05 0)
(-6.496948e-05 9.769526e-06 0)
(-6.56958e-05 5.877647e-06 0)
(-6.605931e-05 1.964558e-06 0)
(-6.606e-05 -1.9556e-06 0)
(-6.569786e-05 -5.868879e-06 0)
(-6.497286e-05 -9.761137e-06 0)
(-6.38851e-05 -1.361765e-05 0)
(-6.243493e-05 -1.742275e-05 0)
(-6.062325e-05 -2.115953e-05 0)
(-5.845187e-05 -2.480958e-05 0)
(-5.592392e-05 -2.835281e-05 0)
(-5.304431e-05 -3.176741e-05 0)
(-4.982027e-05 -3.502989e-05 0)
(-4.626186e-05 -3.811523e-05 0)
(-4.238245e-05 -4.099728e-05 0)
(-3.819923e-05 -4.364916e-05 0)
(-3.373348e-05 -4.604389e-05 0)
(-2.901087e-05 -4.815515e-05 0)
(-2.406145e-05 -4.995809e-05 0)
(-1.891955e-05 -5.143019e-05 0)
(-1.36234e-05 -5.255215e-05 0)
(-8.21428e-06 -5.330858e-05 0)
(-2.743394e-06 -5.355966e-05 0)
(-2.944136e-06 5.923379e-05 0)
(-8.814112e-06 5.894783e-05 0)
(-1.461414e-05 5.809527e-05 0)
(-2.028713e-05 5.683198e-05 0)
(-2.578713e-05 5.517663e-05 0)
(-3.107204e-05 5.315257e-05 0)
(-3.610462e-05 5.078686e-05 0)
(-4.085283e-05 4.810915e-05 0)
(-4.529e-05 4.515059e-05 0)
(-4.939466e-05 4.194277e-05 0)
(-5.315019e-05 3.851683e-05 0)
(-5.654436e-05 3.490273e-05 0)
(-5.956867e-05 3.11287e-05 0)
(-6.221773e-05 2.722088e-05 0)
(-6.448855e-05 2.320313e-05 0)
(-6.637991e-05 1.909703e-05 0)
(-6.789178e-05 1.492197e-05 0)
(-6.902476e-05 1.069544e-05 0)
(-6.977972e-05 6.433292e-06 0)
(-7.015738e-05 2.150232e-06 0)
(-7.015817e-05 -2.139792e-06 0)
(-6.978208e-05 -6.423069e-06 0)
(-6.902865e-05 -1.068564e-05 0)
(-6.789713e-05 -1.491282e-05 0)
(-6.638662e-05 -1.908872e-05 0)
(-6.44965e-05 -2.319587e-05 0)
(-6.222677e-05 -2.721484e-05 0)
(-5.957861e-05 -3.112405e-05 0)
(-5.655499e-05 -3.48996e-05 0)
(-5.316127e-05 -3.851535e-05 0)
(-4.940592e-05 -4.194301e-05 0)
(-4.530118e-05 -4.51526e-05 0)
(-4.086363e-05 -4.811291e-05 0)
(-3.611474e-05 -5.079232e-05 0)
(-3.108119e-05 -5.315962e-05 0)
(-2.579504e-05 -5.518511e-05 0)
(-2.029356e-05 -5.684167e-05 0)
(-1.461889e-05 -5.810593e-05 0)
(-8.817022e-06 -5.895914e-05 0)
(-2.945116e-06 -5.924542e-05 0)
(-3.17162e-06 6.534628e-05 0)
(-9.493546e-06 6.501963e-05 0)
(-1.573535e-05 6.405756e-05 0)
(-2.183275e-05 6.263366e-05 0)
(-2.773415e-05 6.077083e-05 0)
(-3.339287e-05 5.849752e-05 0)
(-3.876829e-05 5.584648e-05 0)
(-4.382629e-05 5.285331e-05 0)
(-4.853928e-05 4.955506e-05 0)
(-5.288596e-05 4.598887e-05 0)
(-5.685078e-05 4.219094e-05 0)
(-6.042328e-05 3.819558e-05 0)
(-6.359718e-05 3.403467e-05 0)
(-6.636961e-05 2.973718e-05 0)
(-6.87402e-05 2.532907e-05 0)
(-7.071025e-05 2.083331e-05 0)
(-7.228204e-05 1.627006e-05 0)
(-7.345816e-05 1.165703e-05 0)
(-7.4241e-05 7.0099e-06 0)
(-7.46324e-05 2.342882e-06 0)
(-7.46333e-05 -2.330745e-06 0)
(-7.424371e-05 -6.998006e-06 0)
(-7.346262e-05 -1.164562e-05 0)
(-7.228818e-05 -1.625938e-05 0)
(-7.071797e-05 -2.082359e-05 0)
(-6.874936e-05 -2.532054e-05 0)
(-6.638005e-05 -2.973005e-05 0)
(-6.360868e-05 -3.402913e-05 0)
(-6.043561e-05 -3.819182e-05 0)
(-5.686367e-05 -4.218909e-05 0)
(-5.28991e-05 -4.598904e-05 0)
(-4.855236e-05 -4.95573e-05 0)
(-4.383896e-05 -5.285763e-05 0)
(-3.878019e-05 -5.585282e-05 0)
(-3.340366e-05 -5.850576e-05 0)
(-2.77435e-05 -6.078079e-05 0)
(-2.184036e-05 -6.264509e-05 0)
(-1.574098e-05 -6.407014e-05 0)
(-9.497002e-06 -6.503301e-05 0)
(-3.172784e-06 -6.536005e-05 0)
(-3.428643e-06 7.19426e-05 0)
(-1.026082e-05 7.156833e-05 0)
(-1.700024e-05 7.048095e-05 0)
(-2.357385e-05 6.887382e-05 0)
(-2.992327e-05 6.677521e-05 0)
(-3.59964e-05 6.422004e-05 0)
(-4.174882e-05 6.12482e-05 0)
(-4.714425e-05 5.790267e-05 0)
(-5.215444e-05 5.422765e-05 0)
(-5.675878e-05 5.026697e-05 0)
(-6.094348e-05 4.606273e-05 0)
(-6.470063e-05 4.165427e-05 0)
(-6.802708e-05 3.707746e-05 0)
(-7.092333e-05 3.236432e-05 0)
(-7.339241e-05 2.754286e-05 0)
(-7.543892e-05 2.263724e-05 0)
(-7.706806e-05 1.766805e-05 0)
(-7.828492e-05 1.265279e-05 0)
(-7.909386e-05 7.606448e-06 0)
(-7.949802e-05 2.542159e-06 0)
(-7.949906e-05 -2.528078e-06 0)
(-7.909695e-05 -7.592641e-06 0)
(-7.829003e-05 -1.263953e-05 0)
(-7.70751e-05 -1.76556e-05 0)
(-7.544778e-05 -2.262588e-05 0)
(-7.340296e-05 -2.753285e-05 0)
(-7.093536e-05 -3.23559e-05 0)
(-6.804038e-05 -3.707088e-05 0)
(-6.471494e-05 -4.164972e-05 0)
(-6.095849e-05 -4.60604e-05 0)
(-5.677414e-05 -5.0267e-05 0)
(-5.216977e-05 -5.423012e-05 0)
(-4.715915e-05 -5.79076e-05 0)
(-4.176287e-05 -6.125555e-05 0)
(-3.600917e-05 -6.422966e-05 0)
(-2.993437e-05 -6.67869e-05 0)
(-2.358291e-05 -6.888729e-05 0)
(-1.700694e-05 -7.049582e-05 0)
(-1.026494e-05 -7.158417e-05 0)
(-3.430031e-06 -7.195892e-05 0)
(-3.719688e-06 7.908611e-05 0)
(-1.112914e-05 7.865544e-05 0)
(-1.843e-05 7.742317e-05 0)
(-2.553848e-05 7.560489e-05 0)
(-3.238793e-05 7.323578e-05 0)
(-3.891987e-05 7.035906e-05 0)
(-4.508566e-05 6.702365e-05 0)
(-5.084684e-05 6.328168e-05 0)
(-5.617498e-05 5.918617e-05 0)
(-6.105088e-05 5.478895e-05 0)
(-6.546348e-05 5.013909e-05 0)
(-6.940854e-05 4.528164e-05 0)
(-7.288713e-05 4.02569e-05 0)
(-7.590422e-05 3.510004e-05 0)
(-7.846728e-05 2.984102e-05 0)
(-8.058506e-05 2.45049e-05 0)
(-8.226649e-05 1.911223e-05 0)
(-8.351975e-05 1.367972e-05 0)
(-8.435163e-05 8.220996e-06 0)
(-8.476692e-05 2.747399e-06 0)
(-8.47681e-05 -2.731102e-06 0)
(-8.435516e-05 -8.205003e-06 0)
(-8.352558e-05 -1.366434e-05 0)
(-8.227453e-05 -1.909775e-05 0)
(-8.059521e-05 -2.449164e-05 0)
(-7.847939e-05 -2.982928e-05 0)
(-7.591808e-05 -3.50901e-05 0)
(-7.29025e-05 -4.024905e-05 0)
(-6.942513e-05 -4.527613e-05 0)
(-6.548095e-05 -5.013615e-05 0)
(-6.106882e-05 -5.478876e-05 0)
(-5.619296e-05 -5.918885e-05 0)
(-5.086438e-05 -6.328728e-05 0)
(-4.510225e-05 -6.703213e-05 0)
(-3.893502e-05 -7.037028e-05 0)
(-3.240113e-05 -7.32495e-05 0)
(-2.554928e-05 -7.562076e-05 0)
(-1.843801e-05 -7.744075e-05 0)
(-1.113406e-05 -7.867422e-05 0)
(-3.721351e-06 -7.910546e-05 0)
(-4.050353e-06 8.685013e-05 0)
(-1.211495e-05 8.635192e-05 0)
(-2.005095e-05 8.495026e-05 0)
(-2.776124e-05 8.288605e-05 0)
(-3.516909e-05 8.020355e-05 0)
(-4.220853e-05 7.695665e-05 0)
(-4.88262e-05 7.320576e-05 0)
(-5.498174e-05 6.901453e-05 0)
(-6.064718e-05 6.444678e-05 0)
(-6.580586e-05 5.956402e-05 0)
(-7.045079e-05 5.442348e-05 0)
(-7.458281e-05 4.907671e-05 0)
(-7.820868e-05 4.356884e-05 0)
(-8.13392e-05 3.793821e-05 0)
(-8.398755e-05 3.221654e-05 0)
(-8.616772e-05 2.642929e-05 0)
(-8.789324e-05 2.059637e-05 0)
(-8.917615e-05 1.473296e-05 0)
(-9.002618e-05 8.850461e-06 0)
(-9.045012e-05 2.957558e-06 0)
(-9.045146e-05 -2.938741e-06 0)
(-9.003018e-05 -8.831978e-06 0)
(-8.918278e-05 -1.471514e-05 0)
(-8.79024e-05 -2.057956e-05 0)
(-8.617931e-05 -2.641383e-05 0)
(-8.400142e-05 -3.220277e-05 0)
(-8.135513e-05 -3.792648e-05 0)
(-7.822641e-05 -4.355947e-05 0)
(-7.460203e-05 -4.907002e-05 0)
(-7.047112e-05 -5.441975e-05 0)
(-6.582684e-05 -5.95635e-05 0)
(-6.066829e-05 -6.444962e-05 0)
(-5.500242e-05 -6.902083e-05 0)
(-4.884586e-05 -7.32155e-05 0)
(-4.222654e-05 -7.696969e-05 0)
(-3.518484e-05 -8.021963e-05 0)
(-2.777417e-05 -8.290477e-05 0)
(-2.006056e-05 -8.497108e-05 0)
(-1.212088e-05 -8.637421e-05 0)
(-4.052353e-06 -8.687314e-05 0)
(-4.427691e-06 9.532054e-05 0)
(-1.323897e-05 9.474046e-05 0)
(-2.189604e-05 9.313843e-05 0)
(-3.028519e-05 9.078462e-05 0)
(-3.831734e-05 8.773523e-05 0)
(-4.591766e-05 8.405811e-05 0)
(-5.302778e-05 7.982843e-05 0)
(-5.960582e-05 7.512431e-05 0)
(-6.562548e-05 7.002295e-05 0)
(-7.107418e-05 6.459748e-05 0)
(-7.59508e-05 5.891466e-05 0)
(-8.026318e-05 5.30334e-05 0)
(-8.402563e-05 4.700394e-05 0)
(-8.725651e-05 4.086776e-05 0)
(-8.99762e-05 3.465787e-05 0)
(-9.220523e-05 2.839952e-05 0)
(-9.396282e-05 2.211111e-05 0)
(-9.526566e-05 1.580534e-05 0)
(-9.612703e-05 9.490371e-06 0)
(-9.655613e-05 3.171123e-06 0)
(-9.655764e-05 -3.149453e-06 0)
(-9.613156e-05 -9.469062e-06 0)
(-9.527316e-05 -1.578476e-05 0)
(-9.397322e-05 -2.209163e-05 0)
(-9.221843e-05 -2.838152e-05 0)
(-8.999203e-05 -3.464174e-05 0)
(-8.727477e-05 -4.08539e-05 0)
(-8.404605e-05 -4.699274e-05 0)
(-8.028542e-05 -5.302524e-05 0)
(-7.597442e-05 -5.890991e-05 0)
(-7.109869e-05 -6.459644e-05 0)
(-6.565029e-05 -7.002587e-05 0)
(-5.963026e-05 -7.513133e-05 0)
(-5.305111e-05 -7.983957e-05 0)
(-4.593914e-05 -8.407325e-05 0)
(-3.833621e-05 -8.775407e-05 0)
(-3.030073e-05 -9.08067e-05 0)
(-2.190763e-05 -9.316311e-05 0)
(-1.324613e-05 -9.476697e-05 0)
(-4.430111e-06 -9.534795e-05 0)
(-4.860697e-06 0.0001045991 0)
(-1.452751e-05 0.0001039185 0)
(-2.400696e-05 0.0001020765 0)
(-3.316443e-05 9.937765e-05 0)
(-4.189561e-05 9.589412e-05 0)
(-5.011533e-05 9.171212e-05 0)
(-5.776001e-05 8.692593e-05 0)
(-6.478722e-05 8.163198e-05 0)
(-7.117401e-05 7.592399e-05 0)
(-7.691415e-05 6.988906e-05 0)
(-8.201487e-05 6.360501e-05 0)
(-8.649353e-05 5.713887e-05 0)
(-9.037431e-05 5.054623e-05 0)
(-9.368527e-05 4.387135e-05 0)
(-9.64558e-05 3.71479e-05 0)
(-9.871448e-05 3.039994e-05 0)
(-0.0001004874 2.364331e-05 0)
(-0.0001017969 1.688698e-05 0)
(-0.0001026604 1.013461e-05 0)
(-0.0001030899 3.386032e-06 0)
(-0.0001030916 -3.361149e-06 0)
(-0.0001026655 -1.011011e-05 0)
(-0.0001018053 -1.686326e-05 0)
(-0.0001004992 -2.362077e-05 0)
(-9.872943e-05 -3.0379e-05 0)
(-9.64738e-05 -3.7129e-05 0)
(-9.370613e-05 -4.385496e-05 0)
(-9.039776e-05 -5.053281e-05 0)
(-8.651921e-05 -5.71289e-05 0)
(-8.204231e-05 -6.359893e-05 0)
(-7.694279e-05 -6.988727e-05 0)
(-7.120318e-05 -7.592685e-05 0)
(-6.481613e-05 -8.163971e-05 0)
(-5.778778e-05 -8.69386e-05 0)
(-5.014104e-05 -9.172965e-05 0)
(-4.19183e-05 -9.591619e-05 0)
(-3.31832e-05 -9.940373e-05 0)
(-2.402101e-05 -0.0001021058 0)
(-1.453621e-05 -0.0001039501 0)
(-4.86364e-06 -0.0001046318 0)
(-5.360977e-06 0.0001148078 0)
(-1.601443e-05 0.0001140021 0)
(-2.643705e-05 0.000111869 0)
(-3.646756e-05 0.000108754 0)
(-4.598286e-05 0.0001047509 0)
(-5.488585e-05 9.99705e-05 0)
(-6.310792e-05 9.453184e-05 0)
(-7.060776e-05 8.855467e-05 0)
(-7.736841e-05 8.215305e-05 0)
(-8.339316e-05 7.543075e-05 0)
(-8.870098e-05 6.847831e-05 0)
(-9.332196e-05 6.137152e-05 0)
(-9.729315e-05 5.417121e-05 0)
(-0.0001006548 4.692383e-05 0)
(-0.0001034476 3.966264e-05 0)
(-0.0001057098 3.240926e-05 0)
(-0.0001074758 2.517542e-05 0)
(-0.0001087744 1.796484e-05 0)
(-0.000109628 1.077514e-05 0)
(-0.0001100519 3.599585e-06 0)
(-0.0001100538 -3.571105e-06 0)
(-0.0001096337 -1.074706e-05 0)
(-0.0001087838 -1.793758e-05 0)
(-0.000107489 -2.51494e-05 0)
(-0.0001057267 -3.238494e-05 0)
(-0.000103468 -3.964052e-05 0)
(-0.0001006786 -4.690444e-05 0)
(-9.731998e-05 -5.415511e-05 0)
(-9.335153e-05 -6.135927e-05 0)
(-8.87328e-05 -6.847048e-05 0)
(-8.342661e-05 -7.542789e-05 0)
(-7.740272e-05 -8.215561e-05 0)
(-7.064201e-05 -8.856301e-05 0)
(-6.314106e-05 -9.454614e-05 0)
(-5.491673e-05 -9.999072e-05 0)
(-4.601028e-05 -0.0001047767 0)
(-3.649036e-05 -0.0001087848 0)
(-2.645419e-05 -0.0001119039 0)
(-1.602507e-05 -0.0001140399 0)
(-5.364582e-06 -0.0001148471 0)
(-5.943716e-06 0.0001260951 0)
(-1.774388e-05 0.0001251316 0)
(-2.925533e-05 0.0001226401 0)
(-4.02825e-05 0.0001190166 0)
(-5.067906e-05 0.0001143846 0)
(-6.03344e-05 0.0001088876 0)
(-6.917584e-05 0.0001026774 0)
(-7.716601e-05 9.590322e-05 0)
(-8.429793e-05 8.870423e-05 0)
(-9.058889e-05 8.120388e-05 0)
(-9.607411e-05 7.350694e-05 0)
(-0.0001008006 6.569838e-05 0)
(-0.000104822 5.784375e-05 0)
(-0.0001081938 4.999057e-05 0)
(-0.0001109704 4.217007e-05 0)
(-0.0001132017 3.439951e-05 0)
(-0.0001149318 2.668465e-05 0)
(-0.0001161972 1.902213e-05 0)
(-0.0001170257 1.14017e-05 0)
(-0.0001174362 3.808328e-06 0)
(-0.0001174383 -3.775851e-06 0)
(-0.000117032 -1.136963e-05 0)
(-0.0001162077 -1.899089e-05 0)
(-0.0001149465 -2.66547e-05 0)
(-0.0001132206 -3.437133e-05 0)
(-0.0001109933 -4.214421e-05 0)
(-0.0001082207 -4.996763e-05 0)
(-0.0001048526 -5.782439e-05 0)
(-0.0001008346 -6.568328e-05 0)
(-9.611094e-05 -7.349684e-05 0)
(-9.062792e-05 -8.119947e-05 0)
(-8.43383e-05 -8.870615e-05 0)
(-7.720666e-05 -9.5912e-05 0)
(-6.921549e-05 -0.0001026934 0)
(-6.037163e-05 -0.0001089108 0)
(-5.071237e-05 -0.0001144147 0)
(-4.031036e-05 -0.0001190531 0)
(-2.927637e-05 -0.0001226818 0)
(-1.775699e-05 -0.000125177 0)
(-5.948167e-06 -0.0001261424 0)
(-6.629095e-06 0.0001386441 0)
(-1.977423e-05 0.0001374783 0)
(-3.255229e-05 0.0001345391 0)
(-4.472314e-05 0.0001302856 0)
(-5.611183e-05 0.0001248828 0)
(-6.659303e-05 0.000118519 0)
(-7.609232e-05 0.0001113886 0)
(-8.458091e-05 0.0001036786 0)
(-9.206775e-05 9.555868e-05 0)
(-9.859045e-05 8.717514e-05 0)
(-0.0001042065 7.864828e-05 0)
(-0.0001089852 7.00721e-05 0)
(-0.0001130009 6.151575e-05 0)
(-0.0001163285 5.302561e-05 0)
(-0.0001190387 4.462844e-05 0)
(-0.0001211952 3.633477e-05 0)
(-0.0001228532 2.814208e-05 0)
(-0.0001240573 2.003769e-05 0)
(-0.0001248418 1.200142e-05 0)
(-0.0001252294 4.007947e-06 0)
(-0.0001252317 -3.971065e-06 0)
(-0.0001248487 -1.196494e-05 0)
(-0.0001240689 -2.000203e-05 0)
(-0.0001228694 -2.81077e-05 0)
(-0.0001212162 -3.630219e-05 0)
(-0.0001190643 -4.459824e-05 0)
(-0.0001163588 -5.299847e-05 0)
(-0.0001130356 -6.149244e-05 0)
(-0.000109024 -7.005345e-05 0)
(-0.000104249 -7.863519e-05 0)
(-9.863593e-05 -8.716854e-05 0)
(-9.211526e-05 -9.555944e-05 0)
(-8.462921e-05 -0.0001036875 0)
(-7.61399e-05 -0.0001114062 0)
(-6.663812e-05 -0.0001185455 0)
(-5.615251e-05 -0.000124918 0)
(-4.475744e-05 -0.0001303288 0)
(-3.257835e-05 -0.000134589 0)
(-1.979054e-05 -0.000137533 0)
(-6.634643e-06 -0.0001387013 0)
(-7.444406e-06 0.0001526842 0)
(-2.218399e-05 0.0001512547 0)
(-3.644831e-05 0.0001477468 0)
(-4.993882e-05 0.0001427013 0)
(-6.24456e-05 0.0001363423 0)
(-7.382857e-05 0.000128919 0)
(-8.401624e-05 0.0001206823 0)
(-9.299597e-05 0.0001118669 0)
(-0.0001008014 0.0001026792 0)
(-0.0001074993 9.329149e-05 0)
(-0.0001131771 8.384033e-05 0)
(-0.0001179332 7.442763e-05 0)
(-0.0001218685 6.512321e-05 0)
(-0.0001250812 5.596911e-05 0)
(-0.0001276612 4.698445e-05 0)
(-0.0001296881 3.816994e-05 0)
(-0.0001312289 2.951185e-05 0)
(-0.0001323378 2.098556e-05 0)
(-0.0001330554 1.25586e-05 0)
(-0.0001334087 4.193187e-06 0)
(-0.0001334112 -4.151501e-06 0)
(-0.0001330629 -1.251729e-05 0)
(-0.0001323504 -2.094502e-05 0)
(-0.0001312467 -2.947252e-05 0)
(-0.0001297111 -3.813236e-05 0)
(-0.0001276896 -4.694924e-05 0)
(-0.0001251149 -5.593701e-05 0)
(-0.0001219076 -6.509511e-05 0)
(-0.0001179773 -7.440453e-05 0)
(-0.000113226 -8.382334e-05 0)
(-0.0001075522 -9.328181e-05 0)
(-0.0001008573 -0.000102678 0)
(-9.305345e-05 -0.0001118753 0)
(-8.40735e-05 -0.0001207013 0)
(-7.388344e-05 -0.000128949 0)
(-6.249561e-05 -0.0001363833 0)
(-4.998137e-05 -0.0001427526 0)
(-3.648089e-05 -0.0001478068 0)
(-2.220448e-05 -0.0001513211 0)
(-7.451398e-06 -0.0001527538 0)
(-8.427332e-06 0.0001685078 0)
(-2.508066e-05 0.000166728 0)
(-4.110599e-05 0.0001624845 0)
(-5.612768e-05 0.000156428 0)
(-6.989414e-05 0.0001488672 0)
(-8.225298e-05 0.0001401358 0)
(-9.314442e-05 0.0001305591 0)
(-0.0001025841 0.0001204313 0)
(-0.0001106431 0.0001100026 0)
(-0.0001174293 9.947366e-05 0)
(-0.0001230703 8.899666e-05 0)
(-0.0001277023 7.867764e-05 0)
(-0.0001314595 6.858265e-05 0)
(-0.0001344673 5.874498e-05 0)
(-0.0001368378 4.917173e-05 0)
(-0.0001386678 3.984974e-05 0)
(-0.0001400375 3.075056e-05 0)
(-0.0001410106 2.183461e-05 0)
(-0.0001416342 1.305452e-05 0)
(-0.0001419395 4.357793e-06 0)
(-0.0001419422 -4.310933e-06 0)
(-0.0001416422 -1.300797e-05 0)
(-0.0001410241 -2.178873e-05 0)
(-0.0001400567 -3.070576e-05 0)
(-0.0001386929 -3.980654e-05 0)
(-0.000136869 -4.913077e-05 0)
(-0.0001345046 -5.870706e-05 0)
(-0.0001315031 -6.854877e-05 0)
(-0.0001277522 -7.864897e-05 0)
(-0.0001231263 -8.897458e-05 0)
(-0.0001174906 -9.945971e-05 0)
(-0.0001107088 -0.0001099984 0)
(-0.0001026525 -0.0001204385 0)
(-9.321355e-05 -0.0001305789 0)
(-8.23201e-05 -0.0001401693 0)
(-6.995607e-05 -0.0001489147 0)
(-5.618095e-05 -0.0001564888 0)
(-4.114716e-05 -0.0001625568 0)
(-2.510673e-05 -0.0001668089 0)
(-8.436261e-06 -0.0001685932 0)
(-9.631185e-06 0.0001864951 0)
(-2.861461e-05 0.0001842391 0)
(-4.674867e-05 0.0001790251 0)
(-6.355607e-05 0.0001716567 0)
(-7.873777e-05 0.0001625661 0)
(-9.213673e-05 0.0001522039 0)
(-0.0001037207 0.0001409931 0)
(-0.0001135524 0.000129302 0)
(-0.0001217591 0.0001174302 0)
(-0.0001285053 0.0001056084 0)
(-0.0001339732 9.399951e-05 0)
(-0.0001383472 8.270734e-05 0)
(-0.0001418012 7.178772e-05 0)
(-0.0001444921 6.125868e-05 0)
(-0.0001465564 5.110943e-05 0)
(-0.0001481092 4.130793e-05 0)
(-0.000149244 3.180686e-05 0)
(-0.0001500339 2.254834e-05 0)
(-0.0001505322 1.346737e-05 0)
(-0.0001507741 4.4945e-06 0)
(-0.0001507769 -4.442148e-06 0)
(-0.0001505407 -1.341525e-05 0)
(-0.0001500482 -2.249671e-05 0)
(-0.0001492645 -3.175608e-05 0)
(-0.0001481361 -4.125845e-05 0)
(-0.0001465901 -5.10619e-05 0)
(-0.0001445329 -6.121394e-05 0)
(-0.0001418495 -7.174687e-05 0)
(-0.0001384031 -8.267174e-05 0)
(-0.0001340368 -9.397083e-05 0)
(-0.000128576 -0.0001055886 0)
(-0.0001218361 -0.0001174214 0)
(-0.000113634 -0.0001293064 0)
(-0.0001038044 -0.000141013 0)
(-9.221925e-05 -0.0001522407 0)
(-7.881506e-05 -0.0001626209 0)
(-6.362347e-05 -0.0001717289 0)
(-4.680136e-05 -0.0001791128 0)
(-2.864827e-05 -0.0001843385 0)
(-9.642771e-06 -0.0001866007 0)
(-1.113367e-05 0.0002071509 0)
(-3.300136e-05 0.00020423 0)
(-5.368877e-05 0.0001977076 0)
(-7.258666e-05 0.0001886073 0)
(-8.934698e-05 0.000177544 0)
(-0.000103826 0.0001651303 0)
(-0.0001160463 0.0001519168 0)
(-0.000126147 0.0001383598 0)
(-0.0001343367 0.0001248152 0)
(-0.00014086 0.0001115377 0)
(-0.0001459714 9.869184e-05 0)
(-0.0001499141 8.636932e-05 0)
(-0.0001529081 7.460583e-05 0)
(-0.0001551456 6.33952e-05 0)
(-0.0001567886 5.270123e-05 0)
(-0.0001579704 4.246695e-05 0)
(-0.0001587971 3.262148e-05 0)
(-0.0001593501 2.308506e-05 0)
(-0.000159688 1.377241e-05 0)
(-0.0001598491 4.59508e-06 0)
(-0.000159852 -4.537007e-06 0)
(-0.0001596968 -1.371444e-05 0)
(-0.000159365 -2.302734e-05 0)
(-0.0001588185 -3.256425e-05 0)
(-0.0001579987 -4.241058e-05 0)
(-0.0001568244 -5.264631e-05 0)
(-0.0001551896 -6.334256e-05 0)
(-0.0001529609 -7.455664e-05 0)
(-0.0001499762 -8.632512e-05 0)
(-0.0001460431 -9.865461e-05 0)
(-0.0001409412 -0.0001115099 0)
(-0.0001344267 -0.0001247995 0)
(-0.0001262441 -0.0001383594 0)
(-0.0001161478 -0.0001519349 0)
(-0.000103928 -0.0001651696 0)
(-8.944425e-05 -0.0001776063 0)
(-7.267291e-05 -0.0001886928 0)
(-5.375719e-05 -0.0001978142 0)
(-3.304558e-05 -0.0002043531 0)
(-1.1149e-05 -0.000207283 0)
(-1.305235e-05 0.000231163 0)
(-3.855859e-05 0.0002272814 0)
(-6.237175e-05 0.0002189531 0)
(-8.371964e-05 0.0002075254 0)
(-0.0001022147 0.0001938864 0)
(-0.000117764 0.0001788725 0)
(-0.0001304912 0.0001631956 0)
(-0.000140654 0.0001474172 0)
(-0.0001485811 0.0001319458 0)
(-0.0001546286 0.0001170462 0)
(-0.0001591416 0.0001028689 0)
(-0.0001624332 8.94782e-05 0)
(-0.0001647753 7.687527e-05 0)
(-0.0001663967 6.501793e-05 0)
(-0.0001674847 5.383527e-05 0)
(-0.000168189 4.323839e-05 0)
(-0.0001686259 3.312785e-05 0)
(-0.0001688829 2.339849e-05 0)
(-0.0001690222 1.394238e-05 0)
(-0.0001690835 4.650494e-06 0)
(-0.0001690865 -4.586599e-06 0)
(-0.0001690311 -1.387841e-05 0)
(-0.000168898 -2.333443e-05 0)
(-0.0001686477 -3.306378e-05 0)
(-0.0001682182 -4.317454e-05 0)
(-0.0001675221 -5.37721e-05 0)
(-0.0001664432 -6.495623e-05 0)
(-0.000164832 -7.681621e-05 0)
(-0.0001625011 -8.942345e-05 0)
(-0.0001592215 -0.0001028208 0)
(-0.0001547209 -0.0001170075 0)
(-0.0001486856 -0.0001319203 0)
(-0.0001407693 -0.000147409 0)
(-0.0001306146 -0.0001632093 0)
(-0.0001178907 -0.0001789125 0)
(-0.0001023382 -0.0001939562 0)
(-8.383141e-05 -0.0002076263 0)
(-6.246208e-05 -0.0002190834 0)
(-3.861791e-05 -0.0002274354 0)
(-1.307312e-05 -0.0002313304 0)
(-1.557346e-05 0.0002594968 0)
(-4.576994e-05 0.0002541666 0)
(-7.344518e-05 0.0002432835 0)
(-9.765333e-05 0.0002286708 0)
(-0.000118 0.00021163 0)
(-0.0001345168 0.0001933006 0)
(-0.0001475016 0.0001745954 0)
(-0.0001573967 0.0001561901 0)
(-0.0001647077 0.0001385236 0)
(-0.0001699369 0.0001218464 0)
(-0.0001735393 0.0001062696 0)
(-0.0001759077 9.180618e-05 0)
(-0.0001773684 7.840362e-05 0)
(-0.0001781856 6.596882e-05 0)
(-0.0001785681 5.438526e-05 0)
(-0.0001786778 4.352454e-05 0)
(-0.000178637 3.325364e-05 0)
(-0.0001785355 2.343901e-05 0)
(-0.000178436 1.394835e-05 0)
(-0.000178378 4.651194e-06 0)
(-0.0001783809 -4.581543e-06 0)
(-0.0001784446 -1.387841e-05 0)
(-0.0001785503 -2.336853e-05 0)
(-0.0001786586 -3.318249e-05 0)
(-0.000178707 -4.345274e-05 0)
(-0.0001786061 -5.431307e-05 0)
(-0.0001782337 -6.589687e-05 0)
(-0.0001774282 -7.8333e-05 0)
(-0.0001759807 -9.173859e-05 0)
(-0.0001736272 -0.0001062076 0)
(-0.0001700407 -0.0001217933 0)
(-0.0001648282 -0.000138484 0)
(-0.0001575331 -0.0001561696 0)
(-0.0001476513 -0.0001746005 0)
(-0.0001346748 -0.000193338 0)
(-0.0001181581 -0.0002117059 0)
(-9.780016e-05 -0.0002287889 0)
(-7.35667e-05 -0.0002434433 0)
(-4.58515e-05 -0.0002543612 0)
(-1.560247e-05 -0.0002597124 0)
(-1.900909e-05 0.0002935565 0)
(-5.5399e-05 0.0002859223 0)
(-8.786805e-05 0.000271335 0)
(-0.0001153731 0.0002522842 0)
(-0.0001375849 0.0002307068 0)
(-0.0001547985 0.0002081376 0)
(-0.0001676017 0.0001857351 0)
(-0.0001767259 0.0001642591 0)
(-0.0001829248 0.000144138 0)
(-0.0001868825 0.0001255642 0)
(-0.0001891818 0.0001085687 0)
(-0.0001902992 9.308047e-05 0)
(-0.0001906126 7.896844e-05 0)
(-0.000190415 6.607087e-05 0)
(-0.000189929 5.421366e-05 0)
(-0.0001893206 4.322156e-05 0)
(-0.0001887115 3.292373e-05 0)
(-0.0001881882 2.3156e-05 0)
(-0.00018781 1.376112e-05 0)
(-0.0001876134 4.587566e-06 0)
(-0.0001876161 -4.512448e-06 0)
(-0.000187818 -1.368544e-05 0)
(-0.0001882021 -2.307924e-05 0)
(-0.0001887319 -3.284548e-05 0)
(-0.0001893488 -4.314153e-05 0)
(-0.0001899662 -5.413183e-05 0)
(-0.0001904632 -6.598758e-05 0)
(-0.0001906738 -7.888455e-05 0)
(-0.0001903757 -9.299756e-05 0)
(-0.0001892763 -0.0001084894 0)
(-0.0001869974 -0.0001254922 0)
(-0.0001830619 -0.0001440788 0)
(-0.0001768858 -0.0001642199 0)
(-0.000167783 -0.0001857248 0)
(-0.0001549961 -0.0002081665 0)
(-0.0001377891 -0.0002307853 0)
(-0.0001155688 -0.0002524203 0)
(-8.803493e-05 -0.0002715312 0)
(-5.551451e-05 -0.000286171 0)
(-1.905121e-05 -0.0002938399 0)
(-2.391624e-05 0.0003354671 0)
(-6.870055e-05 0.000323935 0)
(-0.0001070838 0.000303855 0)
(-0.0001382815 0.0002785127 0)
(-0.0001621466 0.0002508411 0)
(-0.0001794886 0.0002228777 0)
(-0.0001913801 0.0001960162 0)
(-0.0001989938 0.0001710231 0)
(-0.0002034026 0.0001482387 0)
(-0.0002055061 0.0001277244 0)
(-0.0002060231 0.0001093726 0)
(-0.000205508 9.298497e-05 0)
(-0.000204378 7.832198e-05 0)
(-0.0002029404 6.513386e-05 0)
(-0.0002014174 5.317778e-05 0)
(-0.0001999677 4.222511e-05 0)
(-0.0001987026 3.206437e-05 0)
(-0.0001976981 2.250055e-05 0)
(-0.0001970044 1.335274e-05 0)
(-0.0001966516 4.45045e-06 0)
(-0.0001966539 -4.370417e-06 0)
(-0.0001970114 -1.327184e-05 0)
(-0.0001977104 -2.241794e-05 0)
(-0.0001987209 -3.197927e-05 0)
(-0.0001999934 -4.213687e-05 0)
(-0.0002014522 -5.308597e-05 0)
(-0.0002029864 -6.503836e-05 0)
(-0.0002044381 -7.822321e-05 0)
(-0.0002055855 -9.288415e-05 0)
(-0.0002061218 -0.0001092721 0)
(-0.0002056302 -0.0001276281 0)
(-0.0002035558 -0.0001481528 0)
(-0.0001991791 -0.0001709563 0)
(-0.000191598 -0.0001959806 0)
(-0.0001797354 -0.0002228881 0)
(-0.0001624119 -0.0002509144 0)
(-0.000138546 -0.0002786648 0)
(-0.000107318 -0.0003040949 0)
(-6.887002e-05 -0.0003242563 0)
(-2.398054e-05 -0.0003358499 0)
(-3.135068e-05 0.0003886468 0)
(-8.782133e-05 0.0003700287 0)
(-0.0001332909 0.0003416469 0)
(-0.000168387 0.0003072469 0)
(-0.00019322 0.0002713869 0)
(-0.0002096233 0.0002366547 0)
(-0.0002194564 0.000204531 0)
(-0.0002245034 0.0001756445 0)
(-0.0002262235 0.0001501085 0)
(-0.0002257486 0.0001277428 0)
(-0.0002239212 0.0001082224 0)
(-0.0002213498 9.116865e-05 0)
(-0.0002184637 7.620172e-05 0)
(-0.0002155592 6.29658e-05 0)
(-0.0002128377 5.113934e-05 0)
(-0.000210434 4.043723e-05 0)
(-0.000208436 3.060809e-05 0)
(-0.0002068999 2.14289e-05 0)
(-0.0002058601 1.269865e-05 0)
(-0.0002053366 4.231843e-06 0)
(-0.0002053384 -4.14776e-06 0)
(-0.0002058656 -1.261335e-05 0)
(-0.0002069095 -2.134119e-05 0)
(-0.0002084509 -3.051678e-05 0)
(-0.0002104555 -4.034121e-05 0)
(-0.0002128677 -5.103763e-05 0)
(-0.0002156004 -6.285767e-05 0)
(-0.0002185195 -7.608686e-05 0)
(-0.0002214246 -9.104753e-05 0)
(-0.0002240202 -0.0001080967 0)
(-0.0002258781 -0.0001276161 0)
(-0.0002263901 -0.000149987 0)
(-0.0002247136 -0.0001755384 0)
(-0.0002197148 -0.0002044554 0)
(-0.0002099298 -0.0002366305 0)
(-0.0001935658 -0.0002714402 0)
(-0.0001687493 -0.0003074068 0)
(-0.0001336272 -0.0003419371 0)
(-8.808046e-05 -0.0003704466 0)
(-3.145516e-05 -0.00038918 0)
(-4.347152e-05 0.0004583029 0)
(-0.0001166386 0.0004263986 0)
(-0.0001698662 0.0003853744 0)
(-0.0002085416 0.0003377658 0)
(-0.0002327388 0.0002910807 0)
(-0.0002463444 0.0002480471 0)
(-0.0002523903 0.0002099485 0)
(-0.0002534164 0.0001769931 0)
(-0.0002513044 0.0001488457 0)
(-0.0002473923 0.0001249311 0)
(-0.0002425972 0.000104609 0)
(-0.0002375286 8.726618e-05 0)
(-0.0002325809 7.235124e-05 0)
(-0.0002280028 5.938863e-05 0)
(-0.000223946 4.797594e-05 0)
(-0.000220499 3.777513e-05 0)
(-0.0002177109 2.850056e-05 0)
(-0.0002156076 1.990728e-05 0)
(-0.0002142015 1.178044e-05 0)
(-0.000213498 3.925808e-06 0)
(-0.0002134991 -3.83888e-06 0)
(-0.0002142049 -1.169195e-05 0)
(-0.0002156138 -1.981563e-05 0)
(-0.0002177209 -2.840415e-05 0)
(-0.0002205142 -3.767231e-05 0)
(-0.0002239686 -4.786505e-05 0)
(-0.0002280357 -5.926812e-05 0)
(-0.000232628 -7.221979e-05 0)
(-0.0002375953 -8.712304e-05 0)
(-0.0002426903 -0.0001044545 0)
(-0.0002475205 -0.0001247675 0)
(-0.0002514782 -0.0001486784 0)
(-0.0002536475 -0.0001768325 0)
(-0.00025269 -0.0002098122 0)
(-0.0002467202 -0.0002479626 0)
(-0.0002331882 -0.000291087 0)
(-0.0002090428 -0.0003379122 0)
(-0.0001703588 -0.0003857157 0)
(-0.0001170521 -0.0004269439 0)
(-4.365265e-05 -0.0004590875 0)
(-6.435887e-05 0.0005576134 0)
(-0.0001618564 0.0004958387 0)
(-0.0002219242 0.0004351304 0)
(-0.0002626809 0.0003682716 0)
(-0.0002829387 0.0003076322 0)
(-0.0002907556 0.0002548303 0)
(-0.0002905104 0.0002103898 0)
(-0.0002856062 0.0001736062 0)
(-0.0002782855 0.0001433714 0)
(-0.0002699853 0.0001185274 0)
(-0.0002615861 9.801613e-05 0)
(-0.0002536076 8.093515e-05 0)
(-0.0002463413 6.654651e-05 0)
(-0.0002399345 5.425787e-05 0)
(-0.0002344512 4.359658e-05 0)
(-0.0002299094 3.418317e-05 0)
(-0.0002263039 2.570885e-05 0)
(-0.00022362 1.791714e-05 0)
(-0.0002218416 1.05888e-05 0)
(-0.0002209559 3.529426e-06 0)
(-0.0002209561 -3.441212e-06 0)
(-0.0002218423 -1.049869e-05 0)
(-0.0002236217 -1.782317e-05 0)
(-0.0002263076 -2.560896e-05 0)
(-0.0002299164 -3.407515e-05 0)
(-0.0002344635 -4.347804e-05 0)
(-0.0002399552 -5.412624e-05 0)
(-0.0002463745 -6.639917e-05 0)
(-0.0002536593 -8.076962e-05 0)
(-0.0002616646 -9.783053e-05 0)
(-0.000270102 -0.0001183214 0)
(-0.0002784552 -0.0001431477 0)
(-0.0002858474 -0.0001733733 0)
(-0.0002908449 -0.0002101655 0)
(-0.0002912046 -0.0002546474 0)
(-0.0002835154 -0.0003075446 0)
(-0.0002633778 -0.0003683584 0)
(-0.0002226602 -0.0004354994 0)
(-0.0001625594 -0.0004965216 0)
(-6.470685e-05 -0.0005587659 0)
(-0.0001065834 0.0006737244 0)
(-0.0002404678 0.0005724573 0)
(-0.0002974323 0.0004876976 0)
(-0.0003360403 0.0003943727 0)
(-0.00034618 0.0003168783 0)
(-0.0003435868 0.0002535978 0)
(-0.0003336144 0.0002033039 0)
(-0.0003204347 0.0001636887 0)
(-0.0003063831 0.0001325019 0)
(-0.0002927476 0.0001077872 0)
(-0.0002801895 8.798656e-05 0)
(-0.0002689983 7.190217e-05 0)
(-0.0002592582 5.863038e-05 0)
(-0.0002509527 4.748941e-05 0)
(-0.0002440207 3.796096e-05 0)
(-0.0002383867 2.964569e-05 0)
(-0.0002339769 2.22299e-05 0)
(-0.0002307276 1.546054e-05 0)
(-0.0002285892 9.126447e-06 0)
(-0.000227528 3.043733e-06 0)
(-0.0002275272 -2.956124e-06 0)
(-0.0002285868 -9.03666e-06 0)
(-0.0002307241 -1.53663e-05 0)
(-0.0002339729 -2.212874e-05 0)
(-0.0002383833 -2.953485e-05 0)
(-0.0002440197 -3.783726e-05 0)
(-0.0002509568 -4.734922e-05 0)
(-0.0002592714 -5.84695e-05 0)
(-0.0002690267 -7.17159e-05 0)
(-0.0002802421 -8.776997e-05 0)
(-0.0002928377 -0.0001075357 0)
(-0.00030653 -0.0001322129 0)
(-0.0003206653 -0.0001633644 0)
(-0.0003339641 -0.0002029571 0)
(-0.0003440993 -0.000253261 0)
(-0.0003468992 -0.0003166172 0)
(-0.0003369971 -0.0003943027 0)
(-0.0002985252 -0.0004880464 0)
(-0.000241658 -0.0005732441 0)
(-0.0001072434 -0.0006759353 0)
(-0.0001672347 0.0009838289 0)
(-0.0003495622 0.0006919035 0)
(-0.000400006 0.000558867 0)
(-0.0004335035 0.0004142239 0)
(-0.0004237137 0.0003140416 0)
(-0.0004043301 0.0002400707 0)
(-0.0003804195 0.000185651 0)
(-0.0003564081 0.0001453576 0)
(-0.000334187 0.0001151428 0)
(-0.0003145007 9.210456e-05 0)
(-0.0002974712 7.420641e-05 0)
(-0.0002829638 6.002565e-05 0)
(-0.000270754 4.855912e-05 0)
(-0.000260604 3.909039e-05 0)
(-0.0002522949 3.109917e-05 0)
(-0.0002456405 2.419966e-05 0)
(-0.000240489 1.809834e-05 0)
(-0.0002367234 1.256469e-05 0)
(-0.0002342584 7.410487e-06 0)
(-0.0002330385 2.474445e-06 0)
(-0.0002330365 -2.389689e-06 0)
(-0.0002342525 -7.323373e-06 0)
(-0.0002367138 -1.247273e-05 0)
(-0.0002404761 -1.799876e-05 0)
(-0.0002456249 -2.408926e-05 0)
(-0.0002522779 -3.09741e-05 0)
(-0.0002605874 -3.894597e-05 0)
(-0.0002707411 -4.838957e-05 0)
(-0.0002829597 -5.982382e-05 0)
(-0.0002974845 -7.396365e-05 0)
(-0.000314545 -9.181082e-05 0)
(-0.0003342838 -0.0001147875 0)
(-0.0003565916 -0.0001449319 0)
(-0.0003807414 -0.0001851544 0)
(-0.0004048647 -0.000239524 0)
(-0.0004245569 -0.0003135265 0)
(-0.0004348036 -0.000413954 0)
(-0.0004016072 -0.0005592516 0)
(-0.000352068 -0.0006930913 0)
(-0.0001690861 -0.0009866308 0)
(-0.000400763 0.001060639 0)
(-0.0006678169 0.0006963936 0)
(-0.0005750573 0.0005526681 0)
(-0.000580861 0.0003878545 0)
(-0.0005203266 0.0002810966 0)
(-0.0004719731 0.0002056027 0)
(-0.0004283234 0.0001533784 0)
(-0.0003909388 0.0001167418 0)
(-0.0003596319 9.047728e-05 0)
(-0.0003336796 7.118144e-05 0)
(-0.000312264 5.663608e-05 0)
(-0.0002946411 4.538443e-05 0)
(-0.0002801889 3.6456e-05 0)
(-0.0002684081 2.919123e-05 0)
(-0.0002589069 2.31308e-05 0)
(-0.000251383 1.794579e-05 0)
(-0.0002456073 1.339297e-05 0)
(-0.0002414108 9.285768e-06 0)
(-0.0002386748 5.474589e-06 0)
(-0.0002373235 1.833035e-06 0)
(-0.0002373203 -1.752543e-06 0)
(-0.0002386651 -5.391651e-06 0)
(-0.0002413947 -9.19777e-06 0)
(-0.0002455847 -1.329695e-05 0)
(-0.0002513539 -1.783821e-05 0)
(-0.0002588716 -2.300726e-05 0)
(-0.0002683674 -2.904608e-05 0)
(-0.0002801444 -3.628183e-05 0)
(-0.0002945959 -4.517135e-05 0)
(-0.0003122242 -5.637081e-05 0)
(-0.0003336565 -7.08462e-05 0)
(-0.000359646 -9.004863e-05 0)
(-0.0003910269 -0.0001161897 0)
(-0.0004285508 -0.000152667 0)
(-0.0004724663 -0.0002046937 0)
(-0.0005213264 -0.0002799621 0)
(-0.0005827171 -0.0003863625 0)
(-0.0005777101 -0.0005517681 0)
(-0.0006712831 -0.0006946643 0)
(-0.0004031472 -0.001067573 0)
(-0.0005386987 0.002429323 0)
(-0.0008593215 0.0008632478 0)
(-0.000705319 0.000631535 0)
(-0.0007006913 0.0003560412 0)
(-0.0006010088 0.0002272103 0)
(-0.0005267954 0.0001513879 0)
(-0.0004638611 0.0001061157 0)
(-0.0004137897 7.753976e-05 0)
(-0.0003741632 5.853359e-05 0)
(-0.0003427136 4.527062e-05 0)
(-0.0003176081 3.561444e-05 0)
(-0.00029746 2.831918e-05 0)
(-0.0002812449 2.262449e-05 0)
(-0.0002682119 1.804517e-05 0)
(-0.0002578109 1.425814e-05 0)
(-0.0002496384 1.103942e-05 0)
(-0.0002434001 8.22727e-06 0)
(-0.0002388847 5.69983e-06 0)
(-0.0002359465 3.360719e-06 0)
(-0.0002344938 1.129295e-06 0)
(-0.0002344823 -1.066524e-06 0)
(-0.0002359116 -3.295937e-06 0)
(-0.0002388255 -5.630879e-06 0)
(-0.0002433147 -8.15167e-06 0)
(-0.0002495243 -1.095415e-05 0)
(-0.0002576645 -1.415937e-05 0)
(-0.0002680284 -1.792781e-05 0)
(-0.0002810181 -2.248165e-05 0)
(-0.0002971819 -2.814126e-05 0)
(-0.0003172687 -3.538801e-05 0)
(-0.0003423005 -4.497698e-05 0)
(-0.000373661 -5.814766e-05 0)
(-0.0004131789 -7.703123e-05 0)
(-0.0004631142 -0.0001054579 0)
(-0.0005258621 -0.0001505786 0)
(-0.0005996306 -0.0002264186 0)
(-0.0006994401 -0.000355143 0)
(-0.0007015763 -0.0006320811 0)
(-0.0008597424 -0.0008676108 0)
(-0.0005284617 -0.002439854 0)
(0.002794946 0.001991732 0)
(0.002309402 0.0005584981 0)
(0.003694713 0.0003823459 0)
(0.003796715 0.0001808364 0)
(0.004056824 0.0001011965 0)
(0.004189419 6.090349e-05 0)
(0.004280595 3.978298e-05 0)
(0.004344402 2.781852e-05 0)
(0.004391109 2.047229e-05 0)
(0.004426462 1.561015e-05 0)
(0.004453877 1.218227e-05 0)
(0.004475482 9.640836e-06 0)
(0.004492664 7.679163e-06 0)
(0.004506365 6.112893e-06 0)
(0.004517237 4.823904e-06 0)
(0.004525747 3.732234e-06 0)
(0.004532226 2.781033e-06 0)
(0.004536908 1.927903e-06 0)
(0.004539956 1.139564e-06 0)
(0.004541468 3.8832e-07 0)
(0.004541495 -3.50493e-07 0)
(0.004540036 -1.100505e-06 0)
(0.004537045 -1.886287e-06 0)
(0.004532423 -2.735325e-06 0)
(0.004526012 -3.680546e-06 0)
(0.00451758 -4.763793e-06 0)
(0.004506799 -6.041064e-06 0)
(0.004493208 -7.590999e-06 0)
(0.004476161 -9.52965e-06 0)
(0.004454727 -1.203808e-05 0)
(0.004427533 -1.541772e-05 0)
(0.004392469 -2.020798e-05 0)
(0.004346142 -2.744573e-05 0)
(0.004282842 -3.924622e-05 0)
(0.004192225 -6.011465e-05 0)
(0.004061094 -0.0001001302 0)
(0.003799663 -0.0001788696 0)
(0.00370351 -0.0003808681 0)
(0.002311374 -0.000555207 0)
(0.002802582 -0.001987922 0)
)
;

boundaryField
{
    movingWall
    {
        type            fixedValue;
        value           uniform (1 0 0);
    }
    fixedWalls
    {
        type            fixedValue;
        value           uniform (0 0 0);
    }
    frontAndBack
    {
        type            empty;
    }
}


// ************************************************************************* //
