/*--------------------------------*- C++ -*----------------------------------*\
| =========                 |                                                 |
| \\      /  F ield         | OpenFOAM: The Open Source CFD Toolbox           |
|  \\    /   O peration     | Version:  2412                                  |
|   \\  /    A nd           | Website:  www.openfoam.com                      |
|    \\/     M anipulation  |                                                 |
\*---------------------------------------------------------------------------*/
FoamFile
{
    version     2.0;
    format      ascii;
    arch        "LSB;label=32;scalar=64";
    class       volVectorField;
    location    "0.15";
    object      vorticity;
}
// * * * * * * * * * * * * * * * * * * * * * * * * * * * * * * * * * * * * * //

dimensions      [0 0 -1 0 0 0 0];

internalField   nonuniform List<vector> 
1600
(
(0 -0 0.0001307147)
(0 -0 0.0001959321)
(0 -0 0.0003252354)
(0 -0 0.0004525169)
(0 -0 0.0005768888)
(0 -0 0.0006975612)
(0 -0 0.0008137761)
(0 -0 0.0009248112)
(0 -0 0.001029985)
(0 -0 0.001128661)
(0 -0 0.001220252)
(0 -0 0.00130422)
(0 -0 0.001380078)
(0 -0 0.001447397)
(0 -0 0.001505798)
(0 -0 0.001554958)
(0 -0 0.001594608)
(0 -0 0.001624535)
(0 -0 0.001644578)
(0 -0 0.001654629)
(0 -0 0.001654636)
(0 -0 0.001644599)
(0 -0 0.00162457)
(0 -0 0.001594656)
(0 -0 0.001555017)
(0 -0 0.001505867)
(0 -0 0.001447475)
(0 -0 0.001380163)
(0 -0 0.001304309)
(0 -0 0.001220344)
(0 -0 0.001128753)
(0 -0 0.001030075)
(0 -0 0.0009248964)
(0 -0 0.0008138549)
(0 -0 0.0006976316)
(0 -0 0.0005769489)
(0 -0 0.0004525655)
(0 -0 0.0003252709)
(0 -0 0.0001959537)
(0 -0 0.0001307292)
(0 -0 0.0001967067)
(0 -0 4.7408e-07)
(0 -0 3.9296e-07)
(0 -0 5.4642e-07)
(0 -0 6.9642e-07)
(0 -0 8.422e-07)
(0 -0 9.8256e-07)
(0 -0 1.11642e-06)
(0 -0 1.24352e-06)
(0 -0 1.36264e-06)
(0 -0 1.47328e-06)
(0 -0 1.57466e-06)
(0 -0 1.66632e-06)
(0 -0 1.74746e-06)
(0 -0 1.81798e-06)
(0 -0 1.87744e-06)
(0 -0 1.925268e-06)
(0 -0 1.961174e-06)
(0 -0 1.98549e-06)
(0 -0 1.99762e-06)
(0 -0 1.997564e-06)
(0 -0 1.985528e-06)
(0 -0 1.961318e-06)
(0 -0 1.925158e-06)
(0 -0 1.8773e-06)
(0 -0 1.81806e-06)
(0 -0 1.74762e-06)
(0 -0 1.66622e-06)
(0 -0 1.57476e-06)
(0 -0 1.47328e-06)
(0 -0 1.36262e-06)
(0 -0 1.24356e-06)
(0 -0 1.11662e-06)
(0 -0 9.8258e-07)
(0 -0 8.4232e-07)
(0 -0 6.9672e-07)
(0 -0 5.4634e-07)
(0 -0 3.9296e-07)
(0 -0 4.7412e-07)
(0 -0 0.0001967287)
(0 -0 0.0003293441)
(0 -0 3.9794e-07)
(0 -0 6.4e-10)
(0 -0 3.2e-10)
(0 -0 4.6e-10)
(0 -0 6.8e-10)
(0 -0 7.2e-10)
(0 -0 9e-10)
(0 -0 9.8e-10)
(0 -0 1.1e-09)
(0 -0 1.12e-09)
(0 -0 1.28e-09)
(0 -0 1.52e-09)
(0 -0 1.3e-09)
(0 -0 1.4e-09)
(0 -0 1.5e-09)
(0 -0 1.44e-09)
(0 -0 1.502e-09)
(0 -0 1.74e-09)
(0 -0 1.622e-09)
(0 -0 1.588e-09)
(0 -0 1.636e-09)
(0 -0 1.592e-09)
(0 -0 1.56e-09)
(0 -0 1.46e-09)
(0 -0 1.52e-09)
(0 -0 1.5e-09)
(0 -0 1.28e-09)
(0 -0 1.1e-09)
(0 -0 1.18e-09)
(0 -0 1.12e-09)
(0 -0 8.8e-10)
(0 -0 1.04e-09)
(0 -0 8.4e-10)
(0 -0 7.2e-10)
(0 -0 5.6e-10)
(0 -0 3.6e-10)
(0 -0 6.4e-10)
(0 -0 3.98e-07)
(0 -0 0.0003293815)
(0 -0 0.0004641849)
(0 -0 5.6048e-07)
(0 -0 4e-10)
(0 -0 2e-10)
(0 -0 0)
(0 -0 2e-10)
(0 -0 -4e-11)
(0 -0 8e-11)
(0 -0 1e-10)
(0 -0 2.642743e-19)
(0 -0 8e-11)
(0 -0 -1.2e-10)
(0 -0 -1.2e-10)
(0 -0 4e-11)
(0 -0 -2e-11)
(0 -0 -1.2e-10)
(0 -0 -8e-11)
(0 -0 2e-11)
(0 -0 -1.54e-10)
(0 -0 7.8e-11)
(0 -0 5.4e-11)
(0 -0 -1.98e-10)
(0 -0 -2e-11)
(0 -0 -4e-11)
(0 -0 1.2e-10)
(0 -0 -1e-10)
(0 -0 -6e-11)
(0 -0 1.4e-10)
(0 -0 -8e-11)
(0 -0 4e-11)
(0 -0 8e-11)
(0 -0 1.2e-10)
(0 -0 -6e-11)
(0 -0 6e-11)
(0 -0 -5.421011e-20)
(0 -0 -2e-10)
(0 -0 0)
(0 -0 5.4e-10)
(0 -0 5.6052e-07)
(0 -0 0.0004642384)
(0 -0 0.0006020353)
(0 -0 7.271e-07)
(0 -0 5.2e-10)
(0 -0 0)
(0 -0 2e-10)
(0 -0 0)
(0 -0 -1.084202e-19)
(0 -0 1.050321e-19)
(0 -0 2e-10)
(0 -0 -1.558541e-19)
(0 -0 6e-11)
(0 -0 4e-11)
(0 -0 -1.2e-10)
(0 -0 4e-11)
(0 -0 4e-11)
(0 -0 -8e-11)
(0 -0 2e-11)
(0 -0 8e-11)
(0 -0 -1.02e-10)
(0 -0 8.4e-11)
(0 -0 6.2e-11)
(0 -0 -1.24e-10)
(0 -0 -1.2e-10)
(0 -0 -6e-11)
(0 -0 8e-11)
(0 -0 -4e-11)
(0 -0 -8e-11)
(0 -0 1.2e-10)
(0 -0 -4e-11)
(0 -0 1.4e-10)
(0 -0 -5.827587e-19)
(0 -0 5.421011e-20)
(0 -0 2.100642e-19)
(0 -0 -2e-10)
(0 -0 -1.050321e-19)
(0 -0 1.050321e-19)
(0 -0 -1.067262e-19)
(0 -0 5.8e-10)
(0 -0 7.2722e-07)
(0 -0 0.0006021066)
(0 -0 0.0007438017)
(0 -0 8.9812e-07)
(0 -0 6.6e-10)
(0 -0 -2e-10)
(0 -0 2e-10)
(0 -0 1.050321e-19)
(0 -0 0)
(0 -0 -1.01644e-19)
(0 -0 2e-10)
(0 -0 0)
(0 -0 -1.084202e-19)
(0 -0 2.642743e-19)
(0 -0 4e-11)
(0 -0 -1.4e-10)
(0 -0 2e-11)
(0 -0 8e-11)
(0 -0 8e-11)
(0 -0 1e-10)
(0 -0 7.2e-11)
(0 -0 -5.6e-11)
(0 -0 1.08e-10)
(0 -0 1.96e-10)
(0 -0 -1.6e-10)
(0 -0 -4e-11)
(0 -0 2e-11)
(0 -0 -2e-11)
(0 -0 2e-11)
(0 -0 -1.2e-10)
(0 -0 2.642743e-19)
(0 -0 -2e-10)
(0 -0 2e-10)
(0 -0 3.184844e-19)
(0 -0 2.168404e-19)
(0 -0 -2e-10)
(0 -0 0)
(0 -0 2e-10)
(0 -0 0)
(0 -0 7.6e-10)
(0 -0 8.982e-07)
(0 -0 0.0007438923)
(0 -0 0.0008904255)
(0 -0 1.07518e-06)
(0 -0 8.2e-10)
(0 -0 0)
(0 -0 -1.050321e-19)
(0 -0 -2.100642e-19)
(0 -0 0)
(0 -0 -1.084202e-19)
(0 -0 1.084202e-19)
(0 -0 2e-10)
(0 -0 -1.084202e-19)
(0 -0 -2.168404e-19)
(0 -0 2e-10)
(0 -0 -5.421011e-20)
(0 -0 -4e-11)
(0 -0 8e-11)
(0 -0 6e-11)
(0 -0 -2e-11)
(0 -0 -4.6e-11)
(0 -0 -7.2e-11)
(0 -0 6.6e-11)
(0 -0 -8e-12)
(0 -0 1.6e-10)
(0 -0 -8e-11)
(0 -0 2e-11)
(0 -0 1e-10)
(0 -0 1.8e-10)
(0 -0 -2e-10)
(0 -0 -3.184844e-19)
(0 -0 1.084202e-19)
(0 -0 -6.301925e-19)
(0 -0 2e-10)
(0 -0 2e-10)
(0 -0 -1.01644e-19)
(0 -0 0)
(0 -0 0)
(0 -0 -2.100642e-19)
(0 -0 9.2e-10)
(0 -0 1.07512e-06)
(0 -0 0.0008905379)
(0 -0 0.001042894)
(0 -0 1.25926e-06)
(0 -0 9.4e-10)
(0 -0 2.134523e-19)
(0 -0 -2e-10)
(0 -0 1.084202e-19)
(0 -0 2.168404e-19)
(0 -0 0)
(0 -0 0)
(0 -0 -1.084202e-19)
(0 -0 -2e-10)
(0 -0 2.168404e-19)
(0 -0 2e-10)
(0 -0 5.827587e-19)
(0 -0 -2.6e-10)
(0 -0 -2.4e-10)
(0 -0 -1e-10)
(0 -0 4e-11)
(0 -0 5.2e-11)
(0 -0 1.02e-10)
(0 -0 -1.2e-11)
(0 -0 -1.02e-10)
(0 -0 1.2e-10)
(0 -0 2e-11)
(0 -0 -4.336809e-19)
(0 -0 -2e-11)
(0 -0 1.084202e-19)
(0 -0 2e-10)
(0 -0 0)
(0 -0 -2.100642e-19)
(0 -0 1.084202e-19)
(0 -0 1.01644e-19)
(0 -0 -1.084202e-19)
(0 -0 2e-10)
(0 -0 -2e-10)
(0 -0 -2e-10)
(0 -0 2e-10)
(0 -0 1.18e-09)
(0 -0 1.2594e-06)
(0 -0 0.001043031)
(0 -0 0.00120225)
(0 -0 1.45172e-06)
(0 -0 1.1e-09)
(0 -0 -2.100642e-19)
(0 -0 1.084202e-19)
(0 -0 -4.201283e-19)
(0 -0 2.100642e-19)
(0 -0 -2e-10)
(0 -0 -2e-10)
(0 -0 -1.084202e-19)
(0 -0 4.201283e-19)
(0 -0 -6.369688e-19)
(0 -0 -2.032879e-19)
(0 -0 5.285486e-19)
(0 -0 2.57498e-19)
(0 -0 -1e-10)
(0 -0 7.995991e-19)
(0 -0 -1e-10)
(0 -0 1.8e-10)
(0 -0 -2e-11)
(0 -0 -6e-11)
(0 -0 -4e-11)
(0 -0 -5.014435e-19)
(0 -0 6e-11)
(0 -0 -1.2e-10)
(0 -0 1.626303e-19)
(0 -0 3.117081e-19)
(0 -0 3.252607e-19)
(0 -0 1.084202e-19)
(0 -0 -1.084202e-19)
(0 -0 -7.45389e-19)
(0 -0 1.084202e-19)
(0 -0 0)
(0 -0 -4.201283e-19)
(0 -0 -2e-10)
(0 -0 0)
(0 -0 3.184844e-19)
(0 -0 1.4e-09)
(0 -0 1.45178e-06)
(0 -0 0.001202416)
(0 -0 0.001369607)
(0 -0 1.65366e-06)
(0 -0 1.4e-09)
(0 -0 0)
(0 -0 2.100642e-19)
(0 -0 -2.100642e-19)
(0 -0 2e-10)
(0 -0 2e-10)
(0 -0 2.032879e-19)
(0 -0 -2e-10)
(0 -0 2e-10)
(0 -0 2e-10)
(0 -0 -2e-10)
(0 -0 1.084202e-19)
(0 -0 2e-10)
(0 -0 -5.827587e-19)
(0 -0 -1.2e-10)
(0 -0 -2e-11)
(0 -0 4e-11)
(0 -0 -1.6e-10)
(0 -0 -1e-10)
(0 -0 6e-11)
(0 -0 -1.2e-10)
(0 -0 1.2e-10)
(0 -0 -1e-10)
(0 -0 5.285486e-19)
(0 -0 -2.168404e-19)
(0 -0 3.117081e-19)
(0 -0 -2.032879e-19)
(0 -0 3.252607e-19)
(0 -0 -1.165517e-18)
(0 -0 6.369688e-19)
(0 -0 4.201283e-19)
(0 -0 -4.201283e-19)
(0 -0 2e-10)
(0 -0 0)
(0 -0 -2e-10)
(0 -0 1.2e-09)
(0 -0 1.65388e-06)
(0 -0 0.001369805)
(0 -0 0.00154616)
(0 -0 1.8669e-06)
(0 -0 1.6e-09)
(0 -0 -2.100642e-19)
(0 -0 -1.084202e-19)
(0 -0 -2e-10)
(0 -0 -2.032879e-19)
(0 -0 2e-10)
(0 -0 -6.369688e-19)
(0 -0 -2e-10)
(0 -0 2.032879e-19)
(0 -0 2e-10)
(0 -0 -7.318365e-19)
(0 -0 4.201283e-19)
(0 -0 -2e-10)
(0 -0 1.084202e-19)
(0 -0 -2e-11)
(0 -0 6e-11)
(0 -0 -1.4e-10)
(0 -0 -4e-11)
(0 -0 6e-11)
(0 -0 9.215718e-19)
(0 -0 -1e-10)
(0 -0 -2e-11)
(0 -0 1.084202e-19)
(0 -0 2e-10)
(0 -0 3.117081e-19)
(0 -0 -2e-10)
(0 -0 6.369688e-19)
(0 -0 2e-10)
(0 -0 -2.168404e-19)
(0 -0 -2e-10)
(0 -0 4.201283e-19)
(0 -0 2e-10)
(0 -0 -3.184844e-19)
(0 -0 -2e-10)
(0 -0 7.386127e-19)
(0 -0 1.6e-09)
(0 -0 1.86716e-06)
(0 -0 0.001546396)
(0 -0 0.001733204)
(0 -0 2.09266e-06)
(0 -0 1.8e-09)
(0 -0 -2.100642e-19)
(0 -0 2.100642e-19)
(0 -0 -2e-10)
(0 -0 4.201283e-19)
(0 -0 -4.201283e-19)
(0 -0 -2e-10)
(0 -0 2e-10)
(0 -0 0)
(0 -0 -2e-10)
(0 -0 2e-10)
(0 -0 2e-10)
(0 -0 -7.45389e-19)
(0 -0 1.084202e-19)
(0 -0 -1e-10)
(0 -0 8e-11)
(0 -0 1.626303e-19)
(0 -0 6e-11)
(0 -0 -2e-11)
(0 -0 -2e-11)
(0 -0 -8e-11)
(0 -0 -1.2e-10)
(0 -0 2e-10)
(0 -0 0)
(0 -0 5.285486e-19)
(0 -0 7.45389e-19)
(0 -0 -6.369688e-19)
(0 -0 -2.168404e-19)
(0 -0 -4.336809e-19)
(0 -0 -2.168404e-19)
(0 -0 2.168404e-19)
(0 -0 -2.168404e-19)
(0 -0 -2e-10)
(0 -0 2e-10)
(0 -0 2e-10)
(0 -0 1.6e-09)
(0 -0 2.09302e-06)
(0 -0 0.001733484)
(0 -0 0.001932157)
(0 -0 2.33294e-06)
(0 -0 2e-09)
(0 -0 2e-10)
(0 -0 2.168404e-19)
(0 -0 0)
(0 -0 -2.168404e-19)
(0 -0 6.234162e-19)
(0 -0 -4.336809e-19)
(0 -0 0)
(0 -0 -2e-10)
(0 -0 4.201283e-19)
(0 -0 0)
(0 -0 6.234162e-19)
(0 -0 2e-10)
(0 -0 1.897354e-19)
(0 -0 6e-11)
(0 -0 2.4e-10)
(0 -0 6e-11)
(0 -0 -2e-11)
(0 -0 -1.4e-10)
(0 -0 1.2e-10)
(0 -0 2e-11)
(0 -0 6e-11)
(0 -0 -6.234162e-19)
(0 -0 -8.131516e-20)
(0 -0 2e-10)
(0 -0 8.402567e-19)
(0 -0 2.032879e-19)
(0 -0 0)
(0 -0 2e-10)
(0 -0 6.369688e-19)
(0 -0 -2e-10)
(0 -0 -2e-10)
(0 -0 -2.168404e-19)
(0 -0 7.45389e-19)
(0 -0 3.184844e-19)
(0 -0 2e-09)
(0 -0 2.33322e-06)
(0 -0 0.001932489)
(0 -0 0.002144581)
(0 -0 2.58938e-06)
(0 -0 1.8e-09)
(0 -0 -3.184844e-19)
(0 -0 2e-10)
(0 -0 2e-10)
(0 -0 -2e-10)
(0 -0 -8.538092e-19)
(0 -0 0)
(0 -0 -6.234162e-19)
(0 -0 0)
(0 -0 -8.402567e-19)
(0 -0 -2e-10)
(0 -0 -2e-10)
(0 -0 2e-10)
(0 -0 -2.981556e-19)
(0 -0 1.2e-10)
(0 -0 -6e-11)
(0 -0 4e-11)
(0 -0 6e-11)
(0 -0 6e-11)
(0 -0 6e-11)
(0 -0 -2e-11)
(0 -0 1.4e-10)
(0 -0 -1.897354e-19)
(0 -0 -3.252607e-19)
(0 -0 -8.402567e-19)
(0 -0 1.057097e-18)
(0 -0 -1.273938e-18)
(0 -0 2e-10)
(0 -0 -4.336809e-19)
(0 -0 -2e-10)
(0 -0 1.260385e-18)
(0 -0 2e-10)
(0 -0 -1.057097e-18)
(0 -0 -3.252607e-19)
(0 -0 -5.285486e-19)
(0 -0 2.2e-09)
(0 -0 2.58966e-06)
(0 -0 0.002144974)
(0 -0 0.002372213)
(0 -0 2.86412e-06)
(0 -0 2.2e-09)
(0 -0 2.100642e-19)
(0 -0 0)
(0 -0 0)
(0 -0 2.168404e-19)
(0 -0 0)
(0 -0 2e-10)
(0 -0 2e-10)
(0 -0 0)
(0 -0 0)
(0 -0 0)
(0 -0 -2e-10)
(0 -0 8.673617e-19)
(0 -0 -1.057097e-18)
(0 -0 5.14996e-19)
(0 -0 4e-11)
(0 -0 -1.6e-10)
(0 -0 1.2e-10)
(0 -0 -2e-11)
(0 -0 4e-11)
(0 -0 1.8e-10)
(0 -0 0)
(0 -0 -2e-10)
(0 -0 -2e-10)
(0 -0 0)
(0 -0 -4.336809e-19)
(0 -0 0)
(0 -0 -2e-10)
(0 -0 -2e-10)
(0 -0 2e-10)
(0 -0 2e-10)
(0 -0 -2.168404e-19)
(0 -0 -2.168404e-19)
(0 -0 2.168404e-19)
(0 -0 -2e-10)
(0 -0 2.2e-09)
(0 -0 2.86464e-06)
(0 -0 0.002372679)
(0 -0 0.002617008)
(0 -0 3.15976e-06)
(0 -0 2.6e-09)
(0 -0 -2e-10)
(0 -0 4.201283e-19)
(0 -0 2e-10)
(0 -0 -2e-10)
(0 -0 -4.336809e-19)
(0 -0 6.234162e-19)
(0 -0 8.402567e-19)
(0 -0 0)
(0 -0 1.084202e-18)
(0 -0 2e-10)
(0 -0 1.273938e-18)
(0 -0 -2e-10)
(0 -0 2.168404e-19)
(0 -0 6.234162e-19)
(0 -0 -9.486769e-19)
(0 -0 -1.6e-10)
(0 -0 -1e-10)
(0 -0 4e-11)
(0 -0 -1e-10)
(0 -0 1.2e-10)
(0 -0 1.490778e-18)
(0 -0 2.168404e-19)
(0 -0 -7.318365e-19)
(0 -0 1.707618e-18)
(0 -0 -2.168404e-19)
(0 -0 -2e-10)
(0 -0 4.065758e-19)
(0 -0 2e-10)
(0 -0 1.057097e-18)
(0 -0 -6.505213e-19)
(0 -0 -4.201283e-19)
(0 -0 2e-10)
(0 -0 2.168404e-19)
(0 -0 6.369688e-19)
(0 -0 2.6e-09)
(0 -0 3.16016e-06)
(0 -0 0.002617559)
(0 -0 0.00288118)
(0 -0 3.47888e-06)
(0 -0 2.8e-09)
(0 -0 -2e-10)
(0 -0 -4.201283e-19)
(0 -0 -2e-10)
(0 -0 -2.168404e-19)
(0 -0 -4.336809e-19)
(0 -0 -4.336809e-19)
(0 -0 -4.336809e-19)
(0 -0 2.168404e-19)
(0 -0 -2e-10)
(0 -0 -1.273938e-18)
(0 -0 2e-10)
(0 -0 -1.057097e-18)
(0 -0 -3.252607e-19)
(0 -0 -2.981556e-19)
(0 -0 -2.4e-10)
(0 -0 -2e-11)
(0 -0 -1.2e-10)
(0 -0 1.192622e-18)
(0 -0 -4e-11)
(0 -0 2e-11)
(0 -0 -1.084202e-19)
(0 -0 -2e-10)
(0 -0 2e-10)
(0 -0 6.234162e-19)
(0 -0 1.273938e-18)
(0 -0 -4.336809e-19)
(0 -0 6.505213e-19)
(0 -0 -1.273938e-18)
(0 -0 -8.402567e-19)
(0 -0 -2e-10)
(0 -0 -6.234162e-19)
(0 -0 2e-10)
(0 -0 -6.369688e-19)
(0 -0 -2.032879e-19)
(0 -0 3e-09)
(0 -0 3.47916e-06)
(0 -0 0.002881833)
(0 -0 0.003167265)
(0 -0 3.8238e-06)
(0 -0 3.2e-09)
(0 -0 -6.369688e-19)
(0 -0 -2e-10)
(0 -0 4.336809e-19)
(0 -0 0)
(0 -0 2e-10)
(0 -0 2e-10)
(0 -0 4.336809e-19)
(0 -0 -4.336809e-19)
(0 -0 -2e-10)
(0 -0 -2.168404e-19)
(0 -0 -2e-10)
(0 -0 8.402567e-19)
(0 -0 2e-10)
(0 -0 6.505213e-19)
(0 -0 -8e-11)
(0 -0 -2e-11)
(0 -0 4e-11)
(0 -0 -4e-11)
(0 -0 -1.6e-10)
(0 -0 6e-11)
(0 -0 2.168404e-19)
(0 -0 1.897354e-19)
(0 -0 -6.234162e-19)
(0 -0 1.273938e-18)
(0 -0 1.490778e-18)
(0 -0 -2e-10)
(0 -0 8.402567e-19)
(0 -0 0)
(0 -0 8.402567e-19)
(0 -0 -2e-10)
(0 -0 -2e-10)
(0 -0 -2.168404e-19)
(0 -0 -2e-10)
(0 -0 2e-10)
(0 -0 3.2e-09)
(0 -0 3.8246e-06)
(0 -0 0.00316804)
(0 -0 0.003478201)
(0 -0 4.1992e-06)
(0 -0 3.4e-09)
(0 -0 -2.168404e-19)
(0 -0 2e-10)
(0 -0 0)
(0 -0 2.168404e-19)
(0 -0 -8.402567e-19)
(0 -0 -2e-10)
(0 -0 0)
(0 -0 2e-10)
(0 -0 -2.168404e-19)
(0 -0 -4.336809e-19)
(0 -0 -2e-10)
(0 -0 -1.490778e-18)
(0 -0 -2.981556e-19)
(0 -0 1.382358e-18)
(0 -0 2e-11)
(0 -0 -4e-11)
(0 -0 1.6e-10)
(0 -0 8e-11)
(0 -0 2e-11)
(0 -0 -4e-11)
(0 -0 3.252607e-19)
(0 -0 2e-10)
(0 -0 -2e-10)
(0 -0 -2e-10)
(0 -0 2e-10)
(0 -0 2e-10)
(0 -0 -2e-10)
(0 -0 0)
(0 -0 -4.336809e-19)
(0 -0 0)
(0 -0 4.336809e-19)
(0 -0 -2e-10)
(0 -0 6.369688e-19)
(0 -0 6.234162e-19)
(0 -0 3.6e-09)
(0 -0 4.2002e-06)
(0 -0 0.003479122)
(0 -0 0.003817427)
(0 -0 4.609e-06)
(0 -0 3.4e-09)
(0 -0 -2e-10)
(0 -0 2e-10)
(0 -0 -1.897354e-19)
(0 -0 2e-10)
(0 -0 8.673617e-19)
(0 -0 0)
(0 -0 4.336809e-19)
(0 -0 0)
(0 -0 1.273938e-18)
(0 -0 -2e-10)
(0 -0 -8.131516e-19)
(0 -0 2e-10)
(0 -0 -2.168404e-19)
(0 -0 -4e-10)
(0 -0 2.2e-10)
(0 -0 6e-11)
(0 -0 -8.8e-10)
(0 -0 -9e-10)
(0 -0 2.6e-10)
(0 -0 -9.6e-10)
(0 -0 8e-10)
(0 -0 2e-10)
(0 -0 1.084202e-18)
(0 -0 -8.673617e-19)
(0 -0 2e-10)
(0 -0 2e-10)
(0 -0 -2e-10)
(0 -0 -2e-10)
(0 -0 8.402567e-19)
(0 -0 2e-10)
(0 -0 0)
(0 -0 1.057097e-18)
(0 -0 2e-10)
(0 -0 -2e-10)
(0 -0 3.6e-09)
(0 -0 4.6098e-06)
(0 -0 0.003818524)
(0 -0 0.004189018)
(0 -0 5.0572e-06)
(0 -0 3.2e-09)
(0 -0 -2e-10)
(0 -0 -2e-10)
(0 -0 0)
(0 -0 -4.336809e-19)
(0 -0 8.402567e-19)
(0 -0 2e-10)
(0 -0 0)
(0 -0 -2e-10)
(0 -0 3.794708e-19)
(0 -0 6.505213e-19)
(0 -0 -8e-10)
(0 -0 -2e-10)
(0 -0 -4e-10)
(0 -0 4e-10)
(0 -0 8e-10)
(0 -0 4.4e-10)
(0 -0 2.2e-10)
(0 -0 3.6e-10)
(0 -0 5.8e-10)
(0 -0 -4e-10)
(0 -0 8e-10)
(0 -0 8e-10)
(0 -0 2e-10)
(0 -0 4e-10)
(0 -0 -2e-10)
(0 -0 -2e-10)
(0 -0 2e-10)
(0 -0 4.336809e-19)
(0 -0 -2e-10)
(0 -0 1.680513e-18)
(0 -0 2e-10)
(0 -0 -4.336809e-19)
(0 -0 -2e-10)
(0 -0 4e-10)
(0 -0 3.8e-09)
(0 -0 5.0588e-06)
(0 -0 0.004190327)
(0 -0 0.004597858)
(0 -0 5.5514e-06)
(0 -0 5.4e-09)
(0 -0 -6e-10)
(0 -0 -1e-09)
(0 -0 2e-10)
(0 -0 -8.402567e-19)
(0 -0 -1.680513e-18)
(0 -0 -1.680513e-18)
(0 -0 -1.246832e-18)
(0 -0 2e-10)
(0 -0 -6e-10)
(0 -0 -2.114194e-18)
(0 -0 -8e-10)
(0 -0 6e-10)
(0 -0 -1.734723e-18)
(0 -0 -4e-10)
(0 -0 4e-10)
(0 -0 9e-10)
(0 -0 1.1e-09)
(0 -0 1.1e-09)
(0 -0 5e-10)
(0 -0 1.2e-09)
(0 -0 -1.2e-09)
(0 -0 1e-09)
(0 -0 -2.764716e-18)
(0 -0 -4e-10)
(0 -0 2e-10)
(0 -0 4e-10)
(0 -0 2e-10)
(0 -0 -8.131516e-19)
(0 -0 0)
(0 -0 -1.246832e-18)
(0 -0 -8.402567e-19)
(0 -0 6e-10)
(0 -0 -2e-10)
(0 -0 -8e-10)
(0 -0 5.2e-09)
(0 -0 5.5516e-06)
(0 -0 0.004599431)
(0 -0 0.005049896)
(0 -0 6.096e-06)
(0 -0 4.8e-09)
(0 -0 1.6e-09)
(0 -0 -6e-10)
(0 -0 -4e-10)
(0 -0 4e-10)
(0 -0 -4e-10)
(0 -0 1.680513e-18)
(0 -0 1.301043e-18)
(0 -0 4e-10)
(0 -0 1e-09)
(0 -0 -1.2e-09)
(0 -0 4e-10)
(0 -0 8e-10)
(0 -0 -4e-10)
(0 -0 4e-10)
(0 -0 -1e-09)
(0 -0 -4e-11)
(0 -0 -1.02e-09)
(0 -0 -1.16e-09)
(0 -0 -7.8e-10)
(0 -0 6e-10)
(0 -0 -8e-10)
(0 -0 -2e-10)
(0 -0 1.084202e-18)
(0 -0 4e-10)
(0 -0 -6e-10)
(0 -0 4e-10)
(0 -0 2e-10)
(0 -0 2e-10)
(0 -0 2e-10)
(0 -0 -1e-09)
(0 -0 8e-10)
(0 -0 1.8e-09)
(0 -0 -1.4e-09)
(0 -0 -4e-10)
(0 -0 5.2e-09)
(0 -0 6.0974e-06)
(0 -0 0.005051789)
(0 -0 0.005552462)
(0 -0 6.7022e-06)
(0 -0 5.6e-09)
(0 -0 4e-10)
(0 -0 -1.2e-09)
(0 -0 -6e-10)
(0 -0 -8.673617e-19)
(0 -0 8e-10)
(0 -0 2e-10)
(0 -0 2e-10)
(0 -0 -1e-09)
(0 -0 1.4e-09)
(0 -0 2e-10)
(0 -0 1.8e-09)
(0 -0 -8e-10)
(0 -0 8e-10)
(0 -0 4e-10)
(0 -0 -1.2e-09)
(0 -0 -8.6e-10)
(0 -0 3e-10)
(0 -0 2.6e-10)
(0 -0 -1.3e-09)
(0 -0 -1.2e-09)
(0 -0 8e-10)
(0 -0 -8e-10)
(0 -0 4e-10)
(0 -0 2.114194e-18)
(0 -0 4e-10)
(0 -0 -1e-09)
(0 -0 -6e-10)
(0 -0 6e-10)
(0 -0 8e-10)
(0 -0 6e-10)
(0 -0 2e-10)
(0 -0 2e-10)
(0 -0 -1.2e-09)
(0 -0 2e-10)
(0 -0 6.4e-09)
(0 -0 6.7038e-06)
(0 -0 0.005554751)
(0 -0 0.006114743)
(0 -0 7.3806e-06)
(0 -0 6e-09)
(0 -0 8e-10)
(0 -0 2e-10)
(0 -0 -1e-09)
(0 -0 1.246832e-18)
(0 -0 1.8e-09)
(0 -0 -1.2e-09)
(0 -0 -4e-10)
(0 -0 -1.2e-09)
(0 -0 -4e-10)
(0 -0 1.6e-09)
(0 -0 8e-10)
(0 -0 -1.4e-09)
(0 -0 8.673617e-19)
(0 -0 -1.6e-09)
(0 -0 1e-09)
(0 -0 5.4e-10)
(0 -0 -2e-11)
(0 -0 4.6e-10)
(0 -0 -3.8e-10)
(0 -0 -6e-10)
(0 -0 -8e-10)
(0 -0 -4e-10)
(0 -0 1e-09)
(0 -0 -1.4e-09)
(0 -0 -4e-10)
(0 -0 -6e-10)
(0 -0 4e-10)
(0 -0 2e-10)
(0 -0 1e-09)
(0 -0 -2e-10)
(0 -0 -1e-09)
(0 -0 -4e-10)
(0 -0 -8e-10)
(0 -0 2e-10)
(0 -0 6.2e-09)
(0 -0 7.3838e-06)
(0 -0 0.00611753)
(0 -0 0.006748452)
(0 -0 8.1464e-06)
(0 -0 7.2e-09)
(0 -0 -1e-09)
(0 -0 -6e-10)
(0 -0 1.2e-09)
(0 -0 -8e-10)
(0 -0 -1.4e-09)
(0 -0 1.2e-09)
(0 -0 1.2e-09)
(0 -0 1.6e-09)
(0 -0 -2e-10)
(0 -0 8e-10)
(0 -0 -4e-10)
(0 -0 -8e-10)
(0 -0 -1.4e-09)
(0 -0 -6e-10)
(0 -0 1.2e-09)
(0 -0 -3.4e-10)
(0 -0 -1.06e-09)
(0 -0 -1.26e-09)
(0 -0 6e-11)
(0 -0 2e-10)
(0 -0 -2e-10)
(0 -0 -2e-10)
(0 -0 -4e-10)
(0 -0 2.493665e-18)
(0 -0 -2e-10)
(0 -0 -2e-10)
(0 -0 1.2e-09)
(0 -0 -4e-10)
(0 -0 2e-10)
(0 -0 1e-09)
(0 -0 2e-09)
(0 -0 2e-10)
(0 -0 -1e-09)
(0 -0 8.673617e-19)
(0 -0 7.4e-09)
(0 -0 8.1478e-06)
(0 -0 0.006751869)
(0 -0 0.007468811)
(0 -0 9.014e-06)
(0 -0 7.6e-09)
(0 -0 -4e-10)
(0 -0 8e-10)
(0 -0 4e-10)
(0 -0 -4e-10)
(0 -0 -1.680513e-18)
(0 -0 -8.131516e-19)
(0 -0 2e-10)
(0 -0 8e-10)
(0 -0 2e-10)
(0 -0 -1.2e-09)
(0 -0 2e-10)
(0 -0 1e-09)
(0 -0 6e-10)
(0 -0 2e-10)
(0 -0 2e-10)
(0 -0 -8e-10)
(0 -0 1.64e-09)
(0 -0 1e-09)
(0 -0 7.6e-10)
(0 -0 1.4e-09)
(0 -0 1.2e-09)
(0 -0 -4e-10)
(0 -0 -1.8e-09)
(0 -0 6e-10)
(0 -0 8.673617e-19)
(0 -0 8e-10)
(0 -0 -1.2e-09)
(0 -0 6e-10)
(0 -0 2e-09)
(0 -0 1.680513e-18)
(0 -0 -1e-09)
(0 -0 -5.529431e-18)
(0 -0 -4e-10)
(0 -0 1.2e-09)
(0 -0 8.6e-09)
(0 -0 9.019e-06)
(0 -0 0.007473039)
(0 -0 0.008296041)
(0 -0 1.00136e-05)
(0 -0 7.6e-09)
(0 -0 -6e-10)
(0 -0 -1.4e-09)
(0 -0 1.4e-09)
(0 -0 -8.673617e-19)
(0 -0 7.589415e-19)
(0 -0 -2e-09)
(0 -0 -1.2e-09)
(0 -0 4e-10)
(0 -0 -2e-10)
(0 -0 -4e-10)
(0 -0 -1.246832e-18)
(0 -0 1e-09)
(0 -0 1e-09)
(0 -0 2e-10)
(0 -0 -1.4e-09)
(0 -0 4e-10)
(0 -0 -3.4e-10)
(0 -0 1.6e-09)
(0 -0 1.34e-09)
(0 -0 -2e-10)
(0 -0 -8e-10)
(0 -0 8e-10)
(0 -0 4e-10)
(0 -0 -6e-10)
(0 -0 -1.2e-09)
(0 -0 6e-10)
(0 -0 -1.6e-09)
(0 -0 2e-10)
(0 -0 1.734723e-18)
(0 -0 -2e-09)
(0 -0 -1.734723e-18)
(0 -0 1e-09)
(0 -0 -1.2e-09)
(0 -0 8e-10)
(0 -0 8.4e-09)
(0 -0 1.00168e-05)
(0 -0 0.008301329)
(0 -0 0.009257684)
(0 -0 1.11736e-05)
(0 -0 8.2e-09)
(0 -0 -6e-10)
(0 -0 2.4e-09)
(0 -0 1.734723e-18)
(0 -0 3.361027e-18)
(0 -0 -2e-09)
(0 -0 1.734723e-18)
(0 -0 0)
(0 -0 -2e-09)
(0 -0 -6e-10)
(0 -0 6e-10)
(0 -0 1.246832e-18)
(0 -0 -8e-10)
(0 -0 -4e-10)
(0 -0 6.505213e-19)
(0 -0 -1.4e-09)
(0 -0 8e-11)
(0 -0 -1.58e-09)
(0 -0 -8e-11)
(0 -0 -6.2e-10)
(0 -0 -1.4e-09)
(0 -0 -2e-10)
(0 -0 -4e-10)
(0 -0 2e-10)
(0 -0 -2e-10)
(0 -0 1.6e-09)
(0 -0 -1.8e-09)
(0 -0 1e-09)
(0 -0 -8.673617e-19)
(0 -0 5.963112e-18)
(0 -0 -3.361027e-18)
(0 -0 -1.734723e-18)
(0 -0 -2e-09)
(0 -0 1e-09)
(0 -0 1e-09)
(0 -0 8.2e-09)
(0 -0 1.11784e-05)
(0 -0 0.009264385)
(0 -0 0.0103924)
(0 -0 1.25422e-05)
(0 -0 1e-08)
(0 -0 -8e-10)
(0 -0 0)
(0 -0 -2e-09)
(0 -0 -8.673617e-19)
(0 -0 2e-09)
(0 -0 -8.673617e-19)
(0 -0 -2e-09)
(0 -0 -4e-10)
(0 -0 4e-10)
(0 -0 -1.2e-09)
(0 -0 -1.2e-09)
(0 -0 4e-10)
(0 -0 -4e-10)
(0 -0 1.4e-09)
(0 -0 2e-10)
(0 -0 -3.2e-10)
(0 -0 1.4e-10)
(0 -0 -8e-11)
(0 -0 -1.74e-09)
(0 -0 4e-10)
(0 -0 -2e-10)
(0 -0 4e-10)
(0 -0 -6e-10)
(0 -0 1.4e-09)
(0 -0 1.6e-09)
(0 -0 -3.903128e-18)
(0 -0 1.8e-09)
(0 -0 2e-09)
(0 -0 1.626303e-18)
(0 -0 -4.228388e-18)
(0 -0 -6.830474e-18)
(0 -0 -1.734723e-18)
(0 -0 8.673617e-19)
(0 -0 -2e-10)
(0 -0 1.1e-08)
(0 -0 1.255e-05)
(0 -0 0.01040103)
(0 -0 0.01175643)
(0 -0 1.41822e-05)
(0 -0 1.04e-08)
(0 -0 -6e-10)
(0 -0 0)
(0 -0 2e-09)
(0 -0 5.09575e-18)
(0 -0 5.09575e-18)
(0 -0 -8.673617e-19)
(0 -0 -2e-09)
(0 -0 1.4e-09)
(0 -0 8e-10)
(0 -0 1.626303e-18)
(0 -0 4e-10)
(0 -0 -2e-10)
(0 -0 -6e-10)
(0 -0 8e-10)
(0 -0 -2e-10)
(0 -0 -6.8e-10)
(0 -0 6.4e-10)
(0 -0 -1.2e-10)
(0 -0 1.6e-10)
(0 -0 1.2e-09)
(0 -0 2e-10)
(0 -0 1e-09)
(0 -0 1e-09)
(0 -0 -4e-10)
(0 -0 -1.6e-09)
(0 -0 -1e-09)
(0 -0 -8e-10)
(0 -0 2e-09)
(0 -0 -2e-09)
(0 -0 5.963112e-18)
(0 -0 2e-09)
(0 -0 2e-09)
(0 -0 7.589415e-18)
(0 -0 -1.2e-09)
(0 -0 1.2e-08)
(0 -0 1.41964e-05)
(0 -0 0.01176778)
(0 -0 0.01343487)
(0 -0 1.62046e-05)
(0 -0 1.1e-08)
(0 -0 -1.734723e-18)
(0 -0 2e-09)
(0 -0 -2e-09)
(0 -0 2e-09)
(0 -0 -5.963112e-18)
(0 -0 8.673617e-19)
(0 -0 -1.734723e-18)
(0 -0 -6e-10)
(0 -0 -4e-10)
(0 -0 -2e-10)
(0 -0 4.228388e-18)
(0 -0 -1e-09)
(0 -0 -2e-10)
(0 -0 -1.2e-09)
(0 -0 1.4e-09)
(0 -0 1.138412e-18)
(0 -0 8.6e-10)
(0 -0 2e-10)
(0 -0 1.54e-09)
(0 -0 -6e-10)
(0 -0 1.4e-09)
(0 -0 -3.577867e-18)
(0 -0 2e-10)
(0 -0 -8e-10)
(0 -0 -1.8e-09)
(0 -0 2e-10)
(0 -0 -1e-09)
(0 -0 0)
(0 -0 -1.626303e-18)
(0 -0 6.830474e-18)
(0 -0 -6.722053e-18)
(0 -0 -2e-09)
(0 -0 -4.119968e-18)
(0 -0 -8.456777e-18)
(0 -0 1.54e-08)
(0 -0 1.6219e-05)
(0 -0 0.0134502)
(0 -0 0.01556462)
(0 -0 1.8763e-05)
(0 -0 1.2e-08)
(0 -0 2e-09)
(0 -0 -1.734723e-18)
(0 -0 -2e-09)
(0 -0 -1.192622e-17)
(0 -0 2e-09)
(0 -0 2e-09)
(0 -0 2e-09)
(0 -0 -1e-09)
(0 -0 -1.6e-09)
(0 -0 1e-09)
(0 -0 4e-10)
(0 -0 6e-10)
(0 -0 1e-09)
(0 -0 -6e-10)
(0 -0 1.2e-09)
(0 -0 8.6e-10)
(0 -0 -2e-10)
(0 -0 1.4e-10)
(0 -0 1.4e-09)
(0 -0 -6e-10)
(0 -0 -4e-10)
(0 -0 -1e-09)
(0 -0 -1.2e-09)
(0 -0 1.4e-09)
(0 -0 8e-10)
(0 -0 -8e-10)
(0 -0 -1.4e-09)
(0 -0 7.589415e-18)
(0 -0 2e-09)
(0 -0 -4.98733e-18)
(0 -0 -2e-09)
(0 -0 3.252607e-18)
(0 -0 3.252607e-18)
(0 -0 -2e-09)
(0 -0 2e-08)
(0 -0 1.87836e-05)
(0 -0 0.01558597)
(0 -0 0.01835419)
(0 -0 2.21314e-05)
(0 -0 1e-08)
(0 -0 4e-09)
(0 -0 4.98733e-18)
(0 -0 2e-09)
(0 -0 8.673617e-18)
(0 -0 4.336809e-18)
(0 -0 2.602085e-18)
(0 -0 8.673617e-19)
(0 -0 -4e-10)
(0 -0 8e-10)
(0 -0 1e-09)
(0 -0 5.09575e-18)
(0 -0 1.084202e-18)
(0 -0 4e-10)
(0 -0 1e-09)
(0 -0 -4e-10)
(0 -0 5.6e-10)
(0 -0 -4e-10)
(0 -0 -1.16e-09)
(0 -0 -1e-09)
(0 -0 4.336809e-19)
(0 -0 4e-10)
(0 -0 1.246832e-18)
(0 -0 -2e-10)
(0 -0 1.2e-09)
(0 -0 1.6e-09)
(0 -0 -2e-10)
(0 -0 -1.2e-09)
(0 -0 -7.589415e-18)
(0 -0 2e-09)
(0 -0 8.456777e-18)
(0 -0 -8.456777e-18)
(0 -0 0)
(0 -0 8.456777e-18)
(0 -0 -4e-09)
(0 -0 2.6e-08)
(0 -0 2.21428e-05)
(0 -0 0.01838566)
(0 -0 0.02233128)
(0 -0 2.6924e-05)
(0 -0 -2e-08)
(0 -0 1e-08)
(0 -0 -2e-09)
(0 -0 3.252607e-18)
(0 -0 3.469447e-18)
(0 -0 -2e-09)
(0 -0 -2e-09)
(0 -0 6e-10)
(0 -0 1e-09)
(0 -0 1.6e-09)
(0 -0 4e-10)
(0 -0 -6e-10)
(0 -0 2.927346e-18)
(0 -0 -6e-10)
(0 -0 -6e-10)
(0 -0 -1e-09)
(0 -0 -2.8e-10)
(0 -0 -2.4e-10)
(0 -0 -3.2e-10)
(0 -0 -1.16e-09)
(0 -0 6e-10)
(0 -0 4e-10)
(0 -0 4e-10)
(0 -0 2e-10)
(0 -0 -6e-10)
(0 -0 4e-10)
(0 -0 8e-10)
(0 -0 4e-10)
(0 -0 6e-10)
(0 -0 -2e-09)
(0 -0 -1.734723e-18)
(0 -0 -2.0383e-17)
(0 -0 -1.713039e-17)
(0 -0 -3.469447e-18)
(0 -0 -1e-08)
(0 -0 6.4e-08)
(0 -0 2.6788e-05)
(0 -0 0.02237756)
(0 -0 0.02698115)
(0 -0 3.358e-05)
(0 -0 -5.6e-08)
(0 -0 6.6e-08)
(0 -0 2e-09)
(0 -0 2e-09)
(0 -0 -3.469447e-18)
(0 -0 -2e-09)
(0 -0 4.119968e-18)
(0 -0 1.2e-09)
(0 -0 1.4e-09)
(0 -0 4e-10)
(0 -0 -1.2e-09)
(0 -0 1.6e-09)
(0 -0 -4e-10)
(0 -0 8e-10)
(0 -0 -1e-09)
(0 -0 -1.06e-09)
(0 -0 -1.4e-10)
(0 -0 5.8e-10)
(0 -0 1.4e-10)
(0 -0 4.8e-10)
(0 -0 4e-10)
(0 -0 -1e-09)
(0 -0 -4e-10)
(0 -0 6e-10)
(0 -0 -8e-10)
(0 -0 -1.6e-09)
(0 -0 -1.4e-09)
(0 -0 2e-09)
(0 -0 1.4e-09)
(0 -0 -2e-09)
(0 -0 7.589415e-18)
(0 -0 -2e-09)
(0 -0 -2.515349e-17)
(0 -0 -4e-09)
(0 -0 -6.8e-08)
(0 -0 1.12e-07)
(0 -0 3.2394e-05)
(0 -0 0.02707117)
(0 -0 0.03939824)
(0 -0 4.7744e-05)
(0 -0 -1.092e-06)
(0 -0 -9.4e-08)
(0 -0 -1.32e-07)
(0 -0 -8.6e-08)
(0 -0 -8.2e-08)
(0 -0 -8.2e-08)
(0 -0 -8.48e-08)
(0 -0 -8.78e-08)
(0 -0 -8.82e-08)
(0 -0 -8.98e-08)
(0 -0 -9.12e-08)
(0 -0 -9.1e-08)
(0 -0 -9.06e-08)
(0 -0 -9.06e-08)
(0 -0 -9.14e-08)
(0 -0 -9.306e-08)
(0 -0 -9.29e-08)
(0 -0 -9.352e-08)
(0 -0 -9.436e-08)
(0 -0 -9.482e-08)
(0 -0 -9.574e-08)
(0 -0 -9.46e-08)
(0 -0 -9.48e-08)
(0 -0 -9.62e-08)
(0 -0 -9.74e-08)
(0 -0 -9.7e-08)
(0 -0 -9.76e-08)
(0 -0 -9.8e-08)
(0 -0 -1.01e-07)
(0 -0 -1.016e-07)
(0 -0 -1.06e-07)
(0 -0 -1.08e-07)
(0 -0 -1.02e-07)
(0 -0 -5.6e-08)
(0 -0 -1.02e-07)
(0 -0 9.52e-07)
(0 -0 4.4918e-05)
(0 -0 0.03951252)
(0 -0 0.04256993)
(0 -0 3.5768e-05)
(0 -0 -6.4522e-05)
(0 -0 -8.7674e-05)
(0 -0 -9.9134e-05)
(0 -0 -0.000105058)
(0 -0 -0.000108386)
(0 -0 -0.0001103904)
(0 -0 -0.0001116832)
(0 -0 -0.000112566)
(0 -0 -0.0001132022)
(0 -0 -0.0001136776)
(0 -0 -0.000114046)
(0 -0 -0.000114346)
(0 -0 -0.0001145888)
(0 -0 -0.0001147986)
(0 -0 -0.0001149784)
(0 -0 -0.0001151416)
(0 -0 -0.0001152927)
(0 -0 -0.0001154366)
(0 -0 -0.0001155777)
(0 -0 -0.0001157225)
(0 -0 -0.000115872)
(0 -0 -0.0001160368)
(0 -0 -0.0001162182)
(0 -0 -0.0001164254)
(0 -0 -0.0001166714)
(0 -0 -0.0001169654)
(0 -0 -0.0001173356)
(0 -0 -0.000117813)
(0 -0 -0.0001184464)
(0 -0 -0.000119326)
(0 -0 -0.0001206214)
(0 -0 -0.000122624)
(0 -0 -0.000125954)
(0 -0 -0.000131902)
(0 -0 -0.00014339)
(0 -0 -0.000166654)
(0 -0 -0.00016261)
(0 -0 0.04243226)
(0 -0 0.001937236)
(0 -0 -0.09550014)
(0 -0 -0.09553954)
(0 -0 -0.09563801)
(0 -0 -0.09563608)
(0 -0 -0.09564973)
(0 -0 -0.09565533)
(0 -0 -0.09565846)
(0 -0 -0.0956602)
(0 -0 -0.09566121)
(0 -0 -0.09566185)
(0 -0 -0.09566226)
(0 -0 -0.09566254)
(0 -0 -0.09566279)
(0 -0 -0.09566299)
(0 -0 -0.09566322)
(0 -0 -0.09566346)
(0 -0 -0.09566371)
(0 -0 -0.09566403)
(0 -0 -0.09566437)
(0 -0 -0.09566481)
(0 -0 -0.09566531)
(0 -0 -0.09566591)
(0 -0 -0.09566662)
(0 -0 -0.09566747)
(0 -0 -0.09566851)
(0 -0 -0.09566977)
(0 -0 -0.09567132)
(0 -0 -0.09567327)
(0 -0 -0.09567574)
(0 -0 -0.09567898)
(0 -0 -0.09568339)
(0 -0 -0.09568958)
(0 -0 -0.0956988)
(0 -0 -0.09571304)
(0 -0 -0.0957397)
(0 -0 -0.09576085)
(0 -0 -0.09587376)
(0 -0 -0.0958086)
(0 -0 0.002034712)
(0 -0 -39.90387)
(0 -0 -40.00319)
(0 -0 -39.94777)
(0 -0 -39.9437)
(0 -0 -39.93328)
(0 -0 -39.92798)
(0 -0 -39.92433)
(0 -0 -39.92177)
(0 -0 -39.91991)
(0 -0 -39.91849)
(0 -0 -39.91739)
(0 -0 -39.91653)
(0 -0 -39.91584)
(0 -0 -39.91529)
(0 -0 -39.91486)
(0 -0 -39.91452)
(0 -0 -39.91426)
(0 -0 -39.91407)
(0 -0 -39.91395)
(0 -0 -39.91389)
(0 -0 -39.91389)
(0 -0 -39.91395)
(0 -0 -39.91407)
(0 -0 -39.91425)
(0 -0 -39.91451)
(0 -0 -39.91485)
(0 -0 -39.91528)
(0 -0 -39.91583)
(0 -0 -39.91651)
(0 -0 -39.91737)
(0 -0 -39.91846)
(0 -0 -39.91986)
(0 -0 -39.92172)
(0 -0 -39.92426)
(0 -0 -39.92789)
(0 -0 -39.93315)
(0 -0 -39.94361)
(0 -0 -39.94749)
(0 -0 -40.00311)
(0 -0 -39.90366)
)
;

boundaryField
{
    movingWall
    {
        type            calculated;
        value           nonuniform List<vector> 
40
(
(0 -0 -79.7254)
(0 -0 -79.84744)
(0 -0 -79.71198)
(0 -0 -79.70189)
(0 -0 -79.67785)
(0 -0 -79.66607)
(0 -0 -79.65821)
(0 -0 -79.65283)
(0 -0 -79.64896)
(0 -0 -79.64605)
(0 -0 -79.64381)
(0 -0 -79.64205)
(0 -0 -79.64066)
(0 -0 -79.63955)
(0 -0 -79.63867)
(0 -0 -79.63798)
(0 -0 -79.63746)
(0 -0 -79.63708)
(0 -0 -79.63683)
(0 -0 -79.63671)
(0 -0 -79.63671)
(0 -0 -79.63683)
(0 -0 -79.63707)
(0 -0 -79.63744)
(0 -0 -79.63796)
(0 -0 -79.63864)
(0 -0 -79.63951)
(0 -0 -79.64061)
(0 -0 -79.642)
(0 -0 -79.64374)
(0 -0 -79.64596)
(0 -0 -79.64884)
(0 -0 -79.65269)
(0 -0 -79.65803)
(0 -0 -79.66584)
(0 -0 -79.67749)
(0 -0 -79.70164)
(0 -0 -79.71125)
(0 -0 -79.84723)
(0 -0 -79.72493)
)
;
    }
    fixedWalls
    {
        type            calculated;
        value           nonuniform List<vector> 
120
(
(0 -0 0.0001961128)
(0 -0 0.0003934942)
(0 -0 0.0006589578)
(0 -0 0.0009287533)
(0 -0 0.001204574)
(0 -0 0.001488236)
(0 -0 0.001781623)
(0 -0 0.002086713)
(0 -0 0.002405597)
(0 -0 0.002740505)
(0 -0 0.003093832)
(0 -0 0.003468178)
(0 -0 0.003866386)
(0 -0 0.00429159)
(0 -0 0.004747284)
(0 -0 0.005237393)
(0 -0 0.005766369)
(0 -0 0.006339323)
(0 -0 0.00696217)
(0 -0 0.00764185)
(0 -0 0.008386594)
(0 -0 0.009206284)
(0 -0 0.01011297)
(0 -0 0.01112154)
(0 -0 0.0122507)
(0 -0 0.01352436)
(0 -0 0.01497373)
(0 -0 0.0166405)
(0 -0 0.01858184)
(0 -0 0.02087888)
(0 -0 0.02365138)
(0 -0 0.0270842)
(0 -0 0.03148285)
(0 -0 0.0373244)
(0 -0 0.04587131)
(0 -0 0.05595547)
(0 -0 0.0845899)
(0 -0 0.0922804)
(0 -0 0.1304317)
(0 -0 -39.79554)
(0 -0 0.0001961348)
(0 -0 0.0003935385)
(0 -0 0.0006590329)
(0 -0 0.0009288612)
(0 -0 0.001204717)
(0 -0 0.001488418)
(0 -0 0.001781849)
(0 -0 0.002086989)
(0 -0 0.002405931)
(0 -0 0.002740904)
(0 -0 0.003094307)
(0 -0 0.003468742)
(0 -0 0.003867054)
(0 -0 0.004292382)
(0 -0 0.004748221)
(0 -0 0.005238502)
(0 -0 0.005767685)
(0 -0 0.006340883)
(0 -0 0.006964026)
(0 -0 0.007644062)
(0 -0 0.008389233)
(0 -0 0.009209459)
(0 -0 0.01011679)
(0 -0 0.01112617)
(0 -0 0.01225634)
(0 -0 0.01353128)
(0 -0 0.01498231)
(0 -0 0.01665125)
(0 -0 0.0185955)
(0 -0 0.02089655)
(0 -0 0.02367475)
(0 -0 0.02711607)
(0 -0 0.03152784)
(0 -0 0.03739203)
(0 -0 0.04597309)
(0 -0 0.05616241)
(0 -0 0.08484854)
(0 -0 0.09259335)
(0 -0 0.1310737)
(0 -0 -39.79548)
(0 -0 0.0001957155)
(0 -0 0.0003906815)
(0 -0 0.0006486397)
(0 -0 0.0009024893)
(0 -0 0.001150539)
(0 -0 0.001391214)
(0 -0 0.001623004)
(0 -0 0.001844466)
(0 -0 0.002054242)
(0 -0 0.002251063)
(0 -0 0.002433755)
(0 -0 0.002601245)
(0 -0 0.002752564)
(0 -0 0.002886851)
(0 -0 0.00300335)
(0 -0 0.003101417)
(0 -0 0.003180515)
(0 -0 0.003240217)
(0 -0 0.0032802)
(0 -0 0.003300252)
(0 -0 0.003300266)
(0 -0 0.003280242)
(0 -0 0.003240286)
(0 -0 0.00318061)
(0 -0 0.003101534)
(0 -0 0.003003488)
(0 -0 0.002887005)
(0 -0 0.002752732)
(0 -0 0.002601422)
(0 -0 0.002433937)
(0 -0 0.002251245)
(0 -0 0.00205442)
(0 -0 0.001844635)
(0 -0 0.00162316)
(0 -0 0.001391354)
(0 -0 0.001150659)
(0 -0 0.0009025863)
(0 -0 0.0006487102)
(0 -0 0.0003907246)
(0 -0 0.0001957372)
)
;
    }
    frontAndBack
    {
        type            empty;
    }
}


// ************************************************************************* //
