/*--------------------------------*- C++ -*----------------------------------*\
| =========                 |                                                 |
| \\      /  F ield         | OpenFOAM: The Open Source CFD Toolbox           |
|  \\    /   O peration     | Version:  2412                                  |
|   \\  /    A nd           | Website:  www.openfoam.com                      |
|    \\/     M anipulation  |                                                 |
\*---------------------------------------------------------------------------*/
FoamFile
{
    version     2.0;
    format      ascii;
    arch        "LSB;label=32;scalar=64";
    class       volScalarField;
    location    "0.3";
    object      p;
}
// * * * * * * * * * * * * * * * * * * * * * * * * * * * * * * * * * * * * * //

dimensions      [0 2 -2 0 0 0 0];

internalField   nonuniform List<scalar> 
1600
(
6.868667e-12
5.379013e-07
1.615994e-06
3.22702e-06
5.360618e-06
8.00308e-06
1.113748e-05
1.474382e-05
1.879919e-05
2.327795e-05
2.81519e-05
3.339053e-05
3.896119e-05
4.482934e-05
5.095875e-05
5.731176e-05
6.384945e-05
7.053192e-05
7.731848e-05
8.416787e-05
9.103852e-05
9.78887e-05
0.0001046768
0.0001113616
0.0001179023
0.0001242589
0.0001303924
0.0001362651
0.0001418406
0.0001470843
0.0001519633
0.0001564471
0.0001605074
0.0001641183
0.0001672569
0.000169903
0.0001720397
0.000173653
0.0001747327
0.0001752714
-5.370653e-07
4.260956e-09
1.089228e-06
2.710505e-06
4.857646e-06
7.516826e-06
1.067098e-05
1.429996e-05
1.838067e-05
2.288728e-05
2.77914e-05
3.306228e-05
3.866709e-05
4.457104e-05
5.07377e-05
5.712917e-05
6.370631e-05
7.042901e-05
7.725635e-05
8.414686e-05
9.105874e-05
9.795006e-05
0.000104779
0.000111504
0.0001180842
0.0001244794
0.0001306502
0.0001365588
0.0001421686
0.0001474446
0.000152354
0.0001568657
0.0001609514
0.0001645851
0.0001677435
0.0001704064
0.0001725567
0.0001741804
0.000175267
0.0001758091
-1.621119e-06
-1.072857e-06
2.60013e-08
1.667996e-06
3.842502e-06
6.535463e-06
9.729536e-06
1.340424e-05
1.753614e-05
2.209899e-05
2.706401e-05
3.240002e-05
3.807374e-05
4.404996e-05
5.029177e-05
5.676084e-05
6.341758e-05
7.022143e-05
7.713103e-05
8.410448e-05
9.109953e-05
9.807382e-05
0.0001049851
0.0001117914
0.0001184513
0.0001249242
0.0001311704
0.0001371514
0.0001428303
0.0001481717
0.0001531422
0.0001577104
0.0001618475
0.0001655271
0.0001687257
0.0001714225
0.0001736003
0.0001752448
0.0001763453
0.0001768945
-3.258485e-06
-2.699726e-06
-1.579848e-06
9.349279e-08
2.309399e-06
5.053457e-06
8.307898e-06
1.205175e-05
1.626101e-05
2.090888e-05
2.596592e-05
3.140033e-05
3.717815e-05
4.326348e-05
4.961876e-05
5.620497e-05
6.298185e-05
6.990817e-05
7.694191e-05
8.40405e-05
9.116105e-05
9.826054e-05
0.000105296
0.000112225
0.0001190052
0.0001255955
0.0001319554
0.0001380459
0.0001438292
0.0001492693
0.0001543322
0.0001589858
0.0001632006
0.0001669497
0.0001702088
0.0001729571
0.0001751764
0.0001768524
0.0001779741
0.0001785338
-5.45979e-06
-4.886881e-06
-3.738669e-06
-2.02308e-06
2.486151e-07
3.061517e-06
6.397268e-06
1.023422e-05
1.454765e-05
1.930991e-05
2.449076e-05
3.005749e-05
3.597525e-05
4.220724e-05
4.871499e-05
5.545855e-05
6.239679e-05
6.948756e-05
7.668797e-05
8.395458e-05
9.124362e-05
9.85112e-05
0.0001057135
0.0001128071
0.000119749
0.0001264969
0.0001330097
0.0001392472
0.0001451709
0.0001507438
0.000155931
0.0001606995
0.0001650189
0.0001688615
0.0001722024
0.0001750198
0.0001772953
0.0001790137
0.0001801639
0.0001807378
-8.239313e-06
-7.648471e-06
-6.464358e-06
-4.695244e-06
-2.352887e-06
5.471851e-07
3.98586e-06
7.940626e-06
1.238579e-05
1.729269e-05
2.262999e-05
2.836388e-05
3.445834e-05
4.087544e-05
4.757554e-05
5.451758e-05
6.165927e-05
6.895737e-05
7.636787e-05
8.384624e-05
9.134763e-05
9.882706e-05
0.0001062396
0.0001135408
0.0001206865
0.0001276333
0.0001343389
0.0001407621
0.0001468631
0.0001526038
0.000157948
0.0001628617
0.0001673135
0.0001712745
0.0001747188
0.0001776238
0.0001799703
0.0001817427
0.0001829289
0.0001835209
-1.161515e-05
-1.100243e-05
-9.774514e-06
-7.940117e-06
-5.5116e-06
-2.505277e-06
1.058796e-06
5.157029e-06
9.762537e-06
1.48454e-05
2.037292e-05
2.630992e-05
3.261899e-05
3.926079e-05
4.61943e-05
5.337706e-05
6.076543e-05
6.831482e-05
7.597992e-05
8.371489e-05
9.147357e-05
9.92097e-05
0.0001068771
0.0001144299
0.0001218227
0.0001290107
0.0001359504
0.0001425989
0.0001489152
0.0001548598
0.000160395
0.0001654854
0.0001700983
0.0001742035
0.0001777739
0.0001807857
0.0001832189
0.0001850568
0.0001862872
0.0001869011
-1.560936e-05
-1.497061e-05
-1.369059e-05
-1.177855e-05
-9.247593e-06
-6.115e-06
-2.401981e-06
1.866559e-06
6.662291e-06
1.195375e-05
1.770663e-05
2.388411e-05
3.04471e-05
3.73546e-05
4.456393e-05
5.203102e-05
5.971063e-05
6.755661e-05
7.552212e-05
8.35598e-05
9.162202e-05
9.966101e-05
0.0001076291
0.0001154789
0.0001231634
0.0001306365
0.0001378526
0.0001447677
0.0001513388
0.0001575247
0.0001632863
0.0001685863
0.0001733903
0.0001776666
0.0001813868
0.0001845256
0.0001870618
0.0001889779
0.0001902607
0.0001909008
-2.024823e-05
-1.957904e-05
-1.82381e-05
-1.62353e-05
-1.358467e-05
-1.030464e-05
-6.417822e-06
-1.950698e-06
3.066671e-06
8.600979e-06
1.461601e-05
2.107299e-05
2.793087e-05
3.514671e-05
4.267591e-05
5.047252e-05
5.84895e-05
6.66789e-05
7.499214e-05
8.338017e-05
9.179365e-05
0.0001001832
0.0001084993
0.000116693
0.0001247155
0.0001325188
0.0001400557
0.0001472801
0.0001541472
0.0001606138
0.0001666386
0.0001721826
0.0001772094
0.0001816854
0.0001855803
0.0001888674
0.000191524
0.0001935314
0.0001948755
0.0001955462
-2.556246e-05
-2.485811e-05
-2.344681e-05
-2.133926e-05
-1.855056e-05
-1.510055e-05
-1.10135e-05
-6.317791e-06
-1.04554e-06
4.767774e-06
1.108369e-05
1.786114e-05
2.505684e-05
3.262556e-05
4.052055e-05
4.869372e-05
5.709596e-05
6.567735e-05
7.438736e-05
8.317505e-05
9.198922e-05
0.0001007786
0.0001094919
0.0001180781
0.0001264867
0.0001346674
0.0001425712
0.0001501496
0.0001573558
0.0001641441
0.0001704712
0.0001762956
0.0001815786
0.0001862845
0.0001903808
0.000193839
0.0001966345
0.0001987473
0.0002001622
0.0002008684
-3.158751e-05
-3.084291e-05
-2.935109e-05
-2.71237e-05
-2.417713e-05
-2.053293e-05
-1.621735e-05
-1.126102e-05
-5.698476e-06
4.322379e-07
7.090038e-06
1.423122e-05
2.180987e-05
2.977823e-05
3.808705e-05
4.668586e-05
5.552327e-05
6.454715e-05
7.370487e-05
8.294341e-05
9.220955e-05
0.00010145
0.0001106114
0.0001196408
0.0001284854
0.0001370929
0.0001454117
0.0001533912
0.0001609817
0.0001681354
0.000174806
0.0001809494
0.0001865244
0.0001914924
0.0001958186
0.0001994723
0.0002024267
0.0002046602
0.0002061562
0.0002069029
-3.8364e-05
-3.75736e-05
-3.59902e-05
-3.362656e-05
-3.050068e-05
-2.66361e-05
-2.206146e-05
-1.681004e-05
-1.091926e-05
-4.430139e-06
2.61318e-06
1.016395e-05
1.817326e-05
2.659047e-05
3.536354e-05
4.443937e-05
5.376405e-05
6.328307e-05
7.29415e-05
8.268411e-05
9.245552e-05
0.0001022003
0.000111863
0.0001213883
0.0001307211
0.0001398069
0.0001485914
0.0001570213
0.0001650443
0.0001726094
0.0001796675
0.0001861713
0.0001920763
0.0001973412
0.0002019283
0.0002058038
0.0002089388
0.0002113095
0.0002128977
0.0002136906
-4.59381e-05
-4.509582e-05
-4.340869e-05
-4.089086e-05
-3.756222e-05
-3.344873e-05
-2.858185e-05
-2.299804e-05
-1.673807e-05
-9.846504e-06
-2.370998e-06
5.638195e-06
1.412877e-05
2.304682e-05
3.233722e-05
4.194397e-05
5.181042e-05
6.18795e-05
7.209385e-05
8.239592e-05
9.272807e-05
0.0001030326
0.0001132518
0.0001233281
0.0001332039
0.000142822
0.0001521255
0.0001610581
0.0001695644
0.0001775902
0.0001850827
0.0001919912
0.0001982677
0.0002038672
0.0002087485
0.0002128747
0.000216214
0.0002187401
0.0002204329
0.000221278
-5.436213e-05
-5.346123e-05
-5.165693e-05
-4.896508e-05
-4.540784e-05
-4.101408e-05
-3.581866e-05
-2.986178e-05
-2.318823e-05
-1.584664e-05
-7.888794e-06
6.310558e-07
9.656743e-06
1.913071e-05
2.899443e-05
3.918873e-05
4.965402e-05
6.033053e-05
7.115836e-05
8.207755e-05
9.302813e-05
0.0001039501
0.0001147835
0.0001254682
0.0001359442
0.0001461515
0.0001560303
0.000165521
0.0001745649
0.0001831038
0.0001910813
0.0001984426
0.0002051354
0.0002111105
0.0002163227
0.0002207313
0.0002243011
0.0002270026
0.0002288135
0.0002297178
-6.36952e-05
-6.272814e-05
-6.079168e-05
-5.79037e-05
-5.408915e-05
-4.93804e-05
-4.381641e-05
-3.744185e-05
-3.030621e-05
-2.246295e-05
-1.39686e-05
-4.882013e-06
4.736284e-06
1.482467e-05
2.532086e-05
3.616227e-05
4.728621e-05
5.863007e-05
7.013134e-05
8.172764e-05
9.335669e-05
0.0001049562
0.0001164638
0.0001278171
0.0001389533
0.0001498096
0.000160323
0.0001704307
0.00018007
0.0001891786
0.0001976958
0.0002055619
0.0002127199
0.0002191158
0.0002246995
0.0002294256
0.0002332548
0.0002361542
0.0002380985
0.0002390695
-7.400401e-05
-7.296227e-05
-7.087673e-05
-6.776777e-05
-6.366373e-05
-5.860125e-05
-5.262421e-05
-4.578265e-05
-3.813168e-05
-2.973036e-05
-2.064076e-05
-1.0927e-05
-6.545236e-07
1.011052e-05
2.130177e-05
3.285298e-05
4.469822e-05
5.677195e-05
6.900907e-05
8.134483e-05
9.371465e-05
0.0001060541
0.0001182984
0.0001303829
0.0001422421
0.0001538104
0.0001650215
0.0001758088
0.0001861054
0.0001958447
0.0002049607
0.0002133887
0.0002210658
0.0002279323
0.0002339324
0.0002390154
0.0002431367
0.0002462592
0.000248354
0.0002494004
-8.53638e-05
-8.423769e-05
-8.198381e-05
-7.862565e-05
-7.419572e-05
-6.87359e-05
-6.229603e-05
-5.493262e-05
-4.670743e-05
-3.768618e-05
-2.793733e-05
-1.753104e-05
-6.538305e-06
4.969741e-06
1.692231e-05
2.924928e-05
4.188136e-05
5.475012e-05
6.778793e-05
8.092774e-05
9.41029e-05
0.0001072469
0.0001202929
0.0001331739
0.000145822
0.0001581685
0.0001701439
0.0001816775
0.000192698
0.0002031339
0.0002129135
0.0002219657
0.0002302215
0.0002376142
0.0002440812
0.0002495652
0.0002540156
0.0002573898
0.0002596546
0.0002607863
-9.785957e-05
-9.66379e-05
-9.419354e-05
-9.055384e-05
-8.575649e-05
-7.98498e-05
-7.289094e-05
-6.49442e-05
-5.607933e-05
-4.636987e-05
-3.589176e-05
-2.472205e-05
-1.293797e-05
-6.161416e-07
1.216788e-05
2.533994e-05
3.882736e-05
5.255887e-05
6.646446e-05
8.047506e-05
9.452217e-05
0.0001085375
0.0001224524
0.0001361979
0.0001497035
0.0001628979
0.000175708
0.0001880592
0.0001998754
0.0002110794
0.0002215931
0.0002313388
0.0002402394
0.0002482206
0.0002552115
0.0002611469
0.0002659685
0.0002696272
0.0002720847
0.000273313
-0.0001115875
-0.0001102573
-0.0001075967
-0.000103638
-9.842534e-05
-9.201507e-05
-8.447331e-05
-7.587388e-05
-6.629608e-05
-5.582274e-05
-4.453845e-05
-3.252819e-05
-1.987615e-05
-6.664985e-06
7.024709e-06
2.111461e-05
3.55287e-05
5.019307e-05
6.503562e-05
7.998558e-05
9.497304e-05
0.0001099283
0.0001247815
0.0001394616
0.0001538965
0.0001680118
0.0001817313
0.0001949761
0.0002076652
0.0002197151
0.0002310408
0.0002415563
0.0002511761
0.0002598162
0.0002673958
0.0002738401
0.0002790817
0.0002830632
0.0002857394
0.0002870777
-0.0001266569
-0.0001252027
-0.0001222957
-0.0001179741
-0.0001122904
-0.000105311
-9.711307e-05
-8.77821e-05
-7.74089e-05
-6.608732e-05
-5.391207e-05
-4.097713e-05
-2.737448e-05
-1.319332e-05
1.480441e-06
1.656431e-05
3.197909e-05
4.764854e-05
6.349891e-05
7.945828e-05
9.545586e-05
0.0001114212
0.0001272836
0.0001429708
0.0001584091
0.0001735218
0.0001882295
0.0002024492
0.0002160944
0.0002290751
0.0002412985
0.0002526694
0.0002630919
0.0002724708
0.0002807137
0.0002877337
0.000293452
0.0002978009
0.0003007269
0.0003021907
-0.0001431923
-0.0001415959
-0.0001384064
-0.00013367
-0.0001274497
-0.0001198246
-0.0001108858
-0.000100733
-8.947099e-05
-7.720672e-05
-6.404668e-05
-5.00951e-05
-3.545263e-05
-2.021546e-05
-4.474991e-06
1.168219e-05
2.817404e-05
4.492248e-05
6.185271e-05
7.889238e-05
9.597061e-05
0.000113017
0.0001299606
0.0001467291
0.0001632474
0.0001794372
0.0001952162
0.0002104974
0.0002251887
0.000239193
0.0002524089
0.0002647308
0.0002760508
0.0002862603
0.0002952526
0.0003029263
0.0003091882
0.0003139576
0.00031717
0.0003187781
-0.0001613366
-0.0001595759
-0.0001560604
-0.000150847
-0.0001440122
-0.0001356512
-0.0001258726
-0.0001147939
-0.0001025367
-8.922351e-05
-7.497454e-05
-5.990568e-05
-4.412705e-05
-2.77423e-05
-1.084835e-05
6.464407e-06
2.411155e-05
4.20139e-05
6.009651e-05
7.828751e-05
9.651692e-05
0.0001147154
0.0001328129
0.0001507376
0.0001684144
0.0001857638
0.0002027014
0.0002191361
0.0002349705
0.0002501002
0.0002644139
0.0002777944
0.0002901198
0.0003012657
0.0003111082
0.0003195276
0.0003264127
0.0003316662
0.0003352095
0.0003369845
-0.0001812547
-0.0001793025
-0.0001754081
-0.0001696422
-0.0001620991
-0.0001528949
-0.0001421603
-0.0001300346
-0.0001166603
-0.0001021783
-8.672455e-05
-7.042811e-05
-5.340945e-05
-3.577992e-05
-1.764188e-05
9.109907e-07
1.979277e-05
3.892418e-05
5.823121e-05
7.764371e-05
9.709385e-05
0.0001165146
0.0001358381
0.0001549943
0.000173909
0.0001925029
0.0002106898
0.0002283759
0.0002454581
0.0002618244
0.0002773531
0.0002919137
0.0003053683
0.0003175737
0.0003283849
0.0003376595
0.0003452638
0.0003510787
0.0003550073
0.0003569772
-0.0002031385
-0.0002009609
-0.0001966219
-0.0001902107
-0.0001818452
-0.0001716687
-0.0001598401
-0.0001465263
-0.0001318945
-0.0001161076
-9.932005e-05
-8.167526e-05
-6.330482e-05
-4.432804e-05
-2.485208e-05
-4.97298e-06
1.522298e-05
3.56577e-05
5.625959e-05
7.696169e-05
9.769987e-05
0.000118411
0.0001390309
0.0001594928
0.000179725
0.0001996496
0.0002191802
0.0002382205
0.000256663
0.0002743876
0.0002912617
0.0003071402
0.0003218666
0.0003352754
0.000347196
0.0003574579
0.0003658982
0.0003723698
0.0003767513
0.0003789507
-0.0002272133
-0.0002247675
-0.0002199011
-0.000212729
-0.0002034006
-0.000192095
-0.0001790075
-0.0001643391
-0.0001482875
-0.0001310415
-0.0001127761
-9.365098e-05
-7.380946e-05
-5.337807e-05
-3.246786e-05
-1.117592e-05
1.041266e-05
3.222269e-05
5.418674e-05
7.624291e-05
9.833265e-05
0.0001203985
0.0001423821
0.0001642216
0.0001858498
0.0002071916
0.0002281622
0.0002486645
0.0002685871
0.0002878031
0.0003061681
0.0003235208
0.0003396838
0.0003544654
0.0003676638
0.0003790736
0.0003884942
0.0003957414
0.000400661
0.0004031343
-0.0002537468
-0.0002509772
-0.0002454776
-0.000237398
-0.0002269316
-0.0002143047
-0.0001997596
-0.0001835398
-0.0001658801
-0.0001469992
-0.0001270959
-0.0001063474
-8.490795e-05
-6.291054e-05
-4.046851e-05
-1.767813e-05
5.37874e-06
2.863199e-05
5.202056e-05
7.54898e-05
9.898893e-05
0.0001224685
0.0001458779
0.0001691627
0.0001922622
0.0002151067
0.0002376148
0.0002596905
0.0002812206
0.0003020719
0.0003220893
0.000341094
0.0003588849
0.0003752398
0.0003899192
0.0004026737
0.0004132547
0.0004214286
0.0004269956
0.0004298002
-0.0002830608
-0.0002798939
-0.0002736229
-0.0002644479
-0.0002526222
-0.000238436
-0.000222192
-0.0002041871
-0.0001847002
-0.000163985
-0.000142267
-0.0001197404
-9.656975e-05
-7.289229e-05
-4.882142e-05
-2.445004e-05
1.459103e-07
2.490406e-05
4.977233e-05
7.470595e-05
9.966443e-05
0.0001246088
0.0001494989
0.0001742903
0.0001989314
0.0002233607
0.0002475029
0.0002712659
0.0002945369
0.0003171787
0.0003390265
0.0003598848
0.000379526
0.0003976922
0.0004140993
0.0004284431
0.0004404122
0.000449707
0.0004560645
0.0004592768
-0.0003155483
-0.0003118841
-0.0003046583
-0.0002941421
-0.0002806744
-0.0002646314
-0.000246394
-0.0002263252
-0.0002047564
-0.0001819825
-0.0001582554
-0.0001337855
-0.0001087452
-8.327323e-05
-5.747957e-05
-3.145028e-05
-5.252016e-06
2.106382e-05
4.745727e-05
7.38963e-05
0.0001003537
0.0001268037
0.0001532195
0.0001795696
0.0002058149
0.0002319049
0.0002577743
0.0002833383
0.000308488
0.0003330857
0.0003569594
0.0003798979
0.0004016473
0.0004219089
0.0004403449
0.0004565835
0.0004702325
0.0004809027
0.0004882414
0.0004919657
-0.0003516981
-0.0003473953
-0.0003389662
-0.0003267819
-0.0003113065
-0.0002930318
-0.0002724399
-0.0002499742
-0.0002260306
-0.000200946
-0.0001749983
-0.0001484113
-0.0001213609
-9.398279e-05
-6.637883e-05
-3.862374e-05
-1.077072e-05
1.714365e-05
4.509499e-05
7.306736e-05
0.0001010498
0.0001290331
0.0001570067
0.0001849555
0.0002128561
0.0002406734
0.0002683561
0.0002958313
0.0003229991
0.000349726
0.0003758371
0.0004011093
0.0004252635
0.000447959
0.0004687933
0.0004873122
0.0005030191
0.0005154044
0.0005239834
0.0005283678
-0.0003921313
-0.0003869812
-0.0003770062
-0.0003627103
-0.0003447486
-0.0003237667
-0.0003003755
-0.0002751195
-0.0002484648
-0.0002207903
-0.0001923961
-0.0001635132
-0.0001343147
-0.0001049262
-7.54353e-05
-4.589972e-05
-1.635412e-05
1.318409e-05
4.271005e-05
7.222736e-05
0.0001017447
0.0001312724
0.0001608198
0.0001903913
0.0002199835
0.0002495809
0.0002791512
0.0003086395
0.0003379614
0.0003669944
0.0003955682
0.000423454
0.0004503519
0.0004758808
0.0004995679
0.0005208562
0.0005391166
0.0005536787
0.0005638569
0.0005691212
-0.0004376569
-0.000431335
-0.000419334
-0.0004023121
-0.000381232
-0.0003569363
-0.0003302011
-0.0003016928
-0.0002719465
-0.0002413784
-0.0002103022
-0.0001789461
-0.0001474702
-0.0001159808
-8.454291e-05
-5.319035e-05
-2.193343e-05
9.234457e-06
4.03321e-05
7.138634e-05
0.0001024287
0.0001334924
0.0001646095
0.000195808
0.0002271084
0.0002585198
0.0002900348
0.0003216234
0.000353225
0.000384738
0.0004160074
0.0004468093
0.0004768332
0.000505663
0.0005327584
0.0005574402
0.0005789089
0.0005962896
0.0006085719
0.0006150606
-0.0004893697
-0.0004813346
-0.0004666261
-0.000446006
-0.0004209678
-0.0003925805
-0.0003618452
-0.0003295478
-0.0002962879
-0.0002625056
-0.000228512
-0.0001945166
-0.0001606519
-0.0001269928
-9.357147e-05
-6.038972e-05
-2.742709e-05
5.352517e-06
3.799578e-05
7.055617e-05
0.0001030911
0.0001356593
0.0001683189
0.0002011246
0.000234125
0.0002673592
0.0003008512
0.0003346041
0.0003685913
0.0004027449
0.00043694
0.0004709749
0.0005045458
0.000537217
0.0005683876
0.0005972614
0.0006228093
0.0006439217
0.0006590274
0.0006673191
-0.0005487366
-0.0005380812
-0.0005197047
-0.0004942184
-0.0004640987
-0.0004306445
-0.0003951231
-0.0003584277
-0.0003212016
-0.000283882
-0.0002467507
-0.0002099751
-0.0001736408
-0.0001377752
-0.0001023665
-6.73747e-05
-3.274128e-05
1.604379e-06
3.574061e-05
6.97505e-05
0.0001037198
0.0001377352
0.0001718832
0.0002062483
0.0002409108
0.0002759446
0.0003114124
0.0003473599
0.0003838061
0.0004207326
0.0004580648
0.0004956475
0.0005332122
0.0005703333
0.0006063739
0.0006404365
0.0006712287
0.0006974031
0.0007163519
0.0007274293
-0.0006184203
-0.0006030675
-0.0005796036
-0.0005473209
-0.0005106354
-0.0004709058
-0.000429681
-0.0003879226
-0.0003462706
-0.0003051131
-0.0002646622
-0.0002250105
-0.000186172
-0.0001481092
-0.000110751
-7.400586e-05
-3.777092e-05
-1.936549e-06
3.361032e-05
6.898456e-05
0.000104302
0.0001396788
0.0001752314
0.000211076
0.000247328
0.0002841
0.0003214996
0.0003596244
0.0003985541
0.0004383375
0.0004789749
0.0005203914
0.0005623959
0.0006046231
0.0006464531
0.0006869336
0.0007245007
0.0007577612
0.0007820561
0.0007981311
-0.0006982985
-0.0006770924
-0.000647279
-0.0006054205
-0.0005603274
-0.0005128626
-0.0004649161
-0.0004174159
-0.000370916
-0.0003256819
-0.0002817994
-0.0002392481
-0.0001979391
-0.0001577469
-0.0001185277
-8.013042e-05
-4.240229e-05
-5.191495e-06
3.165164e-05
6.82748e-05
0.0001048243
0.0001414463
0.0001782877
0.0002154973
0.0002532268
0.0002916309
0.0003308668
0.0003710921
0.0004124592
0.0004551067
0.0004991412
0.0005446066
0.0005914476
0.0006394362
0.0006880603
0.000736427
0.0007826567
0.0008259468
0.0008569745
0.0008796647
-0.0008104885
-0.0007673702
-0.000727252
-0.0006689817
-0.0006126607
-0.0005556781
-0.0004999141
-0.0004460402
-0.0003943673
-0.000344934
-0.0002976293
-0.0002522594
-0.0002085993
-0.000166417
-0.0001254855
-8.558743e-05
-4.651709e-05
-8.079203e-06
2.991262e-05
6.763827e-05
0.0001052737
0.0001429939
0.0001809751
0.0002193981
0.0002584508
0.0002983307
0.0003392473
0.0003814234
0.0004250946
0.0004705059
0.0005179013
0.0005675031
0.0006194644
0.0006738008
0.0007302762
0.0007882942
0.0008460783
0.0009064789
0.0009483965
0.000993777
-0.0009060113
-0.0008522311
-0.0008053097
-0.0007323028
-0.0006649448
-0.0005973519
-0.0005331072
-0.0004725275
-0.0004156219
-0.0003620929
-0.0003115449
-0.0002635709
-0.0002177856
-0.0001738373
-0.000131409
-9.021549e-05
-4.999818e-05
-1.051991e-05
2.844023e-05
6.709183e-05
0.0001056378
0.0001442791
0.0001832187
0.0002226667
0.0002628444
0.0003039904
0.0003463654
0.0003902585
0.0004359929
0.0004839311
0.000534476
0.0005880632
0.0006451335
0.0007060566
0.0007709272
0.000839523
0.0009082197
0.0009842794
0.001032793
0.001092995
-0.001157888
-0.0009963565
-0.0009295243
-0.0008077169
-0.0007214322
-0.00063788
-0.0005633247
-0.0004956119
-0.0004336001
-0.0003762994
-0.0003228891
-0.0002726873
-0.0002251262
-0.0001797289
-0.0001360903
-9.386131e-05
-5.27356e-05
-1.243919e-05
2.727846e-05
6.665191e-05
0.0001059059
0.0001452642
0.0001849511
0.0002252009
0.0002662638
0.0003084135
0.0003519562
0.0003972421
0.0004446787
0.0004947491
0.0005480335
0.0006052385
0.0006672328
0.0007351033
0.0008102995
0.000895264
0.0009834973
0.001110172
0.001181712
0.001350589
-0.001246742
-0.001070855
-0.0009945036
-0.0008560703
-0.0007606242
-0.0006677044
-0.0005858417
-0.0005127351
-0.0004467892
-0.0003865931
-0.0003310154
-0.0002791562
-0.0002302968
-0.0001838566
-0.0001393583
-9.640148e-05
-5.464279e-05
-1.378018e-05
2.645893e-05
6.632749e-05
0.0001060673
0.0001459151
0.0001861125
0.0002269113
0.0002685822
0.0003114248
0.0003557794
0.0004020426
0.0004506874
0.0005022906
0.000557568
0.0006174202
0.000682985
0.0007556876
0.0008369946
0.0009297742
0.001023258
0.001168304
0.001239208
0.001439947
-0.001965892
-0.001253209
-0.001151654
-0.000919135
-0.0007997381
-0.0006907601
-0.0006005723
-0.0005228197
-0.0004540698
-0.0003920666
-0.0003352477
-0.0002824874
-0.0002329429
-0.0001859617
-0.0001410217
-9.769352e-05
-5.561321e-05
-1.446387e-05
2.603865e-05
6.61568e-05
0.0001061407
0.0001462354
0.0001866897
0.0002277648
0.0002697419
0.0003129343
0.0003577006
0.0004044633
0.0004537358
0.0005061608
0.0005625718
0.0006240934
0.0006923105
0.0007695821
0.0008593746
0.0009694978
0.001088868
0.001331358
0.001444493
0.002181675
)
;

boundaryField
{
    movingWall
    {
        type            zeroGradient;
    }
    fixedWalls
    {
        type            zeroGradient;
    }
    frontAndBack
    {
        type            empty;
    }
}


// ************************************************************************* //
