/*--------------------------------*- C++ -*----------------------------------*\
| =========                 |                                                 |
| \\      /  F ield         | OpenFOAM: The Open Source CFD Toolbox           |
|  \\    /   O peration     | Version:  2412                                  |
|   \\  /    A nd           | Website:  www.openfoam.com                      |
|    \\/     M anipulation  |                                                 |
\*---------------------------------------------------------------------------*/
FoamFile
{
    version     2.0;
    format      ascii;
    arch        "LSB;label=32;scalar=64";
    class       surfaceScalarField;
    location    "0.3";
    object      phi;
}
// * * * * * * * * * * * * * * * * * * * * * * * * * * * * * * * * * * * * * //

dimensions      [0 3 -1 0 0 0 0];

oriented        oriented;

internalField   nonuniform List<scalar> 
3120
(
-1.620944e-08
1.620943e-08
-3.239242e-08
1.618299e-08
-4.836649e-08
1.597406e-08
-6.4029e-08
1.566251e-08
-7.928014e-08
1.525114e-08
-9.402354e-08
1.47434e-08
-1.08167e-07
1.41435e-08
-1.216233e-07
1.345625e-08
-1.343103e-07
1.268702e-08
-1.461519e-07
1.184161e-08
-1.570781e-07
1.092619e-08
-1.670253e-07
9.947175e-09
-1.759364e-07
8.911155e-09
-1.837613e-07
7.824838e-09
-1.904563e-07
6.694981e-09
-1.959846e-07
5.528354e-09
-2.003163e-07
4.331704e-09
-2.034281e-07
3.111744e-09
-2.053032e-07
1.875148e-09
-2.059318e-07
6.285505e-10
-2.053103e-07
-6.214342e-10
-2.034421e-07
-1.8682e-09
-2.00337e-07
-3.105132e-09
-1.960114e-07
-4.325584e-09
-1.904885e-07
-5.522875e-09
-1.837983e-07
-6.690277e-09
-1.759772e-07
-7.821025e-09
-1.670689e-07
-8.90833e-09
-1.571235e-07
-9.945413e-09
-1.461979e-07
-1.092554e-08
-1.343558e-07
-1.184209e-08
-1.216672e-07
-1.268863e-08
-1.082083e-07
-1.345895e-08
-9.406104e-08
-1.414723e-08
-7.931295e-08
-1.474808e-08
-6.405631e-08
-1.525665e-08
-4.838759e-08
-1.566872e-08
-3.240679e-08
-1.59808e-08
-1.62167e-08
-1.619009e-08
-1.62167e-08
-1.639216e-08
3.260159e-08
-3.275716e-08
3.254799e-08
-4.891044e-08
3.212734e-08
-6.474801e-08
3.150009e-08
-8.016877e-08
3.06719e-08
-9.507518e-08
2.964981e-08
-1.09374e-07
2.844231e-08
-1.229769e-07
2.705915e-08
-1.358011e-07
2.55112e-08
-1.477697e-07
2.381018e-08
-1.58812e-07
2.196853e-08
-1.68864e-07
1.99992e-08
-1.778683e-07
1.791548e-08
-1.857744e-07
1.573087e-08
-1.925383e-07
1.345895e-08
-1.981233e-07
1.111333e-08
-2.024992e-07
8.707563e-09
-2.056425e-07
6.255099e-09
-2.075367e-07
3.769314e-09
-2.081717e-07
1.263504e-09
-2.07544e-07
-1.249091e-09
-2.05657e-07
-3.755244e-09
-2.025204e-07
-6.241705e-09
-1.981508e-07
-8.695166e-09
-1.925714e-07
-1.110223e-08
-1.858123e-07
-1.344942e-08
-1.779102e-07
-1.572314e-08
-1.689088e-07
-1.790975e-08
-1.588586e-07
-1.999563e-08
-1.478169e-07
-2.196721e-08
-1.358478e-07
-2.381115e-08
-1.23022e-07
-2.551446e-08
-1.094163e-07
-2.706463e-08
-9.511368e-08
-2.844988e-08
-8.020247e-08
-2.965929e-08
-6.477605e-08
-3.068306e-08
-4.893211e-08
-3.151265e-08
-3.277191e-08
-3.2141e-08
-1.639962e-08
-3.256239e-08
-3.261632e-08
-1.660294e-08
4.920453e-08
-3.317791e-08
4.912296e-08
-4.953747e-08
4.84869e-08
-6.557593e-08
4.753854e-08
-8.119056e-08
4.628653e-08
-9.628238e-08
4.474163e-08
-1.107569e-07
4.291678e-08
-1.245246e-07
4.08269e-08
-1.375019e-07
3.84885e-08
-1.496112e-07
3.591945e-08
-1.607813e-07
3.313864e-08
-1.709478e-07
3.016571e-08
-1.800531e-07
2.702079e-08
-1.880465e-07
2.372429e-08
-1.948843e-07
2.029671e-08
-2.005295e-07
1.675855e-08
-2.049521e-07
1.313018e-08
-2.081288e-07
9.43182e-09
-2.10043e-07
5.683535e-09
-2.106848e-07
1.90525e-09
-2.100507e-07
-1.883201e-09
-2.081439e-07
-5.662009e-09
-2.049743e-07
-9.411326e-09
-2.005582e-07
-1.311121e-08
-1.949189e-07
-1.674156e-08
-1.880862e-07
-2.028211e-08
-1.800969e-07
-2.371245e-08
-1.709947e-07
-2.701201e-08
-1.608301e-07
-3.016022e-08
-1.496607e-07
-3.31366e-08
-1.375509e-07
-3.592092e-08
-1.245719e-07
-3.849347e-08
-1.108013e-07
-4.083527e-08
-9.632277e-08
-4.292836e-08
-8.122593e-08
-4.475614e-08
-6.560536e-08
-4.630363e-08
-4.956023e-08
-4.755779e-08
-3.31934e-08
-4.850782e-08
-1.661077e-08
-4.914502e-08
-4.922709e-08
-1.692148e-08
6.612601e-08
-3.38137e-08
6.601518e-08
-5.04849e-08
6.515811e-08
-6.682674e-08
6.388038e-08
-8.273404e-08
6.219384e-08
-9.810561e-08
6.01132e-08
-1.12845e-07
5.765616e-08
-1.268611e-07
5.484304e-08
-1.40069e-07
5.169638e-08
-1.5239e-07
4.824045e-08
-1.637522e-07
4.450087e-08
-1.740908e-07
4.050424e-08
-1.833477e-07
3.627773e-08
-1.914723e-07
3.184883e-08
-1.984207e-07
2.724511e-08
-2.041561e-07
2.249403e-08
-2.086488e-07
1.762283e-08
-2.118755e-07
1.265851e-08
-2.138197e-07
7.627782e-09
-2.144716e-07
2.557169e-09
-2.138279e-07
-2.526963e-09
-2.118916e-07
-7.598288e-09
-2.086725e-07
-1.263042e-08
-2.041869e-07
-1.759683e-08
-1.984577e-07
-2.247073e-08
-1.915147e-07
-2.722509e-08
-1.833946e-07
-3.183258e-08
-1.741409e-07
-3.626567e-08
-1.638045e-07
-4.049668e-08
-1.52443e-07
-4.449804e-08
-1.401215e-07
-4.824243e-08
-1.269118e-07
-5.170317e-08
-1.128926e-07
-5.48545e-08
-9.814893e-08
-5.767202e-08
-8.277198e-08
-6.013309e-08
-6.685833e-08
-6.221728e-08
-5.050933e-08
-6.390679e-08
-3.383033e-08
-6.518682e-08
-1.692989e-08
-6.604545e-08
-6.615698e-08
-1.735074e-08
8.347675e-08
-3.467039e-08
8.333484e-08
-5.176135e-08
8.224906e-08
-6.851163e-08
8.063066e-08
-8.481273e-08
7.849494e-08
-1.005604e-07
7.58609e-08
-1.156557e-07
7.27514e-08
-1.300052e-07
6.919261e-08
-1.435223e-07
6.521345e-08
-1.561269e-07
6.084505e-08
-1.677462e-07
5.612018e-08
-1.783147e-07
5.107269e-08
-1.877741e-07
4.573712e-08
-1.960735e-07
4.014828e-08
-2.031694e-07
3.434096e-08
-2.09025e-07
2.83497e-08
-2.136109e-07
2.220868e-08
-2.16904e-07
1.595165e-08
-2.188882e-07
9.611952e-09
-2.195537e-07
3.22262e-09
-2.188971e-07
-3.183544e-09
-2.169216e-07
-9.573795e-09
-2.136367e-07
-1.591531e-08
-2.090585e-07
-2.217502e-08
-2.032097e-07
-2.831953e-08
-1.961198e-07
-3.431502e-08
-1.878251e-07
-4.012721e-08
-1.783693e-07
-4.572146e-08
-1.678032e-07
-5.106285e-08
-1.561848e-07
-5.611645e-08
-1.435796e-07
-6.084757e-08
-1.300606e-07
-6.522219e-08
-1.157077e-07
-6.92074e-08
-1.006078e-07
-7.277192e-08
-8.485421e-08
-7.588667e-08
-6.854618e-08
-7.852532e-08
-5.178807e-08
-8.066489e-08
-3.468859e-08
-8.228629e-08
-1.735994e-08
-8.337411e-08
-8.351692e-08
-1.789457e-08
1.013713e-07
-3.575565e-08
1.011959e-07
-5.337808e-08
9.987149e-08
-7.06452e-08
9.789778e-08
-8.744421e-08
9.529395e-08
-1.036671e-07
9.208375e-08
-1.192114e-07
8.82957e-08
-1.339811e-07
8.396236e-08
-1.478873e-07
7.911966e-08
-1.608484e-07
7.380612e-08
-1.727903e-07
6.806212e-08
-1.836469e-07
6.192929e-08
-1.933597e-07
5.544989e-08
-2.018778e-07
4.866634e-08
-2.091577e-07
4.162088e-08
-2.151632e-07
3.435526e-08
-2.198652e-07
2.691064e-08
-2.232411e-07
1.932752e-08
-2.252749e-07
1.164581e-08
-2.259572e-07
3.904916e-09
-2.252847e-07
-3.856054e-09
-2.232604e-07
-1.159809e-08
-2.198937e-07
-1.928207e-08
-2.152002e-07
-2.686852e-08
-2.092022e-07
-3.431748e-08
-2.019289e-07
-4.158837e-08
-1.934162e-07
-4.863991e-08
-1.837074e-07
-5.54302e-08
-1.728534e-07
-6.191689e-08
-1.609125e-07
-6.805736e-08
-1.479508e-07
-7.380918e-08
-1.340425e-07
-7.913054e-08
-1.192691e-07
-8.398083e-08
-1.037196e-07
-8.832136e-08
-8.749029e-08
-9.211601e-08
-7.068359e-08
-9.533201e-08
-5.340778e-08
-9.79407e-08
-3.577589e-08
-9.991819e-08
-1.790481e-08
-1.012452e-07
-1.014217e-07
-1.855799e-08
1.199293e-07
-3.707939e-08
1.197173e-07
-5.534966e-08
1.181417e-07
-7.32463e-08
1.157944e-07
-9.065118e-08
1.126988e-07
-1.074515e-07
1.088841e-07
-1.235408e-07
1.04385e-07
-1.388197e-07
9.924129e-08
-1.531967e-07
9.349663e-08
-1.665882e-07
8.719763e-08
-1.78919e-07
8.039296e-08
-1.901223e-07
7.313257e-08
-2.001394e-07
6.546694e-08
-2.089195e-07
5.744648e-08
-2.164197e-07
4.912112e-08
-2.226045e-07
4.053997e-08
-2.274451e-07
3.175123e-08
-2.309196e-07
2.28021e-08
-2.330127e-07
1.373892e-08
-2.337151e-07
4.60731e-09
-2.330237e-07
-4.54752e-09
-2.309412e-07
-1.368052e-08
-2.274769e-07
-2.274645e-08
-2.226457e-07
-3.169964e-08
-2.164695e-07
-4.049368e-08
-2.089767e-07
-4.908124e-08
-2.002026e-07
-5.741401e-08
-1.9019e-07
-6.544272e-08
-1.789897e-07
-7.311725e-08
-1.666601e-07
-8.038699e-08
-1.53268e-07
-8.720125e-08
-1.388887e-07
-9.350984e-08
-1.236057e-07
-9.926384e-08
-1.075106e-07
-1.044164e-07
-9.070306e-08
-1.089236e-07
-7.328955e-08
-1.127455e-07
-5.538313e-08
-1.158471e-07
-3.710221e-08
-1.181991e-07
-1.856953e-08
-1.197779e-07
-1.199913e-07
-1.93473e-08
1.392766e-07
-3.865405e-08
1.390241e-07
-5.769433e-08
1.37182e-07
-7.633852e-08
1.344386e-07
-9.446196e-08
1.308223e-07
-1.119461e-07
1.263682e-07
-1.286796e-07
1.211185e-07
-1.445593e-07
1.15121e-07
-1.594906e-07
1.084279e-07
-1.733878e-07
1.010948e-07
-1.861744e-07
9.317963e-08
-1.977831e-07
8.474128e-08
-2.081552e-07
7.583904e-08
-2.172405e-07
6.653177e-08
-2.249968e-07
5.687737e-08
-2.313893e-07
4.69325e-08
-2.363905e-07
3.67524e-08
-2.399792e-07
2.639088e-08
-2.421408e-07
1.590053e-08
-2.428665e-07
5.332954e-09
-2.421532e-07
-5.26085e-09
-2.400036e-07
-1.583009e-08
-2.364263e-07
-2.632373e-08
-2.314358e-07
-3.669011e-08
-2.25053e-07
-4.687656e-08
-2.173051e-07
-5.682913e-08
-2.082267e-07
-6.649242e-08
-1.978598e-07
-7.580962e-08
-1.862544e-07
-8.472258e-08
-1.734692e-07
-9.317222e-08
-1.595715e-07
-1.01099e-07
-1.446376e-07
-1.084437e-07
-1.287534e-07
-1.151481e-07
-1.120134e-07
-1.211564e-07
-9.452098e-08
-1.26416e-07
-7.638775e-08
-1.308788e-07
-5.773246e-08
-1.345024e-07
-3.868004e-08
-1.372515e-07
-1.936045e-08
-1.390975e-07
-1.393517e-07
-2.027021e-08
1.595468e-07
-4.049489e-08
1.592488e-07
-6.043447e-08
1.571216e-07
-7.99507e-08
1.539549e-07
-9.891111e-08
1.497827e-07
-1.171903e-07
1.446474e-07
-1.346713e-07
1.385995e-07
-1.512464e-07
1.31696e-07
-1.668175e-07
1.23999e-07
-1.812969e-07
1.155742e-07
-1.946069e-07
1.064896e-07
-2.066797e-07
9.681413e-08
-2.174572e-07
8.661648e-08
-2.268899e-07
7.596449e-08
-2.349369e-07
6.492441e-08
-2.41565e-07
5.356056e-08
-2.467478e-07
4.193522e-08
-2.504656e-07
3.010867e-08
-2.527046e-07
1.813948e-08
-2.534565e-07
6.084864e-09
-2.527185e-07
-5.998787e-09
-2.504933e-07
-1.805537e-08
-2.467885e-07
-3.002845e-08
-2.416179e-07
-4.186076e-08
-2.350008e-07
-5.349362e-08
-2.269634e-07
-6.48666e-08
-2.175385e-07
-7.591726e-08
-2.067671e-07
-8.658106e-08
-1.946982e-07
-9.67915e-08
-1.813899e-07
-1.064805e-07
-1.6691e-07
-1.155789e-07
-1.51336e-07
-1.240176e-07
-1.347558e-07
-1.317283e-07
-1.172674e-07
-1.386448e-07
-9.897884e-08
-1.447046e-07
-8.000724e-08
-1.498504e-07
-6.047827e-08
-1.540314e-07
-4.052476e-08
-1.57205e-07
-2.028533e-08
-1.593369e-07
-1.59637e-07
-2.133611e-08
1.808829e-07
-4.262045e-08
1.805331e-07
-6.35972e-08
1.780984e-07
-8.411778e-08
1.744754e-07
-1.040404e-07
1.697053e-07
-1.232316e-07
1.638387e-07
-1.415678e-07
1.569358e-07
-1.589361e-07
1.490643e-07
-1.75235e-07
1.402978e-07
-1.903743e-07
1.307136e-07
-2.042755e-07
1.203908e-07
-2.168709e-07
1.094095e-07
-2.281031e-07
9.784867e-08
-2.379243e-07
8.578574e-08
-2.462956e-07
7.329563e-08
-2.531855e-07
6.045049e-08
-2.585698e-07
4.731955e-08
-2.624305e-07
3.396934e-08
-2.64755e-07
2.046399e-08
-2.65536e-07
6.86586e-09
-2.64771e-07
-6.763847e-09
-2.62462e-07
-2.036428e-08
-2.586163e-07
-3.38742e-08
-2.532459e-07
-4.723116e-08
-2.463686e-07
-6.037093e-08
-2.380084e-07
-7.322682e-08
-2.281962e-07
-8.572939e-08
-2.16971e-07
-9.780627e-08
-2.043803e-07
-1.093822e-07
-1.904812e-07
-1.203796e-07
-1.753414e-07
-1.307188e-07
-1.590393e-07
-1.403197e-07
-1.416652e-07
-1.491024e-07
-1.233206e-07
-1.569893e-07
-1.041186e-07
-1.639066e-07
-8.418314e-08
-1.697858e-07
-6.364788e-08
-1.745666e-07
-4.265503e-08
-1.781979e-07
-2.135362e-08
-1.806383e-07
-1.809907e-07
-2.255636e-08
2.034393e-07
-4.50531e-08
2.030298e-07
-6.72152e-08
2.002605e-07
-8.888168e-08
1.961419e-07
-1.098997e-07
1.907233e-07
-1.301265e-07
1.840654e-07
-1.494308e-07
1.7624e-07
-1.67694e-07
1.673275e-07
-1.848107e-07
1.574145e-07
-2.006887e-07
1.465916e-07
-2.152489e-07
1.34951e-07
-2.284243e-07
1.225849e-07
-2.401592e-07
1.095836e-07
-2.504082e-07
9.603474e-08
-2.59135e-07
8.202243e-08
-2.663112e-07
6.762669e-08
-2.719152e-07
5.292358e-08
-2.759313e-07
3.798544e-08
-2.783488e-07
2.288148e-08
-2.791614e-07
7.67849e-09
-2.78367e-07
-7.558242e-09
-2.759674e-07
-2.276391e-08
-2.719684e-07
-3.787318e-08
-2.663804e-07
-5.281918e-08
-2.592187e-07
-6.75326e-08
-2.505046e-07
-8.19409e-08
-2.402662e-07
-9.59678e-08
-2.285395e-07
-1.09533e-07
-2.153697e-07
-1.225521e-07
-2.008121e-07
-1.349371e-07
-1.849336e-07
-1.465973e-07
-1.678134e-07
-1.574399e-07
-1.495436e-07
-1.673722e-07
-1.302297e-07
-1.763032e-07
-1.099906e-07
-1.841457e-07
-8.895767e-08
-1.908188e-07
-6.727416e-08
-1.962502e-07
-4.509335e-08
-2.003787e-07
-2.257675e-08
-2.031549e-07
-2.035674e-07
-2.394461e-08
2.273839e-07
-4.781974e-08
2.26905e-07
-7.132767e-08
2.237684e-07
-9.429262e-08
2.191069e-07
-1.165487e-07
2.129794e-07
-1.379422e-07
2.054589e-07
-1.583331e-07
1.96631e-07
-1.775966e-07
1.865911e-07
-1.956235e-07
1.754414e-07
-2.123196e-07
1.632878e-07
-2.27606e-07
1.502374e-07
-2.414172e-07
1.36396e-07
-2.537003e-07
1.218667e-07
-2.644136e-07
1.06748e-07
-2.735245e-07
9.113338e-08
-2.810087e-07
7.511089e-08
-2.868483e-07
5.876313e-08
-2.910306e-07
4.216774e-08
-2.935473e-07
2.539824e-08
-2.943938e-07
8.524935e-09
-2.935682e-07
-8.383778e-09
-2.91072e-07
-2.526017e-08
-2.869094e-07
-4.203582e-08
-2.810882e-07
-5.864031e-08
-2.736208e-07
-7.500001e-08
-2.645246e-07
-9.103709e-08
-2.538237e-07
-1.066687e-07
-2.415502e-07
-1.218065e-07
-2.277456e-07
-1.363567e-07
-2.124624e-07
-1.502202e-07
-1.95766e-07
-1.632937e-07
-1.777354e-07
-1.754705e-07
-1.584644e-07
-1.866432e-07
-1.380625e-07
-1.967051e-07
-1.166547e-07
-2.055534e-07
-9.438137e-08
-2.130921e-07
-7.139659e-08
-2.192349e-07
-4.786682e-08
-2.239085e-07
-2.396847e-08
-2.270532e-07
-2.275359e-07
-2.551731e-08
2.529012e-07
-5.095273e-08
2.523404e-07
-7.598167e-08
2.487973e-07
-1.004107e-07
2.435359e-07
-1.240584e-07
2.366271e-07
-1.467583e-07
2.281588e-07
-1.683607e-07
2.182334e-07
-1.887341e-07
2.069644e-07
-2.077651e-07
1.944724e-07
-2.253588e-07
1.808814e-07
-2.414369e-07
1.663155e-07
-2.55937e-07
1.508962e-07
-2.688106e-07
1.347402e-07
-2.800207e-07
1.179581e-07
-2.895404e-07
1.006531e-07
-2.973507e-07
8.292115e-08
-3.034385e-07
6.485093e-08
-3.077954e-07
4.652464e-08
-3.104162e-07
2.801907e-08
-3.112982e-07
9.406887e-09
-3.104402e-07
-9.241732e-09
-3.078429e-07
-2.785746e-08
-3.035087e-07
-4.637009e-08
-2.974421e-07
-6.470685e-08
-2.896513e-07
-8.279084e-08
-2.801487e-07
-1.005397e-07
-2.689531e-07
-1.178644e-07
-2.560909e-07
-1.346687e-07
-2.415986e-07
-1.50849e-07
-2.255245e-07
-1.662943e-07
-2.079309e-07
-1.808873e-07
-1.888957e-07
-1.945058e-07
-1.68514e-07
-2.07025e-07
-1.468989e-07
-2.183201e-07
-1.241825e-07
-2.282699e-07
-1.005147e-07
-2.367599e-07
-7.606256e-08
-2.436871e-07
-5.100803e-08
-2.48963e-07
-2.554534e-08
-2.525159e-07
-2.530812e-07
-2.729432e-08
2.801955e-07
-5.449108e-08
2.795371e-07
-8.123378e-08
2.7554e-07
-1.073078e-07
2.696098e-07
-1.325134e-07
2.618327e-07
-1.566693e-07
2.523147e-07
-1.796149e-07
2.41179e-07
-2.012114e-07
2.285609e-07
-2.213421e-07
2.146031e-07
-2.399116e-07
1.994509e-07
-2.568443e-07
1.832482e-07
-2.720824e-07
1.661343e-07
-2.855834e-07
1.482413e-07
-2.973177e-07
1.296924e-07
-3.072655e-07
1.10601e-07
-3.15415e-07
9.107066e-08
-3.217597e-07
7.119558e-08
-3.262964e-07
5.106141e-08
-3.290242e-07
3.074685e-08
-3.299427e-07
1.032539e-08
-3.290518e-07
-1.013269e-08
-3.26351e-07
-3.05582e-08
-3.218403e-07
-5.088081e-08
-3.155202e-07
-7.102696e-08
-3.073932e-07
-9.091782e-08
-2.974654e-07
-1.104675e-07
-2.857481e-07
-1.295816e-07
-2.722605e-07
-1.481563e-07
-2.570319e-07
-1.660776e-07
-2.401044e-07
-1.832219e-07
-2.215353e-07
-1.994563e-07
-2.014002e-07
-2.146409e-07
-1.797943e-07
-2.286309e-07
-1.568343e-07
-2.412801e-07
-1.326592e-07
-2.524449e-07
-1.074302e-07
-2.61989e-07
-8.132906e-08
-2.697882e-07
-5.455628e-08
-2.757358e-07
-2.732739e-08
-2.797448e-07
-2.804086e-07
-2.929973e-08
3.094952e-07
-5.848199e-08
3.087194e-07
-8.715226e-08
3.042103e-07
-1.150703e-07
2.975279e-07
-1.420149e-07
2.887773e-07
-1.677875e-07
2.780873e-07
-1.922152e-07
2.656067e-07
-2.151518e-07
2.514975e-07
-2.364778e-07
2.359291e-07
-2.560991e-07
2.190722e-07
-2.739446e-07
2.010937e-07
-2.899636e-07
1.821533e-07
-3.041223e-07
1.624e-07
-3.164006e-07
1.419707e-07
-3.267888e-07
1.209891e-07
-3.352843e-07
9.956617e-08
-3.41889e-07
7.780029e-08
-3.466068e-07
5.577925e-08
-3.494419e-07
3.358195e-08
-3.503972e-07
1.128066e-08
-3.494735e-07
-1.105637e-08
-3.466695e-07
-3.336224e-08
-3.419816e-07
-5.556869e-08
-3.354052e-07
-7.760334e-08
-3.269358e-07
-9.93872e-08
-3.16571e-07
-1.208323e-07
-3.043127e-07
-1.4184e-07
-2.9017e-07
-1.62299e-07
-2.741626e-07
-1.820851e-07
-2.563236e-07
-2.010609e-07
-2.367034e-07
-2.190765e-07
-2.153727e-07
-2.359716e-07
-1.924255e-07
-2.515781e-07
-1.679814e-07
-2.657242e-07
-1.421867e-07
-2.782396e-07
-1.152148e-07
-2.889609e-07
-8.726486e-08
-2.977381e-07
-5.855912e-08
-3.044415e-07
-2.933888e-08
-3.089651e-07
-3.097475e-07
-3.156287e-08
3.410581e-07
-6.298284e-08
3.401394e-07
-9.381985e-08
3.350473e-07
-1.238028e-07
3.275108e-07
-1.526844e-07
3.17659e-07
-1.802465e-07
3.056494e-07
-2.063026e-07
2.916628e-07
-2.306992e-07
2.758941e-07
-2.533153e-07
2.585452e-07
-2.7406e-07
2.398169e-07
-2.928697e-07
2.199034e-07
-3.097038e-07
1.989874e-07
-3.245407e-07
1.772369e-07
-3.373733e-07
1.548032e-07
-3.482047e-07
1.318205e-07
-3.570446e-07
1.08406e-07
-3.639056e-07
8.466129e-08
-3.688005e-07
6.067419e-08
-3.717401e-07
3.652152e-08
-3.727312e-07
1.227183e-08
-3.717762e-07
-1.201136e-08
-3.688723e-07
-3.626621e-08
-3.640118e-07
-6.042918e-08
-3.571835e-07
-8.443165e-08
-3.483739e-07
-1.081968e-07
-3.375698e-07
-1.316365e-07
-3.247608e-07
-1.54649e-07
-3.09943e-07
-1.771167e-07
-2.93123e-07
-1.989051e-07
-2.743216e-07
-2.198622e-07
-2.535789e-07
-2.398192e-07
-2.309582e-07
-2.585923e-07
-2.065499e-07
-2.759864e-07
-1.804751e-07
-2.917991e-07
-1.528874e-07
-3.058273e-07
-1.239738e-07
-3.178745e-07
-9.395337e-08
-3.277585e-07
-6.307441e-08
-3.353205e-07
-3.160938e-08
-3.404301e-07
-3.413569e-07
-3.411974e-08
3.751779e-07
-6.806392e-08
3.740835e-07
-1.013375e-07
3.683209e-07
-1.336316e-07
3.59805e-07
-1.646684e-07
3.486958e-07
-1.942065e-07
3.351875e-07
-2.220448e-07
3.19501e-07
-2.48023e-07
3.018724e-07
-2.720207e-07
2.825428e-07
-2.939533e-07
2.617496e-07
-3.137685e-07
2.397185e-07
-3.3144e-07
2.16659e-07
-3.469629e-07
1.927597e-07
-3.603469e-07
1.681873e-07
-3.716123e-07
1.430859e-07
-3.807842e-07
1.175779e-07
-3.878889e-07
9.176599e-08
-3.929504e-07
6.573565e-08
-3.959875e-07
3.955866e-08
-3.970124e-07
1.329667e-08
-3.960288e-07
-1.299488e-08
-3.930324e-07
-3.926263e-08
-3.880105e-07
-6.545111e-08
-3.809435e-07
-9.149867e-08
-3.718067e-07
-1.173335e-07
-3.605732e-07
-1.4287e-07
-3.47217e-07
-1.680052e-07
-3.317171e-07
-1.926166e-07
-3.140627e-07
-2.165595e-07
-2.942583e-07
-2.396667e-07
-2.72329e-07
-2.617484e-07
-2.48327e-07
-2.825944e-07
-2.223359e-07
-3.019774e-07
-1.944764e-07
-3.196586e-07
-1.649088e-07
-3.35395e-07
-1.338347e-07
-3.489486e-07
-1.014963e-07
-3.600969e-07
-6.817304e-08
-3.686438e-07
-3.417521e-08
-3.744279e-07
-3.755321e-07
-3.701484e-08
4.121927e-07
-7.381187e-08
4.108806e-07
-1.09829e-07
4.04338e-07
-1.447115e-07
3.946874e-07
-1.781443e-07
3.821286e-07
-2.098597e-07
3.66903e-07
-2.39641e-07
3.492823e-07
-2.673224e-07
3.295538e-07
-2.927869e-07
3.080073e-07
-3.15961e-07
2.849237e-07
-3.368087e-07
2.605662e-07
-3.553238e-07
2.351741e-07
-3.715232e-07
2.089591e-07
-3.854394e-07
1.821035e-07
-3.97114e-07
1.547605e-07
-4.065919e-07
1.270558e-07
-4.139165e-07
9.909063e-08
-4.191257e-07
7.094481e-08
-4.222484e-07
4.268144e-08
-4.23303e-07
1.435129e-08
-4.222955e-07
-1.400242e-08
-4.192192e-07
-4.233893e-08
-4.140553e-07
-7.061501e-08
-4.06774e-07
-9.877995e-08
-3.973368e-07
-1.267707e-07
-3.856995e-07
-1.545073e-07
-3.718163e-07
-1.818885e-07
-3.556444e-07
-2.087884e-07
-3.371505e-07
-2.350534e-07
-3.163166e-07
-2.605005e-07
-2.931479e-07
-2.849171e-07
-2.676796e-07
-3.080627e-07
-2.399845e-07
-3.296725e-07
-2.101793e-07
-3.494637e-07
-1.784299e-07
-3.671444e-07
-1.449534e-07
-3.82425e-07
-1.100188e-07
-3.950315e-07
-7.394241e-08
-4.047201e-07
-3.708127e-08
-4.112891e-07
-4.126134e-07
-4.030369e-08
4.524964e-07
-8.033448e-08
4.509114e-07
-1.19448e-07
4.434516e-07
-1.572326e-07
4.32472e-07
-1.933288e-07
4.182248e-07
-2.274387e-07
4.010129e-07
-2.593295e-07
3.81173e-07
-2.888324e-07
3.590567e-07
-3.158386e-07
3.350136e-07
-3.402919e-07
3.093769e-07
-3.621793e-07
2.824536e-07
-3.815223e-07
2.545171e-07
-3.983667e-07
2.258035e-07
-4.127739e-07
1.965107e-07
-4.248131e-07
1.667997e-07
-4.345539e-07
1.367966e-07
-4.420608e-07
1.065976e-07
-4.473887e-07
7.627265e-08
-4.505789e-07
4.587168e-08
-4.516573e-07
1.542966e-08
-4.506324e-07
-1.502736e-08
-4.47495e-07
-4.547631e-08
-4.422188e-07
-7.58912e-08
-4.347616e-07
-1.062371e-07
-4.250679e-07
-1.364644e-07
-4.130723e-07
-1.665029e-07
-3.98704e-07
-1.962568e-07
-3.818928e-07
-2.255996e-07
-3.62576e-07
-2.543702e-07
-3.407064e-07
-2.823701e-07
-3.162615e-07
-3.093621e-07
-2.892527e-07
-3.350715e-07
-2.597355e-07
-3.591897e-07
-2.278181e-07
-3.813811e-07
-1.936691e-07
-4.012934e-07
-1.575218e-07
-4.185723e-07
-1.196755e-07
-4.328778e-07
-8.049134e-08
-4.439043e-07
-4.038362e-08
-4.513968e-07
-4.52997e-07
-4.405624e-08
4.965526e-07
-8.776709e-08
4.946222e-07
-1.30386e-07
4.860705e-07
-1.714305e-07
4.735165e-07
-2.10488e-07
4.572823e-07
-2.472261e-07
4.37751e-07
-2.813964e-07
4.153433e-07
-3.128315e-07
3.904919e-07
-3.414379e-07
3.636199e-07
-3.671848e-07
3.351238e-07
-3.900923e-07
3.053612e-07
-4.102186e-07
2.746433e-07
-4.276474e-07
2.432323e-07
-4.424774e-07
2.113407e-07
-4.548119e-07
1.791342e-07
-4.647513e-07
1.46736e-07
-4.723859e-07
1.142321e-07
-4.777909e-07
8.167771e-08
-4.810229e-07
4.91036e-08
-4.821164e-07
1.652322e-08
-4.810832e-07
-1.606055e-08
-4.779112e-07
-4.864839e-08
-4.725648e-07
-8.123751e-08
-4.649873e-07
-1.138147e-07
-4.551023e-07
-1.463494e-07
-4.428186e-07
-1.787866e-07
-4.280348e-07
-2.110406e-07
-4.10646e-07
-2.429884e-07
-3.905523e-07
-2.74464e-07
-3.67668e-07
-3.052544e-07
-3.419333e-07
-3.350967e-07
-3.133267e-07
-3.636782e-07
-2.818772e-07
-3.906392e-07
-2.476776e-07
-4.155806e-07
-2.108949e-07
-4.380762e-07
-1.717778e-07
-4.576894e-07
-1.3066e-07
-4.739956e-07
-8.79565e-08
-4.866078e-07
-4.415291e-08
-4.952004e-07
-4.971499e-07
-4.836155e-08
5.449142e-07
-9.628136e-08
5.42542e-07
-1.428845e-07
5.326736e-07
-1.876e-07
5.18232e-07
-2.299511e-07
4.996334e-07
-2.695672e-07
4.773672e-07
-3.061867e-07
4.519627e-07
-3.396504e-07
4.239556e-07
-3.698902e-07
3.938598e-07
-3.969132e-07
3.621468e-07
-4.207848e-07
3.292328e-07
-4.416121e-07
2.954705e-07
-4.595279e-07
2.611482e-07
-4.746778e-07
2.264906e-07
-4.872077e-07
1.916642e-07
-4.972554e-07
1.567837e-07
-5.049423e-07
1.21919e-07
-5.103681e-07
8.71035e-08
-5.136068e-07
5.234238e-08
-5.14704e-07
1.762036e-08
-5.136747e-07
-1.708987e-08
-5.105033e-07
-5.181976e-08
-5.05144e-07
-8.65968e-08
-4.975222e-07
-1.214365e-07
-4.875372e-07
-1.563344e-07
-4.750665e-07
-1.912573e-07
-4.599714e-07
-2.261358e-07
-4.421041e-07
-2.608557e-07
-4.213173e-07
-2.952507e-07
-3.97476e-07
-3.290957e-07
-3.704709e-07
-3.621018e-07
-3.402343e-07
-3.939147e-07
-3.067572e-07
-4.241163e-07
-2.701062e-07
-4.522317e-07
-2.304394e-07
-4.77743e-07
-1.880187e-07
-5.0011e-07
-1.432162e-07
-5.187981e-07
-9.651137e-08
-5.333126e-07
-4.847916e-08
-5.432326e-07
-5.45629e-07
-5.333447e-08
5.982486e-07
-1.060976e-07
5.953052e-07
-1.57251e-07
5.83827e-07
-2.061126e-07
5.670936e-07
-2.521284e-07
5.456492e-07
-2.948868e-07
5.201256e-07
-3.34118e-07
4.911939e-07
-3.696825e-07
4.595201e-07
-4.015525e-07
4.257298e-07
-4.297894e-07
3.903838e-07
-4.545207e-07
3.53964e-07
-4.759176e-07
3.168675e-07
-4.941762e-07
2.794067e-07
-5.095003e-07
2.418147e-07
-5.220882e-07
2.042521e-07
-5.321223e-07
1.668178e-07
-5.397614e-07
1.29558e-07
-5.451339e-07
9.247606e-08
-5.483343e-07
5.554271e-08
-5.494199e-07
1.870596e-08
-5.4841e-07
-1.809977e-08
-5.452851e-07
-5.494465e-08
-5.399874e-07
-9.189449e-08
-5.324221e-07
-1.290018e-07
-5.2246e-07
-1.662965e-07
-5.099413e-07
-2.03776e-07
-4.94682e-07
-2.41395e-07
-4.764823e-07
-2.790555e-07
-4.551358e-07
-3.165972e-07
-4.304441e-07
-3.537874e-07
-4.022329e-07
-3.90313e-07
-3.703718e-07
-4.257759e-07
-3.347963e-07
-4.596917e-07
-2.955321e-07
-4.914959e-07
-2.527168e-07
-5.205583e-07
-2.066202e-07
-5.462067e-07
-1.57655e-07
-5.677632e-07
-1.063787e-07
-5.845889e-07
-5.347855e-08
-5.961327e-07
-5.991076e-07
-5.912503e-08
6.573737e-07
-1.175019e-07
6.53682e-07
-1.738818e-07
6.402069e-07
-2.274415e-07
6.206533e-07
-2.775354e-07
5.957431e-07
-3.2371e-07
5.663002e-07
-3.656978e-07
5.331817e-07
-4.033967e-07
4.97219e-07
-4.368407e-07
4.591739e-07
-4.661685e-07
4.197115e-07
-4.91591e-07
3.793865e-07
-5.133637e-07
3.386402e-07
-5.317619e-07
2.978049e-07
-5.47061e-07
2.571138e-07
-5.595236e-07
2.167146e-07
-5.693858e-07
1.766801e-07
-5.768491e-07
1.370213e-07
-5.820744e-07
9.770144e-08
-5.85179e-07
5.864731e-08
-5.862339e-07
1.976082e-08
-5.852629e-07
-1.907082e-08
-5.822421e-07
-5.796543e-08
-5.771004e-07
-9.703615e-08
-5.697205e-07
-1.363818e-07
-5.599406e-07
-1.760764e-07
-5.475584e-07
-2.161582e-07
-5.323362e-07
-2.566172e-07
-5.140093e-07
-2.973823e-07
-4.922998e-07
-3.383067e-07
-4.66929e-07
-3.791582e-07
-4.376378e-07
-4.196042e-07
-4.04211e-07
-4.592027e-07
-3.665061e-07
-4.973966e-07
-3.244852e-07
-5.335169e-07
-2.782477e-07
-5.667957e-07
-2.280602e-07
-5.963943e-07
-1.743772e-07
-6.214462e-07
-1.178481e-07
-6.41118e-07
-5.930296e-08
-6.546779e-07
-6.584106e-07
-6.593228e-08
7.233059e-07
-1.308713e-07
7.18621e-07
-1.93293e-07
7.026287e-07
-2.521949e-07
6.795552e-07
-3.068242e-07
6.503723e-07
-3.566896e-07
6.161656e-07
-4.015447e-07
5.780368e-07
-4.41352e-07
5.370263e-07
-4.762388e-07
4.940607e-07
-5.064516e-07
4.499243e-07
-5.323135e-07
4.052484e-07
-5.541872e-07
3.605138e-07
-5.724468e-07
3.160646e-07
-5.874588e-07
2.721258e-07
-5.99561e-07
2.288168e-07
-6.090507e-07
1.861698e-07
-6.161777e-07
1.441483e-07
-6.21139e-07
1.026628e-07
-6.24077e-07
6.158526e-08
-6.250773e-07
2.076119e-08
-6.241689e-07
-1.997925e-08
-6.213233e-07
-6.081109e-08
-6.164548e-07
-1.019046e-07
-6.094213e-07
-1.434153e-07
-6.000252e-07
-1.854725e-07
-5.880161e-07
-2.281673e-07
-5.73095e-07
-2.715383e-07
-5.54922e-07
-3.155553e-07
-5.331274e-07
-3.601012e-07
-5.073332e-07
-4.049524e-07
-4.771718e-07
-4.497656e-07
-4.423147e-07
-4.940598e-07
-4.025098e-07
-5.372016e-07
-3.576241e-07
-5.784025e-07
-3.076908e-07
-6.167291e-07
-2.529538e-07
-6.511312e-07
-1.93905e-07
-6.804951e-07
-1.313013e-07
-7.037216e-07
-6.615409e-08
-7.198252e-07
-7.245646e-07
-7.402487e-08
7.973308e-07
-1.467095e-07
7.913056e-07
-2.161658e-07
7.72085e-07
-2.811627e-07
7.445522e-07
-3.40826e-07
7.100356e-07
-3.946407e-07
6.699802e-07
-4.424135e-07
6.258096e-07
-4.842138e-07
5.788266e-07
-5.203065e-07
5.301534e-07
-5.510877e-07
4.807055e-07
-5.770262e-07
4.311869e-07
-5.986226e-07
3.821102e-07
-6.163793e-07
3.338213e-07
-6.307682e-07
2.865148e-07
-6.422138e-07
2.402623e-07
-6.510822e-07
1.950382e-07
-6.57676e-07
1.507421e-07
-6.622313e-07
1.072181e-07
-6.649169e-07
6.427085e-08
-6.65834e-07
2.167829e-08
-6.650166e-07
-2.079662e-08
-6.624316e-07
-6.339614e-08
-6.579783e-07
-1.06358e-07
-6.514884e-07
-1.499052e-07
-6.427258e-07
-1.94235e-07
-6.313875e-07
-2.395056e-07
-6.171057e-07
-2.858201e-07
-5.994539e-07
-3.332072e-07
-5.779566e-07
-3.815985e-07
-5.521066e-07
-4.308024e-07
-5.213972e-07
-4.804751e-07
-4.853524e-07
-5.301046e-07
-4.435682e-07
-5.789857e-07
-3.957717e-07
-6.26199e-07
-3.418864e-07
-6.706144e-07
-2.821006e-07
-7.10917e-07
-2.169285e-07
-7.456671e-07
-1.472492e-07
-7.73401e-07
-7.430446e-08
-7.927699e-07
-7.988691e-07
-8.377272e-08
8.811035e-07
-1.657016e-07
8.732345e-07
-2.434115e-07
8.497949e-07
-3.153816e-07
8.165223e-07
-3.806086e-07
7.752626e-07
-4.38585e-07
7.279567e-07
-4.89226e-07
6.764505e-07
-5.327714e-07
6.22372e-07
-5.696861e-07
5.670681e-07
-6.005667e-07
5.115862e-07
-6.260756e-07
4.566958e-07
-6.468964e-07
4.02931e-07
-6.636813e-07
3.506062e-07
-6.770248e-07
2.998583e-07
-6.874485e-07
2.50686e-07
-6.953934e-07
2.029832e-07
-7.012182e-07
1.565668e-07
-7.051988e-07
1.111987e-07
-7.075307e-07
6.660274e-08
-7.083305e-07
2.24781e-08
-7.076374e-07
-2.148971e-08
-7.054136e-07
-6.561992e-08
-7.015438e-07
-1.102278e-07
-6.958335e-07
-1.556155e-07
-6.880071e-07
-2.020614e-07
-6.777061e-07
-2.498066e-07
-6.644883e-07
-2.990379e-07
-6.4783e-07
-3.498655e-07
-6.27133e-07
-4.022955e-07
-6.017395e-07
-4.561959e-07
-5.709584e-07
-5.112562e-07
-5.341177e-07
-5.669453e-07
-4.906101e-07
-6.224933e-07
-4.399592e-07
-6.7685e-07
-3.819137e-07
-7.286599e-07
-3.165499e-07
-7.762807e-07
-2.443719e-07
-8.178452e-07
-1.663869e-07
-8.513859e-07
-8.412983e-08
-8.75027e-07
-8.829989e-07
-9.569726e-08
9.768008e-07
-1.887958e-07
9.663331e-07
-2.762672e-07
9.372663e-07
-3.562261e-07
8.964811e-07
-4.275511e-07
8.465876e-07
-4.898063e-07
7.902119e-07
-5.431054e-07
7.297497e-07
-5.879541e-07
6.672206e-07
-6.250981e-07
6.042121e-07
-6.554066e-07
5.418947e-07
-6.798094e-07
4.810986e-07
-6.992075e-07
4.223291e-07
-7.144294e-07
3.658281e-07
-7.262076e-07
3.116365e-07
-7.351688e-07
2.596472e-07
-7.418319e-07
2.096463e-07
-7.466113e-07
1.613462e-07
-7.498214e-07
1.144089e-07
-7.516827e-07
6.846408e-08
-7.52326e-07
2.312134e-08
-7.51795e-07
-2.202062e-08
-7.500481e-07
-6.736682e-08
-7.469566e-07
-1.133194e-07
-7.423016e-07
-1.602704e-07
-7.3577e-07
-2.08593e-07
-7.26948e-07
-2.586286e-07
-7.153163e-07
-3.106696e-07
-7.002464e-07
-3.649354e-07
-6.810021e-07
-4.215398e-07
-6.56749e-07
-4.80449e-07
-6.26577e-07
-5.414281e-07
-5.895445e-07
-6.039778e-07
-5.44767e-07
-6.672708e-07
-4.914824e-07
-7.301346e-07
-4.291678e-07
-7.909745e-07
-3.576947e-07
-8.477538e-07
-2.774903e-07
-8.980496e-07
-1.896781e-07
-9.391982e-07
-9.616064e-08
-9.685444e-07
-9.791596e-07
-1.105543e-07
1.087355e-06
-2.17331e-07
1.07311e-06
-3.164378e-07
1.036373e-06
-4.055376e-07
9.855809e-07
-4.834455e-07
9.244955e-07
-5.499182e-07
8.566846e-07
-6.054139e-07
7.852454e-07
-6.50838e-07
7.126448e-07
-6.873249e-07
6.40699e-07
-7.161435e-07
5.707133e-07
-7.385488e-07
5.035039e-07
-7.557016e-07
4.394819e-07
-7.686306e-07
3.78757e-07
-7.782175e-07
3.212235e-07
-7.851969e-07
2.666265e-07
-7.90163e-07
2.146125e-07
-7.935814e-07
1.647645e-07
-7.957999e-07
1.166274e-07
-7.970595e-07
6.972369e-08
-7.975021e-07
2.356391e-08
-7.971753e-07
-2.234737e-08
-7.960345e-07
-6.850765e-08
-7.939406e-07
-1.154133e-07
-7.906553e-07
-1.635557e-07
-7.85833e-07
-2.134153e-07
-7.790099e-07
-2.654518e-07
-7.69592e-07
-3.200874e-07
-7.568442e-07
-3.776833e-07
-7.398813e-07
-4.385027e-07
-7.176687e-07
-5.026616e-07
-6.890356e-07
-5.700612e-07
-6.527123e-07
-6.40301e-07
-6.074097e-07
-7.125733e-07
-5.519698e-07
-7.855746e-07
-4.854617e-07
-8.574826e-07
-4.074019e-07
-9.258135e-07
-3.18016e-07
-9.874355e-07
-2.184851e-07
-1.038729e-06
-1.111672e-07
-1.075862e-06
-1.090327e-06
-1.294759e-07
1.216831e-06
-2.532381e-07
1.196872e-06
-3.663107e-07
1.149446e-06
-4.658066e-07
1.085077e-06
-5.506286e-07
1.009318e-06
-6.209442e-07
9.270002e-07
-6.777844e-07
8.420856e-07
-7.226236e-07
7.57484e-07
-7.572014e-07
6.752767e-07
-7.832935e-07
5.968055e-07
-8.02551e-07
5.227614e-07
-8.164342e-07
4.533651e-07
-8.261892e-07
3.88512e-07
-8.328493e-07
3.278835e-07
-8.372504e-07
2.710277e-07
-8.400522e-07
2.174143e-07
-8.417599e-07
1.664722e-07
-8.427446e-07
1.176121e-07
-8.432599e-07
7.023895e-08
-8.434538e-07
2.375782e-08
-8.433762e-07
-2.242493e-08
-8.429812e-07
-6.890264e-08
-8.421245e-07
-1.1627e-07
-8.405564e-07
-1.651238e-07
-8.379092e-07
-2.160625e-07
-8.336807e-07
-2.696803e-07
-8.272134e-07
-3.265548e-07
-8.176718e-07
-3.872248e-07
-8.040209e-07
-4.521536e-07
-7.850091e-07
-5.216734e-07
-7.591658e-07
-5.959046e-07
-7.24823e-07
-6.746438e-07
-6.801801e-07
-7.572162e-07
-6.234629e-07
-8.422918e-07
-5.531594e-07
-9.277862e-07
-4.681981e-07
-1.010775e-06
-3.683768e-07
-1.087257e-06
-2.54776e-07
-1.15233e-06
-1.303058e-07
-1.200333e-06
-1.220632e-06
-1.542232e-07
1.371054e-06
-2.993656e-07
1.342014e-06
-4.292838e-07
1.279364e-06
-5.404296e-07
1.196223e-06
-6.321516e-07
1.101039e-06
-7.054062e-07
1.000255e-06
-7.621029e-07
8.987823e-07
-8.046308e-07
8.000118e-07
-8.355596e-07
7.062055e-07
-8.572944e-07
6.185403e-07
-8.71952e-07
5.37419e-07
-8.813204e-07
4.627335e-07
-8.868653e-07
3.940568e-07
-8.897585e-07
3.307768e-07
-8.909178e-07
2.72187e-07
-8.910465e-07
2.17543e-07
-8.906697e-07
1.660954e-07
-8.901658e-07
1.171082e-07
-8.897887e-07
6.986182e-08
-8.896843e-07
2.365343e-08
-8.899017e-07
-2.220753e-08
-8.903967e-07
-6.840762e-08
-8.910284e-07
-1.156383e-07
-8.915477e-07
-1.646045e-07
-8.915814e-07
-2.160288e-07
-8.906091e-07
-2.706526e-07
-8.879318e-07
-3.292322e-07
-8.826347e-07
-3.925219e-07
-8.735463e-07
-4.612419e-07
-8.591981e-07
-5.360217e-07
-8.377923e-07
-6.173103e-07
-8.071944e-07
-7.052417e-07
-7.649695e-07
-7.994411e-07
-7.085038e-07
-8.987574e-07
-6.353481e-07
-1.000942e-06
-5.435308e-07
-1.102592e-06
-4.320323e-07
-1.198755e-06
-3.014585e-07
-1.282904e-06
-1.553798e-07
-1.346411e-06
-1.376012e-06
-1.876504e-07
1.558705e-06
-3.600125e-07
1.514376e-06
-5.102699e-07
1.429621e-06
-6.34067e-07
1.32002e-06
-7.319869e-07
1.198959e-06
-8.063628e-07
1.074631e-06
-8.605037e-07
9.529232e-07
-8.982224e-07
8.377304e-07
-9.231388e-07
7.31122e-07
-9.384158e-07
6.338173e-07
-9.466863e-07
5.456895e-07
-9.500685e-07
4.661158e-07
-9.502228e-07
3.94211e-07
-9.484234e-07
3.289774e-07
-9.456311e-07
2.693947e-07
-9.425582e-07
2.1447e-07
-9.397209e-07
1.632581e-07
-9.374777e-07
1.14865e-07
-9.360633e-07
6.844747e-08
-9.356117e-07
2.320186e-08
-9.361682e-07
-2.165111e-08
-9.376932e-07
-6.688263e-08
-9.400588e-07
-1.132727e-07
-9.430366e-07
-1.616267e-07
-9.462749e-07
-2.127905e-07
-9.492645e-07
-2.67663e-07
-9.513e-07
-3.271966e-07
-9.514274e-07
-3.923946e-07
-9.483767e-07
-4.642926e-07
-9.404887e-07
-5.439097e-07
-9.256396e-07
-6.321595e-07
-9.011797e-07
-7.297016e-07
-8.639139e-07
-8.367069e-07
-8.101675e-07
-9.525038e-07
-7.360448e-07
-1.075065e-06
-6.38132e-07
-1.200505e-06
-5.139897e-07
-1.322898e-06
-3.629286e-07
-1.433965e-06
-1.893207e-07
-1.520019e-06
-1.565333e-06
-2.346139e-07
1.793318e-06
-4.418253e-07
1.721588e-06
-6.164788e-07
1.604275e-06
-7.531338e-07
1.456675e-06
-8.552546e-07
1.30108e-06
-9.27373e-07
1.146749e-06
-9.752812e-07
1.000831e-06
-1.004662e-06
8.671113e-07
-1.020437e-06
7.468971e-07
-1.026625e-06
6.400047e-07
-1.026377e-06
5.454416e-07
-1.022095e-06
4.618341e-07
-1.015568e-06
3.876843e-07
-1.008104e-06
3.215134e-07
-1.000648e-06
2.619381e-07
-9.938627e-07
2.076851e-07
-9.88206e-07
1.576015e-07
-9.839855e-07
1.106444e-07
-9.813978e-07
6.58598e-08
-9.805531e-07
2.235715e-08
-9.814887e-07
-2.071551e-08
-9.841738e-07
-6.41975e-08
-9.885053e-07
-1.089412e-07
-9.942938e-07
-1.558381e-07
-1.00124e-06
-2.058443e-07
-1.008897e-06
-2.600061e-07
-1.016611e-06
-3.194825e-07
-1.023449e-06
-3.855569e-07
-1.028113e-06
-4.596284e-07
-1.028823e-06
-5.431996e-07
-1.023179e-06
-6.378031e-07
-1.00802e-06
-7.448611e-07
-9.79296e-07
-8.654308e-07
-9.320247e-07
-9.997751e-07
-8.604177e-07
-1.146672e-06
-7.585148e-07
-1.302408e-06
-6.216041e-07
-1.459808e-06
-4.459946e-07
-1.609574e-06
-2.371287e-07
-1.728885e-06
-1.802462e-06
-3.034781e-07
2.096797e-06
-5.551885e-07
1.973298e-06
-7.586083e-07
1.807695e-06
-9.064395e-07
1.604506e-06
-1.008211e-06
1.402851e-06
-1.072466e-06
1.211004e-06
-1.108663e-06
1.037029e-06
-1.124861e-06
8.833091e-07
-1.127478e-06
7.495144e-07
-1.121394e-06
6.339204e-07
-1.110189e-06
5.342361e-07
-1.096423e-06
4.480682e-07
-1.08189e-06
3.731512e-07
-1.067823e-06
3.074467e-07
-1.05504e-06
2.49155e-07
-1.044078e-06
1.96723e-07
-1.035286e-06
1.488097e-07
-1.028886e-06
1.042445e-07
-1.025012e-06
6.198559e-08
-1.023736e-06
2.108091e-08
-1.025082e-06
-1.936893e-08
-1.029034e-06
-6.024593e-08
-1.035526e-06
-1.024494e-07
-1.044432e-06
-1.469314e-07
-1.055542e-06
-1.947342e-07
-1.068518e-06
-2.4703e-07
-1.082838e-06
-3.051633e-07
-1.0977e-06
-3.706943e-07
-1.111892e-06
-4.454368e-07
-1.123638e-06
-5.314535e-07
-1.130393e-06
-6.310475e-07
-1.128583e-06
-7.466717e-07
-1.113309e-06
-8.807042e-07
-1.078095e-06
-1.034989e-06
-1.014759e-06
-1.210008e-06
-9.136212e-07
-1.403545e-06
-7.657995e-07
-1.60763e-06
-5.613191e-07
-1.814055e-06
-3.074703e-07
-1.982734e-06
-2.109932e-06
-4.119461e-07
2.508743e-06
-7.172278e-07
2.27858e-06
-9.52826e-07
2.043293e-06
-1.105753e-06
1.757433e-06
-1.198265e-06
1.495363e-06
-1.24574e-06
1.25848e-06
-1.262355e-06
1.053644e-06
-1.258953e-06
8.799071e-07
-1.243463e-06
7.340243e-07
-1.221442e-06
6.118995e-07
-1.196654e-06
5.094487e-07
-1.171592e-06
4.23006e-07
-1.147833e-06
3.493923e-07
-1.126334e-06
2.859474e-07
-1.107667e-06
2.304879e-07
-1.092163e-06
1.812191e-07
-1.080004e-06
1.366509e-07
-1.071284e-06
9.552441e-08
-1.066048e-06
5.67489e-08
-1.064314e-06
1.934713e-08
-1.06609e-06
-1.759239e-08
-1.071377e-06
-5.495951e-08
-1.080161e-06
-9.366497e-08
-1.092408e-06
-1.346846e-07
-1.108034e-06
-1.791076e-07
-1.126873e-06
-2.281913e-07
-1.148611e-06
-2.834253e-07
-1.172699e-06
-3.466065e-07
-1.19821e-06
-4.199262e-07
-1.223601e-06
-5.060619e-07
-1.246418e-06
-6.082308e-07
-1.262928e-06
-7.301623e-07
-1.267585e-06
-8.76047e-07
-1.252429e-06
-1.050144e-06
-1.206495e-06
-1.255942e-06
-1.115344e-06
-1.494696e-06
-9.63067e-07
-1.759907e-06
-7.264243e-07
-2.050697e-06
-4.185185e-07
-2.29064e-06
-2.52845e-06
-5.762542e-07
3.084997e-06
-9.46862e-07
2.649188e-06
-1.22165e-06
2.318081e-06
-1.365406e-06
1.901189e-06
-1.433355e-06
1.563313e-06
-1.450514e-06
1.275639e-06
-1.436713e-06
1.039842e-06
-1.405611e-06
8.488044e-07
-1.366267e-06
6.946802e-07
-1.324421e-06
5.700543e-07
-1.283563e-06
4.685905e-07
-1.245629e-06
3.850719e-07
-1.211641e-06
3.154048e-07
-1.182096e-06
2.564022e-07
-1.157186e-06
2.055779e-07
-1.13694e-06
1.60973e-07
-1.121309e-06
1.210195e-07
-1.110217e-06
8.443242e-08
-1.103594e-06
5.012633e-08
-1.101394e-06
1.714713e-08
-1.103602e-06
-1.538426e-08
-1.110239e-06
-4.832255e-08
-1.121359e-06
-8.254526e-08
-1.13704e-06
-1.190035e-07
-1.15737e-06
-1.587784e-07
-1.182412e-06
-2.031493e-07
-1.212159e-06
-2.536781e-07
-1.246447e-06
-3.123181e-07
-1.28482e-06
-3.815531e-07
-1.326307e-06
-4.645751e-07
-1.369039e-06
-5.654983e-07
-1.409608e-06
-6.89594e-07
-1.442339e-06
-8.433162e-07
-1.458208e-06
-1.034275e-06
-1.443493e-06
-1.270658e-06
-1.378139e-06
-1.560051e-06
-1.236525e-06
-1.901521e-06
-9.61162e-07
-2.326061e-06
-5.886748e-07
-2.663127e-06
-3.117125e-06
-9.312742e-07
4.016271e-06
-1.328815e-06
3.046729e-06
-1.61204e-06
2.601306e-06
-1.705191e-06
1.99434e-06
-1.72128e-06
1.579401e-06
-1.688043e-06
1.242402e-06
-1.629491e-06
9.812905e-07
-1.561094e-06
7.804077e-07
-1.491956e-06
6.255426e-07
-1.426827e-06
5.04925e-07
-1.36787e-06
4.096337e-07
-1.315924e-06
3.331261e-07
-1.271133e-06
2.706132e-07
-1.233299e-06
2.185685e-07
-1.202087e-06
1.743654e-07
-1.177129e-06
1.360155e-07
-1.158089e-06
1.019795e-07
-1.144689e-06
7.103201e-08
-1.136724e-06
4.216139e-08
-1.134071e-06
1.449431e-08
-1.136691e-06
-1.27643e-08
-1.144628e-06
-4.038577e-08
-1.15801e-06
-6.916261e-08
-1.17705e-06
-9.996347e-08
-1.202036e-06
-1.337927e-07
-1.23332e-06
-1.718656e-07
-1.27129e-06
-2.15708e-07
-1.316315e-06
-2.672926e-07
-1.36864e-06
-3.292281e-07
-1.42819e-06
-4.05025e-07
-1.494224e-06
-4.994646e-07
-1.564712e-06
-6.191058e-07
-1.63509e-06
-7.729382e-07
-1.696419e-06
-9.729461e-07
-1.733306e-06
-1.23377e-06
-1.721742e-06
-1.571615e-06
-1.633497e-06
-1.989765e-06
-1.350704e-06
-2.608854e-06
-9.506806e-07
-3.06315e-06
-4.067806e-06
-1.283695e-06
5.299966e-06
-1.754435e-06
3.517469e-06
-2.073344e-06
2.920214e-06
-2.110901e-06
2.031897e-06
-2.056439e-06
1.524939e-06
-1.950887e-06
1.13685e-06
-1.832506e-06
8.629095e-07
-1.718155e-06
6.660564e-07
-1.61452e-06
5.219074e-07
-1.523638e-06
4.140438e-07
-1.445501e-06
3.314962e-07
-1.37925e-06
2.668752e-07
-1.323764e-06
2.151276e-07
-1.27793e-06
1.72734e-07
-1.240754e-06
1.371898e-07
-1.211408e-06
1.066689e-07
-1.189229e-06
7.980115e-08
-1.17372e-06
5.55232e-08
-1.164534e-06
3.297547e-08
-1.161468e-06
1.14276e-08
-1.164456e-06
-9.77634e-09
-1.173565e-06
-3.12764e-08
-1.189003e-06
-5.372467e-08
-1.211121e-06
-7.784554e-08
-1.240425e-06
-1.044886e-07
-1.277588e-06
-1.347024e-07
-1.32346e-06
-1.698364e-07
-1.379064e-06
-2.11689e-07
-1.445564e-06
-2.627281e-07
-1.524161e-06
-3.264279e-07
-1.615836e-06
-4.077897e-07
-1.720787e-06
-5.141543e-07
-1.837253e-06
-6.564724e-07
-1.958949e-06
-8.512495e-07
-2.069291e-06
-1.123429e-06
-2.129732e-06
-1.511174e-06
-2.102822e-06
-2.016675e-06
-1.790749e-06
-2.920927e-06
-1.333882e-06
-3.520017e-06
-5.401688e-06
-2.916481e-06
8.216447e-06
-3.02085e-06
3.621838e-06
-3.003998e-06
2.903362e-06
-2.749912e-06
1.777811e-06
-2.483187e-06
1.258214e-06
-2.242571e-06
8.962338e-07
-2.038807e-06
6.591452e-07
-1.867786e-06
4.950363e-07
-1.72569e-06
3.798108e-07
-1.608232e-06
2.965862e-07
-1.511412e-06
2.346757e-07
-1.431819e-06
1.872827e-07
-1.366684e-06
1.49992e-07
-1.31381e-06
1.198599e-07
-1.271488e-06
9.486794e-08
-1.238408e-06
7.35895e-08
-1.213589e-06
5.49817e-08
-1.196318e-06
3.825245e-08
-1.186115e-06
2.277209e-08
-1.182698e-06
8.010512e-09
-1.185987e-06
-6.487024e-09
-1.196061e-06
-2.120274e-08
-1.213201e-06
-3.658396e-08
-1.237891e-06
-5.315573e-08
-1.270844e-06
-7.153565e-08
-1.313049e-06
-9.249747e-08
-1.365828e-06
-1.170571e-07
-1.430915e-06
-1.46602e-07
-1.510549e-06
-1.830944e-07
-1.60758e-06
-2.293969e-07
-1.725561e-06
-2.898091e-07
-1.868756e-06
-3.709592e-07
-2.041971e-06
-4.832568e-07
-2.250429e-06
-6.427921e-07
-2.499979e-06
-8.738779e-07
-2.778209e-06
-1.232944e-06
-3.05282e-06
-1.742065e-06
-3.081921e-06
-2.891826e-06
-2.979694e-06
-3.622244e-06
-8.381381e-06
-3.602715e-06
1.181916e-05
-3.632374e-06
3.651497e-06
-3.533124e-06
2.804112e-06
-3.150109e-06
1.394795e-06
-2.76783e-06
8.759354e-07
-2.432645e-06
5.610487e-07
-2.155724e-06
3.82225e-07
-1.934344e-06
2.736558e-07
-1.758209e-06
2.036754e-07
-1.617676e-06
1.560538e-07
-1.505029e-06
1.220287e-07
-1.414411e-06
9.666494e-08
-1.341469e-06
7.704958e-08
-1.282989e-06
6.137994e-08
-1.236607e-06
4.848548e-08
-1.200587e-06
3.756955e-08
-1.17367e-06
2.806466e-08
-1.154965e-06
1.954733e-08
-1.143878e-06
1.168515e-08
-1.140068e-06
4.200491e-09
-1.143414e-06
-3.140843e-09
-1.154025e-06
-1.059144e-08
-1.172226e-06
-1.838263e-08
-1.198596e-06
-2.678609e-08
-1.234007e-06
-3.612503e-08
-1.279696e-06
-4.680826e-08
-1.337372e-06
-5.938107e-08
-1.409367e-06
-7.460708e-08
-1.498853e-06
-9.360832e-08
-1.610132e-06
-1.18118e-07
-1.748987e-06
-1.509535e-07
-1.923018e-06
-1.969283e-07
-2.141603e-06
-2.646725e-07
-2.413975e-06
-3.704197e-07
-2.742407e-06
-5.454457e-07
-3.115284e-06
-8.600675e-07
-3.487612e-06
-1.369737e-06
-3.581363e-06
-2.798075e-06
-3.523686e-06
-3.679921e-06
-1.190507e-05
1.181916e-05
1.547066e-05
1.827477e-05
1.966957e-05
2.05455e-05
2.110655e-05
2.148878e-05
2.176243e-05
2.196611e-05
2.212216e-05
2.224419e-05
2.234085e-05
2.24179e-05
2.247928e-05
2.252777e-05
2.256534e-05
2.25934e-05
2.261295e-05
2.262464e-05
2.262884e-05
2.26257e-05
2.26151e-05
2.259672e-05
2.256994e-05
2.253381e-05
2.2487e-05
2.242762e-05
2.235301e-05
2.225941e-05
2.214129e-05
2.199033e-05
2.179341e-05
2.152873e-05
2.115831e-05
2.061287e-05
1.97528e-05
1.838306e-05
1.558499e-05
1.190507e-05
)
;

boundaryField
{
    movingWall
    {
        type            calculated;
        value           uniform 0;
    }
    fixedWalls
    {
        type            calculated;
        value           uniform 0;
    }
    frontAndBack
    {
        type            empty;
    }
}


// ************************************************************************* //
