/*--------------------------------*- C++ -*----------------------------------*\
| =========                 |                                                 |
| \\      /  F ield         | OpenFOAM: The Open Source CFD Toolbox           |
|  \\    /   O peration     | Version:  2412                                  |
|   \\  /    A nd           | Website:  www.openfoam.com                      |
|    \\/     M anipulation  |                                                 |
\*---------------------------------------------------------------------------*/
FoamFile
{
    version     2.0;
    format      ascii;
    arch        "LSB;label=32;scalar=64";
    class       volVectorField;
    location    "0.3";
    object      U;
}
// * * * * * * * * * * * * * * * * * * * * * * * * * * * * * * * * * * * * * //

dimensions      [0 1 -1 0 0 0 0];

internalField   nonuniform List<vector> 
1600
(
(-3.242189e-06 3.239687e-06 0)
(-9.722669e-06 3.234395e-06 0)
(-1.61567e-05 3.192648e-06 0)
(-2.248588e-05 3.130396e-06 0)
(-2.867043e-05 3.048196e-06 0)
(-3.467107e-05 2.946738e-06 0)
(-4.045009e-05 2.82686e-06 0)
(-4.597157e-05 2.689525e-06 0)
(-5.120164e-05 2.535802e-06 0)
(-5.610866e-05 2.366852e-06 0)
(-6.066339e-05 2.183904e-06 0)
(-6.48391e-05 1.98824e-06 0)
(-6.861168e-05 1.781177e-06 0)
(-7.195967e-05 1.564056e-06 0)
(-7.48643e-05 1.338227e-06 0)
(-7.730952e-05 1.105043e-06 0)
(-7.928196e-05 8.658538e-07 0)
(-8.077097e-05 6.220018e-07 0)
(-8.176856e-05 3.748215e-07 0)
(-8.226941e-05 1.256406e-07 0)
(-8.227083e-05 -1.24218e-07 0)
(-8.17728e-05 -3.734326e-07 0)
(-8.077792e-05 -6.206797e-07 0)
(-7.929146e-05 -8.646302e-07 0)
(-7.732133e-05 -1.103947e-06 0)
(-7.487816e-05 -1.337286e-06 0)
(-7.197523e-05 -1.563293e-06 0)
(-6.862857e-05 -1.780612e-06 0)
(-6.485691e-05 -1.987886e-06 0)
(-6.068168e-05 -2.183773e-06 0)
(-5.612698e-05 -2.366947e-06 0)
(-5.121955e-05 -2.536122e-06 0)
(-4.598862e-05 -2.690064e-06 0)
(-4.046585e-05 -2.827605e-06 0)
(-3.468514e-05 -2.947672e-06 0)
(-2.868246e-05 -3.049295e-06 0)
(-2.249556e-05 -3.131634e-06 0)
(-1.61638e-05 -3.193993e-06 0)
(-9.726996e-06 -3.235813e-06 0)
(-3.243642e-06 -3.241137e-06 0)
(-3.278744e-06 9.758075e-06 0)
(-9.832221e-06 9.742055e-06 0)
(-1.633856e-05 9.616218e-06 0)
(-2.273864e-05 9.428574e-06 0)
(-2.899217e-05 9.180811e-06 0)
(-3.505938e-05 8.875027e-06 0)
(-4.09021e-05 8.51375e-06 0)
(-4.648401e-05 8.099895e-06 0)
(-5.177087e-05 7.6367e-06 0)
(-5.673073e-05 7.127669e-06 0)
(-6.13341e-05 6.576517e-06 0)
(-6.555403e-05 5.987111e-06 0)
(-6.936623e-05 5.363428e-06 0)
(-7.27491e-05 4.709506e-06 0)
(-7.568377e-05 4.029413e-06 0)
(-7.815412e-05 3.327221e-06 0)
(-8.014672e-05 2.60699e-06 0)
(-8.165089e-05 1.872755e-06 0)
(-8.265861e-05 1.128525e-06 0)
(-8.316454e-05 3.782879e-07 0)
(-8.3166e-05 -3.739839e-07 0)
(-8.266295e-05 -1.124323e-06 0)
(-8.165802e-05 -1.868755e-06 0)
(-8.015646e-05 -2.603288e-06 0)
(-7.816624e-05 -3.323906e-06 0)
(-7.569798e-05 -4.026566e-06 0)
(-7.276506e-05 -4.707198e-06 0)
(-6.938355e-05 -5.361717e-06 0)
(-6.55723e-05 -5.986042e-06 0)
(-6.135287e-05 -6.576119e-06 0)
(-5.674954e-05 -7.127957e-06 0)
(-5.178924e-05 -7.63767e-06 0)
(-4.65015e-05 -8.101527e-06 0)
(-4.091827e-05 -8.516006e-06 0)
(-3.507382e-05 -8.877853e-06 0)
(-2.900452e-05 -9.184139e-06 0)
(-2.274858e-05 -9.432321e-06 0)
(-1.634585e-05 -9.620289e-06 0)
(-9.836665e-06 -9.746347e-06 0)
(-3.280236e-06 -9.762465e-06 0)
(-3.320909e-06 1.63563e-05 0)
(-9.958577e-06 1.632924e-05 0)
(-1.654822e-05 1.6118e-05 0)
(-2.302977e-05 1.580303e-05 0)
(-2.936228e-05 1.538719e-05 0)
(-3.550538e-05 1.487402e-05 0)
(-4.142033e-05 1.426781e-05 0)
(-4.707036e-05 1.357349e-05 0)
(-5.242082e-05 1.279653e-05 0)
(-5.743946e-05 1.194283e-05 0)
(-6.209652e-05 1.101866e-05 0)
(-6.63649e-05 1.003052e-05 0)
(-7.022019e-05 8.985112e-06 0)
(-7.364072e-05 7.889198e-06 0)
(-7.660763e-05 6.749602e-06 0)
(-7.910477e-05 5.573139e-06 0)
(-8.111876e-05 4.366596e-06 0)
(-8.263895e-05 3.136709e-06 0)
(-8.365735e-05 1.890167e-06 0)
(-8.416865e-05 6.336163e-07 0)
(-8.417018e-05 -6.263256e-07 0)
(-8.36619e-05 -1.883049e-06 0)
(-8.264641e-05 -3.129933e-06 0)
(-8.112896e-05 -4.360323e-06 0)
(-7.911746e-05 -5.567522e-06 0)
(-7.662251e-05 -6.744776e-06 0)
(-7.365744e-05 -7.885284e-06 0)
(-7.023833e-05 -8.982208e-06 0)
(-6.638404e-05 -1.002871e-05 0)
(-6.211619e-05 -1.101798e-05 0)
(-5.745917e-05 -1.194331e-05 0)
(-5.244009e-05 -1.279816e-05 0)
(-4.708871e-05 -1.357625e-05 0)
(-4.14373e-05 -1.427164e-05 0)
(-3.552054e-05 -1.487881e-05 0)
(-2.937525e-05 -1.539283e-05 0)
(-2.304021e-05 -1.580938e-05 0)
(-1.655587e-05 -1.612491e-05 0)
(-9.963244e-06 -1.633652e-05 0)
(-3.322476e-06 -1.636374e-05 0)
(-3.38463e-06 2.305906e-05 0)
(-1.014952e-05 2.302056e-05 0)
(-1.686502e-05 2.272208e-05 0)
(-2.346963e-05 2.227708e-05 0)
(-2.99214e-05 2.168966e-05 0)
(-3.617902e-05 2.096488e-05 0)
(-4.220294e-05 2.010889e-05 0)
(-4.795565e-05 1.91287e-05 0)
(-5.340193e-05 1.803213e-05 0)
(-5.850904e-05 1.682759e-05 0)
(-6.324688e-05 1.552397e-05 0)
(-6.758808e-05 1.413052e-05 0)
(-7.150809e-05 1.265668e-05 0)
(-7.498517e-05 1.111204e-05 0)
(-7.800041e-05 9.50621e-06 0)
(-8.053772e-05 7.848776e-06 0)
(-8.258377e-05 6.149264e-06 0)
(-8.412795e-05 4.417118e-06 0)
(-8.516234e-05 2.661699e-06 0)
(-8.568167e-05 8.922953e-07 0)
(-8.568331e-05 -8.818467e-07 0)
(-8.51672e-05 -2.651497e-06 0)
(-8.413592e-05 -4.407405e-06 0)
(-8.259467e-05 -6.140271e-06 0)
(-8.055129e-05 -7.840719e-06 0)
(-7.801633e-05 -9.499287e-06 0)
(-7.500305e-05 -1.110642e-05 0)
(-7.152751e-05 -1.265251e-05 0)
(-6.760857e-05 -1.41279e-05 0)
(-6.326794e-05 -1.552299e-05 0)
(-5.853016e-05 -1.682827e-05 0)
(-5.342258e-05 -1.803447e-05 0)
(-4.797532e-05 -1.913266e-05 0)
(-4.222114e-05 -2.011437e-05 0)
(-3.619528e-05 -2.097175e-05 0)
(-2.993532e-05 -2.169775e-05 0)
(-2.348084e-05 -2.22862e-05 0)
(-1.687324e-05 -2.273199e-05 0)
(-1.015453e-05 -2.303101e-05 0)
(-3.386312e-06 -2.306975e-05 0)
(-3.470499e-06 2.991137e-05 0)
(-1.040682e-05 2.986079e-05 0)
(-1.729187e-05 2.947242e-05 0)
(-2.406219e-05 2.889349e-05 0)
(-3.067448e-05 2.812941e-05 0)
(-3.708615e-05 2.718693e-05 0)
(-4.325652e-05 2.607412e-05 0)
(-4.914712e-05 2.480029e-05 0)
(-5.472194e-05 2.337571e-05 0)
(-5.994762e-05 2.181144e-05 0)
(-6.479359e-05 2.011915e-05 0)
(-6.923219e-05 1.831092e-05 0)
(-7.323866e-05 1.63991e-05 0)
(-7.679119e-05 1.439612e-05 0)
(-7.987089e-05 1.231447e-05 0)
(-8.246172e-05 1.016653e-05 0)
(-8.455042e-05 7.9646e-06 0)
(-8.612652e-05 5.720827e-06 0)
(-8.718217e-05 3.44723e-06 0)
(-8.771219e-05 1.155718e-06 0)
(-8.771397e-05 -1.141865e-06 0)
(-8.718746e-05 -3.433702e-06 0)
(-8.613519e-05 -5.707945e-06 0)
(-8.456228e-05 -7.95267e-06 0)
(-8.247647e-05 -1.015584e-05 0)
(-7.988821e-05 -1.230527e-05 0)
(-7.681066e-05 -1.438866e-05 0)
(-7.325981e-05 -1.639355e-05 0)
(-6.925452e-05 -1.830744e-05 0)
(-6.481656e-05 -2.011783e-05 0)
(-5.997066e-05 -2.181233e-05 0)
(-5.474448e-05 -2.33788e-05 0)
(-4.91686e-05 -2.480553e-05 0)
(-4.32764e-05 -2.608139e-05 0)
(-3.710392e-05 -2.719604e-05 0)
(-3.068969e-05 -2.814016e-05 0)
(-2.407445e-05 -2.89056e-05 0)
(-1.730086e-05 -2.948559e-05 0)
(-1.04123e-05 -2.987467e-05 0)
(-3.47234e-06 -2.992557e-05 0)
(-3.579289e-06 3.695818e-05 0)
(-1.073278e-05 3.689469e-05 0)
(-1.783255e-05 3.641291e-05 0)
(-2.481263e-05 3.569486e-05 0)
(-3.162796e-05 3.474744e-05 0)
(-3.823431e-05 3.357916e-05 0)
(-4.458958e-05 3.22003e-05 0)
(-5.065407e-05 3.062257e-05 0)
(-5.639079e-05 2.885893e-05 0)
(-6.17656e-05 2.692329e-05 0)
(-6.674739e-05 2.483027e-05 0)
(-7.130814e-05 2.259496e-05 0)
(-7.542289e-05 2.023269e-05 0)
(-7.90698e-05 1.775892e-05 0)
(-8.223001e-05 1.518904e-05 0)
(-8.488759e-05 1.253832e-05 0)
(-8.702947e-05 9.821814e-06 0)
(-8.864532e-05 7.054386e-06 0)
(-8.972745e-05 4.25069e-06 0)
(-9.027077e-05 1.42522e-06 0)
(-9.027273e-05 -1.407636e-06 0)
(-8.973328e-05 -4.233518e-06 0)
(-8.865489e-05 -7.03803e-06 0)
(-8.704256e-05 -9.80666e-06 0)
(-8.490389e-05 -1.252473e-05 0)
(-8.224914e-05 -1.517735e-05 0)
(-7.909132e-05 -1.774942e-05 0)
(-7.544629e-05 -2.022562e-05 0)
(-7.133285e-05 -2.25905e-05 0)
(-6.677283e-05 -2.482857e-05 0)
(-6.179113e-05 -2.69244e-05 0)
(-5.641578e-05 -2.886284e-05 0)
(-5.067791e-05 -3.062921e-05 0)
(-4.461165e-05 -3.220951e-05 0)
(-3.825406e-05 -3.359075e-05 0)
(-3.164487e-05 -3.47611e-05 0)
(-2.482626e-05 -3.571027e-05 0)
(-1.784255e-05 -3.642967e-05 0)
(-1.073888e-05 -3.691237e-05 0)
(-3.581337e-06 -3.697627e-05 0)
(-3.712005e-06 4.424632e-05 0)
(-1.113039e-05 4.416881e-05 0)
(-1.849198e-05 4.358914e-05 0)
(-2.572766e-05 4.27254e-05 0)
(-3.279018e-05 4.158612e-05 0)
(-3.963329e-05 4.018185e-05 0)
(-4.621311e-05 3.852522e-05 0)
(-5.248848e-05 3.663068e-05 0)
(-5.842121e-05 3.451411e-05 0)
(-6.397627e-05 3.219252e-05 0)
(-6.912193e-05 2.968371e-05 0)
(-7.382977e-05 2.700597e-05 0)
(-7.80747e-05 2.417784e-05 0)
(-8.183484e-05 2.121788e-05 0)
(-8.50915e-05 1.814452e-05 0)
(-8.782894e-05 1.497594e-05 0)
(-9.003435e-05 1.173e-05 0)
(-9.169764e-05 8.42425e-06 0)
(-9.281134e-05 5.075948e-06 0)
(-9.337052e-05 1.702113e-06 0)
(-9.337271e-05 -1.680387e-06 0)
(-9.281785e-05 -5.054729e-06 0)
(-9.170833e-05 -8.404032e-06 0)
(-9.004898e-05 -1.171126e-05 0)
(-8.784717e-05 -1.495912e-05 0)
(-8.51129e-05 -1.813005e-05 0)
(-8.185893e-05 -2.12061e-05 0)
(-7.81009e-05 -2.416906e-05 0)
(-7.385747e-05 -2.700042e-05 0)
(-6.915045e-05 -2.968156e-05 0)
(-6.400493e-05 -3.219385e-05 0)
(-5.844929e-05 -3.451891e-05 0)
(-5.251527e-05 -3.663886e-05 0)
(-4.623794e-05 -3.853661e-05 0)
(-3.965551e-05 -4.019618e-05 0)
(-3.280922e-05 -4.160305e-05 0)
(-2.574301e-05 -4.27445e-05 0)
(-1.850325e-05 -4.360992e-05 0)
(-1.113727e-05 -4.419074e-05 0)
(-3.714314e-06 -4.426876e-05 0)
(-3.869905e-06 5.182484e-05 0)
(-1.160341e-05 5.173191e-05 0)
(-1.92763e-05 5.104879e-05 0)
(-2.681565e-05 5.003123e-05 0)
(-3.417152e-05 4.868959e-05 0)
(-4.129522e-05 4.70367e-05 0)
(-4.814075e-05 4.508793e-05 0)
(-5.466518e-05 4.286073e-05 0)
(-6.082894e-05 4.037428e-05 0)
(-6.6596e-05 3.764897e-05 0)
(-7.193394e-05 3.47061e-05 0)
(-7.6814e-05 3.156743e-05 0)
(-8.121098e-05 2.825489e-05 0)
(-8.510312e-05 2.479033e-05 0)
(-8.847195e-05 2.119531e-05 0)
(-9.130212e-05 1.749099e-05 0)
(-9.358116e-05 1.369805e-05 0)
(-9.529937e-05 9.836714e-06 0)
(-9.644958e-05 5.926771e-06 0)
(-9.70271e-05 1.98768e-06 0)
(-9.702957e-05 -1.961307e-06 0)
(-9.645692e-05 -5.901007e-06 0)
(-9.531142e-05 -9.812159e-06 0)
(-9.359765e-05 -1.367528e-05 0)
(-9.132268e-05 -1.747054e-05 0)
(-8.849612e-05 -2.117768e-05 0)
(-8.513034e-05 -2.477596e-05 0)
(-8.124061e-05 -2.824416e-05 0)
(-7.684535e-05 -3.156062e-05 0)
(-7.196625e-05 -3.470342e-05 0)
(-6.662849e-05 -3.765052e-05 0)
(-6.08608e-05 -4.038006e-05 0)
(-5.469561e-05 -4.287065e-05 0)
(-4.816896e-05 -4.510176e-05 0)
(-4.132049e-05 -4.705413e-05 0)
(-3.419319e-05 -4.871019e-05 0)
(-2.683313e-05 -5.005449e-05 0)
(-1.928914e-05 -5.107412e-05 0)
(-1.161125e-05 -5.175865e-05 0)
(-3.872537e-06 -5.185221e-05 0)
(-4.054538e-06 5.97456e-05 0)
(-1.215644e-05 5.963546e-05 0)
(-2.019306e-05 5.884212e-05 0)
(-2.808686e-05 5.766081e-05 0)
(-3.578471e-05 5.610402e-05 0)
(-4.323494e-05 5.418723e-05 0)
(-5.038908e-05 5.192891e-05 0)
(-5.720213e-05 4.934996e-05 0)
(-6.363297e-05 4.647325e-05 0)
(-6.964445e-05 4.3323e-05 0)
(-7.520347e-05 3.992435e-05 0)
(-8.028098e-05 3.630284e-05 0)
(-8.48518e-05 3.248406e-05 0)
(-8.889443e-05 2.849333e-05 0)
(-9.239084e-05 2.43555e-05 0)
(-9.53262e-05 2.009475e-05 0)
(-9.768863e-05 1.573458e-05 0)
(-9.946892e-05 1.129785e-05 0)
(-0.0001006604 6.80678e-06 0)
(-0.0001012586 2.283157e-06 0)
(-0.0001012614 -2.251527e-06 0)
(-0.0001006687 -6.775874e-06 0)
(-9.94826e-05 -1.126838e-05 0)
(-9.770736e-05 -1.570724e-05 0)
(-9.534957e-05 -2.007017e-05 0)
(-9.241832e-05 -2.433429e-05 0)
(-8.892541e-05 -2.847602e-05 0)
(-8.488556e-05 -3.247108e-05 0)
(-8.031673e-05 -3.629456e-05 0)
(-7.524036e-05 -3.992102e-05 0)
(-6.968157e-05 -4.332477e-05 0)
(-6.366941e-05 -4.648011e-05 0)
(-5.723697e-05 -4.936181e-05 0)
(-5.042142e-05 -5.194549e-05 0)
(-4.326394e-05 -5.420817e-05 0)
(-3.580958e-05 -5.612881e-05 0)
(-2.810695e-05 -5.768883e-05 0)
(-2.020781e-05 -5.887266e-05 0)
(-1.216545e-05 -5.966771e-05 0)
(-4.057563e-06 -5.977861e-05 0)
(-4.267784e-06 6.806387e-05 0)
(-1.279509e-05 6.793429e-05 0)
(-2.125142e-05 6.702253e-05 0)
(-2.955375e-05 6.566547e-05 0)
(-3.76451e-05 6.387812e-05 0)
(-4.547033e-05 6.167905e-05 0)
(-5.297802e-05 5.909033e-05 0)
(-6.012084e-05 5.613687e-05 0)
(-6.68559e-05 5.284573e-05 0)
(-7.31449e-05 4.924548e-05 0)
(-7.895411e-05 4.536553e-05 0)
(-8.42543e-05 4.123562e-05 0)
(-8.902048e-05 3.68853e-05 0)
(-9.323168e-05 3.23436e-05 0)
(-9.687054e-05 2.763874e-05 0)
(-9.992303e-05 2.279804e-05 0)
(-0.0001023781 1.78478e-05 0)
(-0.0001042272 1.28134e-05 0)
(-0.0001054643 7.719391e-06 0)
(-0.0001060854 2.589712e-06 0)
(-0.0001060886 -2.5521e-06 0)
(-0.0001054738 -7.682632e-06 0)
(-0.0001042428 -1.277833e-05 0)
(-0.0001023994 -1.781523e-05 0)
(-9.994973e-05 -2.276874e-05 0)
(-9.690197e-05 -2.761342e-05 0)
(-9.326713e-05 -3.232288e-05 0)
(-8.905916e-05 -3.686973e-05 0)
(-8.42953e-05 -4.122563e-05 0)
(-7.899646e-05 -4.536143e-05 0)
(-7.318758e-05 -4.924745e-05 0)
(-6.689785e-05 -5.28538e-05 0)
(-6.016098e-05 -5.615091e-05 0)
(-5.301532e-05 -5.911005e-05 0)
(-4.550381e-05 -6.170401e-05 0)
(-3.767385e-05 -6.390772e-05 0)
(-2.957698e-05 -6.569896e-05 0)
(-2.126849e-05 -6.705906e-05 0)
(-1.280552e-05 -6.797289e-05 0)
(-4.271287e-06 -6.81034e-05 0)
(-4.511916e-06 7.683906e-05 0)
(-1.352611e-05 7.668723e-05 0)
(-2.246241e-05 7.564716e-05 0)
(-3.123127e-05 7.409994e-05 0)
(-3.977113e-05 7.206356e-05 0)
(-4.802273e-05 6.956024e-05 0)
(-5.593126e-05 6.661631e-05 0)
(-6.344674e-05 6.326135e-05 0)
(-7.052436e-05 5.952731e-05 0)
(-7.712464e-05 5.544771e-05 0)
(-8.321333e-05 5.105681e-05 0)
(-8.876122e-05 4.638898e-05 0)
(-9.374382e-05 4.147811e-05 0)
(-9.814099e-05 3.63572e-05 0)
(-0.0001019364 3.105802e-05 0)
(-0.0001051171 2.561104e-05 0)
(-0.0001076733 2.004532e-05 0)
(-0.0001095973 1.438866e-05 0)
(-0.0001108841 8.667739e-06 0)
(-0.0001115301 2.90842e-06 0)
(-0.0001115337 -2.863974e-06 0)
(-0.0001108949 -8.624287e-06 0)
(-0.0001096152 -1.434718e-05 0)
(-0.0001076978 -2.000677e-05 0)
(-0.0001051478 -2.557631e-05 0)
(-0.0001019725 -3.102795e-05 0)
(-9.818172e-05 -3.633254e-05 0)
(-9.378831e-05 -4.145951e-05 0)
(-8.880844e-05 -4.637696e-05 0)
(-8.326217e-05 -5.105176e-05 0)
(-7.717393e-05 -5.544986e-05 0)
(-7.057287e-05 -5.953671e-05 0)
(-6.349323e-05 -6.327787e-05 0)
(-5.597452e-05 -6.663962e-05 0)
(-4.80616e-05 -6.958981e-05 0)
(-3.980453e-05 -7.209869e-05 0)
(-3.125829e-05 -7.413977e-05 0)
(-2.248227e-05 -7.569064e-05 0)
(-1.353825e-05 -7.67332e-05 0)
(-4.515996e-06 -7.688615e-05 0)
(-4.789672e-06 8.613557e-05 0)
(-1.435763e-05 8.595795e-05 0)
(-2.383929e-05 8.47777e-05 0)
(-3.313736e-05 8.302301e-05 0)
(-4.218481e-05 8.071546e-05 0)
(-5.091757e-05 7.78817e-05 0)
(-5.92769e-05 7.455313e-05 0)
(-6.720984e-05 7.076484e-05 0)
(-7.466955e-05 6.65545e-05 0)
(-8.161541e-05 6.196134e-05 0)
(-8.801284e-05 5.702519e-05 0)
(-9.383299e-05 5.17856e-05 0)
(-9.905226e-05 4.628122e-05 0)
(-0.0001036518 4.054931e-05 0)
(-0.0001076167 3.462535e-05 0)
(-0.0001109357 2.854298e-05 0)
(-0.0001136004 2.233395e-05 0)
(-0.0001156048 1.602829e-05 0)
(-0.0001169445 9.654567e-06 0)
(-0.0001176171 3.240229e-06 0)
(-0.0001176213 -3.187954e-06 0)
(-0.000116957 -9.603445e-06 0)
(-0.0001156253 -1.597946e-05 0)
(-0.0001136286 -2.228851e-05 0)
(-0.0001109709 -2.850199e-05 0)
(-0.0001076582 -3.458978e-05 0)
(-0.0001036987 -4.052005e-05 0)
(-9.910358e-05 -4.625906e-05 0)
(-9.388754e-05 -5.177117e-05 0)
(-8.806936e-05 -5.701896e-05 0)
(-8.167253e-05 -6.196362e-05 0)
(-7.472586e-05 -6.656536e-05 0)
(-6.726389e-05 -7.078415e-05 0)
(-5.932727e-05 -7.458054e-05 0)
(-5.096288e-05 -7.79166e-05 0)
(-4.22238e-05 -8.075702e-05 0)
(-3.316893e-05 -8.307018e-05 0)
(-2.386252e-05 -8.482927e-05 0)
(-1.437184e-05 -8.601253e-05 0)
(-4.794446e-06 -8.619149e-05 0)
(-5.104351e-06 9.602379e-05 0)
(-1.529946e-05 9.581596e-05 0)
(-2.539801e-05 9.448119e-05 0)
(-3.529351e-05 9.249823e-05 0)
(-4.491243e-05 8.989303e-05 0)
(-5.418506e-05 8.66976e-05 0)
(-6.304813e-05 8.294947e-05 0)
(-7.144537e-05 7.869031e-05 0)
(-7.932786e-05 7.396457e-05 0)
(-8.665395e-05 6.881816e-05 0)
(-9.338907e-05 6.329726e-05 0)
(-9.950518e-05 5.74473e-05 0)
(-0.0001049801 5.13122e-05 0)
(-0.0001097969 4.493377e-05 0)
(-0.0001139427 3.835139e-05 0)
(-0.0001174085 3.160184e-05 0)
(-0.000120188 2.471943e-05 0)
(-0.0001222767 1.773616e-05 0)
(-0.0001236721 1.06821e-05 0)
(-0.0001243726 3.585917e-06 0)
(-0.0001243774 -3.524659e-06 0)
(-0.0001236864 -1.062217e-05 0)
(-0.0001223003 -1.767886e-05 0)
(-0.0001202203 -2.466605e-05 0)
(-0.000117449 -3.15536e-05 0)
(-0.0001139905 -3.830943e-05 0)
(-0.000109851 -4.489916e-05 0)
(-0.0001050394 -5.128585e-05 0)
(-9.956834e-05 -5.742999e-05 0)
(-9.345462e-05 -6.328957e-05 0)
(-8.672033e-05 -6.882048e-05 0)
(-7.939341e-05 -7.397703e-05 0)
(-7.150841e-05 -7.871279e-05 0)
(-6.310697e-05 -8.298157e-05 0)
(-5.423808e-05 -8.673864e-05 0)
(-4.495812e-05 -8.994204e-05 0)
(-3.533054e-05 -9.255398e-05 0)
(-2.542529e-05 -9.454223e-05 0)
(-1.531615e-05 -9.588061e-05 0)
(-5.109961e-06 -9.609007e-05 0)
(-5.459935e-06 0.0001065814 0)
(-1.636341e-05 0.0001063377 0)
(-2.715777e-05 0.0001048311 0)
(-3.772552e-05 0.0001025948 0)
(-4.798543e-05 9.966018e-05 0)
(-5.786113e-05 9.606578e-05 0)
(-6.728419e-05 9.185662e-05 0)
(-7.619473e-05 8.708234e-05 0)
(-8.454169e-05 8.179546e-05 0)
(-9.228272e-05 7.604975e-05 0)
(-9.93837e-05 6.989875e-05 0)
(-0.000105818 6.339456e-05 0)
(-0.0001115658 5.658693e-05 0)
(-0.0001166126 4.952261e-05 0)
(-0.0001209486 4.224496e-05 0)
(-0.0001245677 3.47939e-05 0)
(-0.0001274661 2.720604e-05 0)
(-0.0001296421 1.951499e-05 0)
(-0.0001310948 1.175189e-05 0)
(-0.0001318239 3.946032e-06 0)
(-0.0001318294 -3.874464e-06 0)
(-0.0001311112 -1.168184e-05 0)
(-0.0001296691 -1.944796e-05 0)
(-0.0001275033 -2.71435e-05 0)
(-0.0001246143 -3.473727e-05 0)
(-0.0001210037 -4.219557e-05 0)
(-0.0001166751 -4.94817e-05 0)
(-0.0001116344 -5.655562e-05 0)
(-0.0001058913 -6.337376e-05 0)
(-9.945985e-05 -6.988921e-05 0)
(-9.235999e-05 -7.605196e-05 0)
(-8.461817e-05 -8.180964e-05 0)
(-7.626843e-05 -8.710839e-05 0)
(-6.735312e-05 -9.189411e-05 0)
(-5.792335e-05 -9.611393e-05 0)
(-4.803914e-05 -9.971788e-05 0)
(-3.776912e-05 -0.0001026606 0)
(-2.71899e-05 -0.0001049033 0)
(-1.638308e-05 -0.0001064142 0)
(-5.466553e-06 -0.0001066598 0)
(-5.861257e-06 0.0001178947 0)
(-1.756378e-05 0.0001176082 0)
(-2.914174e-05 0.0001159087 0)
(-4.046447e-05 0.0001133887 0)
(-5.144148e-05 0.0001100863 0)
(-6.198862e-05 0.0001060483 0)
(-7.203157e-05 0.0001013287 0)
(-8.150653e-05 9.598702e-05 0)
(-9.036045e-05 9.008544e-05 0)
(-9.855067e-05 8.368702e-05 0)
(-0.0001060443 7.68539e-05 0)
(-0.000112817 6.964579e-05 0)
(-0.0001188521 6.211891e-05 0)
(-0.0001241388 5.432529e-05 0)
(-0.0001286714 4.63124e-05 0)
(-0.0001324475 3.812316e-05 0)
(-0.0001354669 2.979614e-05 0)
(-0.0001377309 2.13661e-05 0)
(-0.0001392411 1.286459e-05 0)
(-0.000139999 4.320828e-06 0)
(-0.0001400053 -4.237431e-06 0)
(-0.0001392599 -1.278292e-05 0)
(-0.0001377619 -2.128786e-05 0)
(-0.0001355096 -2.972303e-05 0)
(-0.0001325011 -3.805679e-05 0)
(-0.000128735 -4.625434e-05 0)
(-0.000124211 -5.427699e-05 0)
(-0.0001189315 -6.208169e-05 0)
(-0.0001129019 -6.962079e-05 0)
(-0.0001061328 -7.684203e-05 0)
(-9.864076e-05 -8.368892e-05 0)
(-9.044983e-05 -9.010143e-05 0)
(-8.159288e-05 -9.601706e-05 0)
(-7.211251e-05 -0.0001013724 0)
(-6.206184e-05 -0.0001061046 0)
(-5.150481e-05 -0.0001101541 0)
(-4.051595e-05 -0.0001134663 0)
(-2.917974e-05 -0.000115994 0)
(-1.758707e-05 -0.0001176987 0)
(-5.869092e-06 -0.0001179876 0)
(-6.314207e-06 0.0001300608 0)
(-1.891802e-05 0.0001297224 0)
(-3.13781e-05 0.0001278044 0)
(-4.354793e-05 0.0001249638 0)
(-5.532592e-05 0.0001212472 0)
(-6.661875e-05 0.0001167117 0)
(-7.734542e-05 0.0001114228 0)
(-8.7438e-05 0.0001054518 0)
(-9.684169e-05 9.887263e-05 0)
(-0.0001055143 9.175956e-05 0)
(-0.0001134249 8.418471e-05 0)
(-0.000120553 7.621649e-05 0)
(-0.0001268863 6.791832e-05 0)
(-0.0001324191 5.934786e-05 0)
(-0.0001371508 5.055676e-05 0)
(-0.0001410839 4.159066e-05 0)
(-0.0001442232 3.248965e-05 0)
(-0.0001465736 2.328893e-05 0)
(-0.00014814 1.401969e-05 0)
(-0.0001489259 4.710175e-06 0)
(-0.0001489331 -4.61322e-06 0)
(-0.0001481616 -1.392469e-05 0)
(-0.0001466092 -2.319781e-05 0)
(-0.0001442722 -3.240433e-05 0)
(-0.0001411456 -4.1513e-05 0)
(-0.0001372239 -5.048858e-05 0)
(-0.0001325025 -5.929086e-05 0)
(-0.0001269782 -6.787406e-05 0)
(-0.0001206516 -7.618637e-05 0)
(-0.000113528 -8.416987e-05 0)
(-0.0001056194 -9.176083e-05 0)
(-9.694631e-05 -9.889048e-05 0)
(-8.753935e-05 -0.0001054862 0)
(-7.744069e-05 -0.0001114734 0)
(-6.670515e-05 -0.0001167776 0)
(-5.540082e-05 -0.0001213269 0)
(-4.360892e-05 -0.0001250552 0)
(-3.142319e-05 -0.0001279051 0)
(-1.894568e-05 -0.0001298294 0)
(-6.323517e-06 -0.0001301708 0)
(-6.826016e-06 0.0001431897 0)
(-2.044749e-05 0.0001427878 0)
(-3.390127e-05 0.0001406198 0)
(-4.702164e-05 0.0001374134 0)
(-5.969363e-05 0.000133226 0)
(-7.181307e-05 0.0001281279 0)
(-8.329148e-05 0.0001221989 0)
(-9.405668e-05 0.0001155249 0)
(-0.0001040526 0.0001081943 0)
(-0.0001132386 0.0001002947 0)
(-0.0001215873 9.190978e-05 0)
(-0.0001290834 8.311805e-05 0)
(-0.0001357207 7.399086e-05 0)
(-0.0001415004 6.459187e-05 0)
(-0.0001464286 5.497678e-05 0)
(-0.0001505146 4.519361e-05 0)
(-0.0001537686 3.528328e-05 0)
(-0.0001562008 2.528057e-05 0)
(-0.0001578198 1.521526e-05 0)
(-0.0001586319 5.113454e-06 0)
(-0.0001586402 -5.000993e-06 0)
(-0.0001578445 -1.510498e-05 0)
(-0.0001562416 -2.517465e-05 0)
(-0.0001538248 -3.518388e-05 0)
(-0.0001505853 -4.510286e-05 0)
(-0.0001465128 -5.489677e-05 0)
(-0.0001415965 -6.452459e-05 0)
(-0.000135827 -7.393819e-05 0)
(-0.0001291977 -8.308167e-05 0)
(-0.0001217073 -9.189113e-05 0)
(-0.0001133614 -0.0001002948 0)
(-0.0001041752 -0.000108214 0)
(-9.417584e-05 -0.0001155643 0)
(-8.340385e-05 -0.0001222575 0)
(-7.191528e-05 -0.0001282048 0)
(-5.978245e-05 -0.0001333195 0)
(-4.709415e-05 -0.000137521 0)
(-3.395496e-05 -0.0001407387 0)
(-2.048046e-05 -0.0001429146 0)
(-6.837122e-06 -0.00014332 0)
(-7.405634e-06 0.0001574074 0)
(-2.217859e-05 0.0001569273 0)
(-3.675366e-05 0.00015447 0)
(-5.094166e-05 0.0001508419 0)
(-6.461137e-05 0.0001461145 0)
(-7.764592e-05 0.0001403745 0)
(-8.994842e-05 0.00013372 0)
(-0.0001014425 0.0001262552 0)
(-0.0001120719 0.0001180861 0)
(-0.0001217988 0.000109316 0)
(-0.0001306015 0.0001000429 0)
(-0.000138472 9.035621e-05 0)
(-0.0001454125 8.033625e-05 0)
(-0.0001514332 7.005288e-05 0)
(-0.000156549 5.956565e-05 0)
(-0.0001607774 4.892433e-05 0)
(-0.0001641362 3.816975e-05 0)
(-0.0001666417 2.733512e-05 0)
(-0.0001683071 1.64475e-05 0)
(-0.0001691422 5.529436e-06 0)
(-0.0001691516 -5.399283e-06 0)
(-0.0001683353 -1.631977e-05 0)
(-0.0001666881 -2.721224e-05 0)
(-0.0001642005 -3.805413e-05 0)
(-0.0001608585 -4.88184e-05 0)
(-0.0001566457 -5.947181e-05 0)
(-0.0001515439 -6.997346e-05 0)
(-0.0001455353 -8.027348e-05 0)
(-0.0001386045 -9.031214e-05 0)
(-0.0001307411 -0.0001000193 0)
(-0.0001219423 -0.0001093144 0)
(-0.0001122157 -0.0001181074 0)
(-0.0001015829 -0.0001262998 0)
(-9.008124e-05 -0.0001337876 0)
(-7.776715e-05 -0.0001404641 0)
(-6.471705e-05 -0.0001462241 0)
(-5.102815e-05 -0.0001509688 0)
(-3.681784e-05 -0.0001546106 0)
(-2.221806e-05 -0.0001570775 0)
(-7.418937e-06 -0.0001575621 0)
(-8.064235e-06 0.00017286 0)
(-2.414421e-05 0.0001722822 0)
(-3.998787e-05 0.0001694866 0)
(-5.537714e-05 0.0001653673 0)
(-7.0161e-05 0.000160014 0)
(-8.420758e-05 0.0001535351 0)
(-9.741079e-05 0.0001460515 0)
(-0.0001096906 0.0001376906 0)
(-0.0001209918 0.0001285799 0)
(-0.0001312818 0.000118842 0)
(-0.0001405472 0.0001085909 0)
(-0.00014879 9.792909e-05 0)
(-0.000156024 8.694632e-05 0)
(-0.000162271 7.571879e-05 0)
(-0.0001675572 6.430947e-05 0)
(-0.0001719105 5.276893e-05 0)
(-0.0001753578 4.113671e-05 0)
(-0.0001779231 2.944297e-05 0)
(-0.0001796255 1.771037e-05 0)
(-0.0001804787 5.956122e-06 0)
(-0.0001804894 -5.805854e-06 0)
(-0.0001796575 -1.756276e-05 0)
(-0.0001779759 -2.930069e-05 0)
(-0.000175431 -4.100245e-05 0)
(-0.000172003 -5.264542e-05 0)
(-0.0001676679 -6.419945e-05 0)
(-0.0001623982 -7.5625e-05 0)
(-0.0001561657 -8.68714e-05 0)
(-0.0001489435 -9.787554e-05 0)
(-0.0001407096 -0.000108561 0)
(-0.0001314494 -0.0001188377 0)
(-0.0001211606 -0.0001286025 0)
(-0.0001098561 -0.0001377409 0)
(-9.756812e-05 -0.0001461293 0)
(-8.435177e-05 -0.0001536393 0)
(-7.028715e-05 -0.0001601426 0)
(-5.548071e-05 -0.0001655169 0)
(-4.006491e-05 -0.0001696532 0)
(-2.419167e-05 -0.0001724605 0)
(-8.080244e-06 -0.0001730438 0)
(-8.815913e-06 0.0001897182 0)
(-2.638576e-05 0.0001890174 0)
(-4.366986e-05 0.0001858216 0)
(-6.04142e-05 0.0001811237 0)
(-7.644355e-05 0.0001750377 0)
(-9.160842e-05 0.0001676999 0)
(-0.0001057929 0.000159261 0)
(-0.0001189141 0.0001498773 0)
(-0.0001309206 0.0001397027 0)
(-0.0001417879 0.0001288832 0)
(-0.0001515145 0.0001175515 0)
(-0.0001601165 0.0001058247 0)
(-0.0001676228 9.38026e-05 0)
(-0.00017407 8.156765e-05 0)
(-0.0001794989 6.918535e-05 0)
(-0.0001839502 5.670581e-05 0)
(-0.0001874622 4.41656e-05 0)
(-0.000190068 3.158992e-05 0)
(-0.000191794 1.899501e-05 0)
(-0.0001926584 6.39058e-06 0)
(-0.0001926705 -6.217534e-06 0)
(-0.0001918301 -1.882484e-05 0)
(-0.0001901278 -3.142554e-05 0)
(-0.0001875452 -4.400997e-05 0)
(-0.0001840555 -5.656198e-05 0)
(-0.0001796252 -6.905644e-05 0)
(-0.0001742158 -8.145682e-05 0)
(-0.0001677858 -9.371301e-05 0)
(-0.0001602941 -0.0001057594 0)
(-0.0001517033 -0.0001175133 0)
(-0.0001419838 -0.0001288747 0)
(-0.0001311189 -0.0001397259 0)
(-0.0001191096 -0.0001499332 0)
(-0.0001059797 -0.0001593499 0)
(-9.178044e-05 -0.0001678208 0)
(-7.65947e-05 -0.0001751883 0)
(-6.053875e-05 -0.0001813003 0)
(-4.376278e-05 -0.0001860191 0)
(-2.644311e-05 -0.0001892296 0)
(-8.83528e-06 -0.0001899372 0)
(-9.678641e-06 0.0002081844 0)
(-2.89559e-05 0.0002073272 0)
(-4.788305e-05 0.0002036519 0)
(-6.616101e-05 0.0001982645 0)
(-8.358473e-05 0.0001913114 0)
(-9.998424e-05 0.0001829658 0)
(-0.0001152335 0.0001734166 0)
(-0.0001292489 0.0001628567 0)
(-0.0001419859 0.000151473 0)
(-0.0001534331 0.000139439 0)
(-0.0001636057 0.0001269095 0)
(-0.0001725388 0.0001140175 0)
(-0.000180281 0.0001008734 0)
(-0.0001868883 8.756502e-05 0)
(-0.000192419 7.415922e-05 0)
(-0.0001969302 6.070381e-05 0)
(-0.0002004737 4.723025e-05 0)
(-0.0002030936 3.375635e-05 0)
(-0.0002048249 2.02893e-05 0)
(-0.0002056912 6.828773e-06 0)
(-0.0002057048 -6.630093e-06 0)
(-0.0002048655 -2.009368e-05 0)
(-0.000203161 -3.356691e-05 0)
(-0.0002005674 -4.705022e-05 0)
(-0.0001970495 -6.053655e-05 0)
(-0.0001925627 -7.400824e-05 0)
(-0.0001870548 -8.743399e-05 0)
(-0.0001804682 -0.000100766 0)
(-0.0001727439 -0.0001139376 0)
(-0.0001638249 -0.0001268606 0)
(-0.000153662 -0.0001394245 0)
(-0.0001422191 -0.0001514956 0)
(-0.0001294801 -0.0001629181 0)
(-0.0001154558 -0.0001735176 0)
(-0.0001001901 -0.0001831057 0)
(-8.376658e-05 -0.0001914877 0)
(-6.631151e-05 -0.000198473 0)
(-4.799573e-05 -0.0002038865 0)
(-2.902562e-05 -0.0002075803 0)
(-9.702213e-06 -0.0002084461 0)
(-1.067563e-05 0.0002285015 0)
(-3.192242e-05 0.0002274432 0)
(-5.27342e-05 0.0002231857 0)
(-7.275473e-05 0.0002169665 0)
(-9.174227e-05 0.0002089756 0)
(-0.0001095032 0.0001994355 0)
(-0.0001259019 0.0001885848 0)
(-0.0001408577 0.0001766629 0)
(-0.0001543382 0.000163897 0)
(-0.0001663514 0.0001504937 0)
(-0.000176936 0.0001366328 0)
(-0.0001861526 0.0001224646 0)
(-0.0001940752 0.0001081099 0)
(-0.0002007842 9.366081e-05 0)
(-0.0002063601 7.918345e-05 0)
(-0.0002108792 6.472075e-05 0)
(-0.0002144097 5.0296e-05 0)
(-0.0002170089 3.591651e-05 0)
(-0.0002187216 2.157746e-05 0)
(-0.0002195778 7.265431e-06 0)
(-0.0002195929 -7.038078e-06 0)
(-0.0002187669 -2.13533e-05 0)
(-0.0002170844 -3.569883e-05 0)
(-0.0002145148 -5.008823e-05 0)
(-0.0002110135 -6.452656e-05 0)
(-0.0002065227 -7.900676e-05 0)
(-0.0002009736 -9.350584e-05 0)
(-0.0001942894 -0.0001079811 0)
(-0.0001863887 -0.0001223665 0)
(-0.0001771902 -0.00013657 0)
(-0.0001666187 -0.0001504705 0)
(-0.0001546125 -0.0001639172 0)
(-0.0001411317 -0.0001767292 0)
(-0.0001261672 -0.0001886988 0)
(-0.0001097505 -0.0001995968 0)
(-9.196205e-05 -0.0002091819 0)
(-7.29376e-05 -0.000217213 0)
(-5.287169e-05 -0.0002234651 0)
(-3.200774e-05 -0.0002277459 0)
(-1.070452e-05 -0.0002288153 0)
(-1.183729e-05 0.0002509646 0)
(-3.537374e-05 0.0002496447 0)
(-5.836151e-05 0.0002446705 0)
(-8.037116e-05 0.0002374345 0)
(-0.0001011157 0.0002281872 0)
(-0.000120375 0.000217217 0)
(-0.0001380061 0.0002048277 0)
(-0.0001539367 0.0001913173 0)
(-0.000168155 0.0001769631 0)
(-0.0001806973 0.0001620102 0)
(-0.0001916348 0.0001466665 0)
(-0.0002010617 0.0001311006 0)
(-0.0002090848 0.0001154424 0)
(-0.0002158147 9.978646e-05 0)
(-0.0002213591 8.419478e-05 0)
(-0.0002258177 6.870149e-05 0)
(-0.0002292779 5.331792e-05 0)
(-0.0002318122 3.80373e-05 0)
(-0.0002334759 2.283922e-05 0)
(-0.0002343067 7.693781e-06 0)
(-0.0002343235 -7.434564e-06 0)
(-0.0002335262 -2.258325e-05 0)
(-0.000231896 -3.778794e-05 0)
(-0.0002293951 -5.307877e-05 0)
(-0.000225968 -6.847648e-05 0)
(-0.000221542 -8.398822e-05 0)
(-0.0002160291 -9.960315e-05 0)
(-0.0002093289 -0.0001152875 0)
(-0.0002013327 -0.0001309797 0)
(-0.0001919289 -0.0001465854 0)
(-0.0001810092 -0.0001619745 0)
(-0.0001684778 -0.0001769779 0)
(-0.0001542618 -0.000191387 0)
(-0.0001383234 -0.0002049548 0)
(-0.0001206733 -0.0002174023 0)
(-0.0001013827 -0.0002284284 0)
(-8.059474e-05 -0.0002377263 0)
(-5.853048e-05 -0.0002450041 0)
(-3.547899e-05 -0.0002500082 0)
(-1.187299e-05 -0.0002513425 0)
(-1.320404e-05 0.0002759379 0)
(-3.942692e-05 0.0002742733 0)
(-6.494627e-05 0.0002684031 0)
(-8.923804e-05 0.0002599073 0)
(-0.0001119598 0.0002491204 0)
(-0.0001328627 0.0002364205 0)
(-0.0001518016 0.0002221967 0)
(-0.0001687223 0.000206822 0)
(-0.0001836454 0.0001906337 0)
(-0.000196648 0.0001739223 0)
(-0.0002078456 0.0001569259 0)
(-0.0002173768 0.0001398313 0)
(-0.0002253893 0.0001227757 0)
(-0.0002320318 0.0001058513 0)
(-0.0002374451 8.911085e-05 0)
(-0.000241756 7.257505e-05 0)
(-0.0002450738 5.623878e-05 0)
(-0.0002474876 4.007683e-05 0)
(-0.0002490651 2.404911e-05 0)
(-0.0002498516 8.105284e-06 0)
(-0.0002498699 -7.810959e-06 0)
(-0.0002491203 -2.375796e-05 0)
(-0.0002475799 -3.979221e-05 0)
(-0.0002452034 -5.596433e-05 0)
(-0.000241923 -7.23149e-05 0)
(-0.0002376494 -8.886969e-05 0)
(-0.0002322729 -0.0001056345 0)
(-0.000225666 -0.0001225893 0)
(-0.0002176866 -0.000139682 0)
(-0.000208185 -0.0001568209 0)
(-0.0001970112 -0.0001738689 0)
(-0.0001840251 -0.0001906391 0)
(-0.0001691086 -0.0002068924 0)
(-0.0001521824 -0.0002223366 0)
(-0.000133224 -0.0002366319 0)
(-0.000112286 -0.0002494017 0)
(-8.951334e-05 -0.0002602529 0)
(-6.515565e-05 -0.0002688025 0)
(-3.955792e-05 -0.0002747117 0)
(-1.324858e-05 -0.0002763953 0)
(-1.483068e-05 0.0003038778 0)
(-4.423945e-05 0.0003017521 0)
(-7.27296e-05 0.000294743 0)
(-9.965383e-05 0.0002846634 0)
(-0.0001246025 0.0002719666 0)
(-0.0001472986 0.0002571533 0)
(-0.0001676046 0.000240725 0)
(-0.0001854997 0.0002231489 0)
(-0.0002010548 0.000204835 0)
(-0.0002144051 0.0001861245 0)
(-0.0002257258 0.000167288 0)
(-0.0002352119 0.0001485284 0)
(-0.0002430648 0.0001299838 0)
(-0.0002494796 0.0001117372 0)
(-0.0002546353 9.382626e-05 0)
(-0.0002586897 7.625214e-05 0)
(-0.0002617761 5.898754e-05 0)
(-0.0002640019 4.198364e-05 0)
(-0.0002654475 2.517595e-05 0)
(-0.0002661668 8.489486e-06 0)
(-0.0002661868 -8.156872e-06 0)
(-0.0002655075 -2.484629e-05 0)
(-0.0002641024 -4.166009e-05 0)
(-0.0002619178 -5.867368e-05 0)
(-0.0002588734 -7.595215e-05 0)
(-0.0002548616 -9.354514e-05 0)
(-0.0002497487 -0.0001114809 0)
(-0.0002433764 -0.0001297592 0)
(-0.0002355643 -0.0001483435 0)
(-0.0002261159 -0.0001671518 0)
(-0.0002148274 -0.0001860465 0)
(-0.0002015013 -0.0002048249 0)
(-0.0001859593 -0.0002232156 0)
(-0.0001680629 -0.0002408758 0)
(-0.0001477383 -0.0002573923 0)
(-0.0001250037 -0.0002722939 0)
(-9.999557e-05 -0.0002850732 0)
(-7.299154e-05 -0.0002952231 0)
(-4.440426e-05 -0.0003022836 0)
(-1.488689e-05 -0.0003044348 0)
(-1.679303e-05 0.0003353659 0)
(-5.002722e-05 0.0003326127 0)
(-8.203719e-05 0.0003241301 0)
(-0.0001120144 0.0003120285 0)
(-0.0001394699 0.0002969323 0)
(-0.0001641044 0.0002795108 0)
(-0.000185806 0.0002604135 0)
(-0.0002046123 0.0002402255 0)
(-0.0002206698 0.0002194417 0)
(-0.0002341949 0.0001984597 0)
(-0.0002454418 0.0001775824 0)
(-0.000254681 0.0001570197 0)
(-0.0002621805 0.0001369017 0)
(-0.0002681893 0.0001172937 0)
(-0.0002729301 9.82096e-05 0)
(-0.0002765947 7.962318e-05 0)
(-0.0002793424 6.147808e-05 0)
(-0.0002812992 4.369584e-05 0)
(-0.0002825592 2.61825e-05 0)
(-0.0002831844 8.833877e-06 0)
(-0.0002832057 -8.460018e-06 0)
(-0.0002826235 -2.581115e-05 0)
(-0.0002814073 -4.332978e-05 0)
(-0.0002794954 -6.112062e-05 0)
(-0.0002767944 -7.92784e-05 0)
(-0.0002731781 -9.788261e-05 0)
(-0.0002684869 -0.0001169909 0)
(-0.0002625286 -0.0001366309 0)
(-0.0002550793 -0.0001567904 0)
(-0.000245888 -0.0001774055 0)
(-0.0002346844 -0.0001983475 0)
(-0.0002211942 -0.0002194071 0)
(-0.0002051594 -0.0002402813 0)
(-0.0001863591 -0.000260571 0)
(-0.0001646421 -0.0002797777 0)
(-0.0001399669 -0.0002973112 0)
(-0.0001124426 -0.0003125145 0)
(-8.236852e-05 -0.0003247092 0)
(-5.023721e-05 -0.0003332611 0)
(-1.686493e-05 -0.0003360493 0)
(-1.919878e-05 0.0003711585 0)
(-5.709258e-05 0.0003675329 0)
(-9.331625e-05 0.0003571063 0)
(-0.0001268517 0.0003423811 0)
(-0.0001571203 0.0003242317 0)
(-0.0001838174 0.0003035606 0)
(-0.0002068899 0.0002812111 0)
(-0.0002264716 0.0002579125 0)
(-0.0002428205 0.0002342575 0)
(-0.0002562643 0.0002107049 0)
(-0.0002671658 0.0001875773 0)
(-0.0002758927 0.0001650789 0)
(-0.0002827909 0.0001433192 0)
(-0.0002881717 0.0001223336 0)
(-0.0002923059 0.0001021006 0)
(-0.0002954213 8.25567e-05 0)
(-0.0002977035 6.360831e-05 0)
(-0.0002992974 4.514077e-05 0)
(-0.0003003095 2.702522e-05 0)
(-0.0003008093 9.123836e-06 0)
(-0.0003008318 -8.706205e-06 0)
(-0.0003003772 -2.660941e-05 0)
(-0.0002994118 -4.472891e-05 0)
(-0.0002978664 -6.320316e-05 0)
(-0.0002956354 -8.216199e-05 0)
(-0.0002925741 -0.0001017214 0)
(-0.0002884971 -0.0001219766 0)
(-0.0002831759 -0.0001429929 0)
(-0.000276339 -0.0001647943 0)
(-0.0002676729 -0.0001873476 0)
(-0.000256829 -0.0002105455 0)
(-0.0002434351 -0.0002341858 0)
(-0.0002271232 -0.0002579465 0)
(-0.0002075593 -0.0002813677 0)
(-0.0001844786 -0.0003038533 0)
(-0.0001577406 -0.0003246675 0)
(-0.0001273936 -0.0003429574 0)
(-9.374075e-05 -0.0003578078 0)
(-5.736417e-05 -0.0003683295 0)
(-1.929228e-05 -0.0003720045 0)
(-2.220591e-05 0.0004122608 0)
(-6.58694e-05 0.000407389 0)
(-0.0001071918 0.0003943437 0)
(-0.0001448891 0.0003761553 0)
(-0.0001782904 0.0003540716 0)
(-0.0002071249 0.0003293164 0)
(-0.0002314541 0.0003029832 0)
(-0.0002515659 0.0002759733 0)
(-0.0002678775 0.0002489936 0)
(-0.0002808751 0.0002225493 0)
(-0.0002910678 0.0001969629 0)
(-0.0002989391 0.0001724147 0)
(-0.0003049257 0.0001489742 0)
(-0.0003094079 0.0001266292 0)
(-0.0003127071 0.0001053081 0)
(-0.000315087 8.489846e-05 0)
(-0.0003167583 6.526013e-05 0)
(-0.0003178823 4.623519e-05 0)
(-0.0003185762 2.765458e-05 0)
(-0.0003189158 9.342707e-06 0)
(-0.000318939 -8.879469e-06 0)
(-0.0003186462 -2.719215e-05 0)
(-0.000318001 -4.577474e-05 0)
(-0.0003169285 -6.480354e-05 0)
(-0.0003153126 -8.444877e-05 0)
(-0.0003129926 -0.0001048699 0)
(-0.0003097585 -0.0001262092 0)
(-0.0003053463 -0.0001485816 0)
(-0.0002994339 -0.0001720616 0)
(-0.0002916393 -0.0001966651 0)
(-0.0002815225 -0.0002223259 0)
(-0.0002685952 -0.0002488672 0)
(-0.0002523414 -0.0002759686 0)
(-0.0002322659 -0.0003031256 0)
(-0.0002079419 -0.000329628 0)
(-0.000179071 -0.0003545672 0)
(-0.000145583 -0.0003768375 0)
(-0.0001077436 -0.0003951971 0)
(-6.622694e-05 -0.0004083758 0)
(-2.233002e-05 -0.0004133195 0)
(-2.605567e-05 0.0004600433 0)
(-7.699784e-05 0.0004533292 0)
(-0.000124553 0.0004366782 0)
(-0.0001671238 0.0004138356 0)
(-0.0002039592 0.0003866201 0)
(-0.0002349057 0.000356693 0)
(-0.0002602329 0.0003254623 0)
(-0.0002804611 0.0002940389 0)
(-0.0002962446 0.0002632347 0)
(-0.000308295 0.0002335687 0)
(-0.0003173004 0.0002053357 0)
(-0.0003238813 0.0001786609 0)
(-0.0003285763 0.0001535465 0)
(-0.0003318378 0.0001299092 0)
(-0.0003340366 0.0001076096 0)
(-0.0003354693 8.647219e-05 0)
(-0.0003363668 6.630053e-05 0)
(-0.000336903 4.68864e-05 0)
(-0.0003372019 2.801575e-05 0)
(-0.0003373434 9.472045e-06 0)
(-0.0003373666 -8.96237e-06 0)
(-0.0003372725 -2.750552e-05 0)
(-0.0003370232 -4.637543e-05 0)
(-0.0003365405 -6.578944e-05 0)
(-0.0003357018 -8.596288e-05 0)
(-0.0003343345 -0.0001071057 0)
(-0.0003322087 -0.000129417 0)
(-0.0003290283 -0.0001530752 0)
(-0.0003244225 -0.0001782238 0)
(-0.0003179372 -0.0002049508 0)
(-0.0003090311 -0.0002332591 0)
(-0.0002970778 -0.0002630292 0)
(-0.0002813816 -0.0002939711 0)
(-0.0002612186 -0.0003255686 0)
(-0.0002359202 -0.0003570093 0)
(-0.0002049501 -0.000387174 0)
(-0.0001680235 -0.0004146397 0)
(-0.0001252824 -0.0004377206 0)
(-7.747868e-05 -0.0004545632 0)
(-2.622468e-05 -0.0004613864 0)
(-3.113507e-05 0.0005164319 0)
(-9.145297e-05 0.0005068731 0)
(-0.0001466887 0.0004851476 0)
(-0.0001949471 0.0004559316 0)
(-0.000235433 0.0004219484 0)
(-0.0002682827 0.0003854328 0)
(-0.0002941082 0.0003481862 0)
(-0.0003137935 0.0003115531 0)
(-0.0003283477 0.0002763943 0)
(-0.0003387741 0.0002431979 0)
(-0.0003459756 0.0002121806 0)
(-0.0003507283 0.000183367 0)
(-0.0003536774 0.0001566541 0)
(-0.0003553448 0.0001318592 0)
(-0.0003561441 0.0001087531 0)
(-0.0003563961 8.708245e-05 0)
(-0.0003563441 6.658441e-05 0)
(-0.0003561671 4.699458e-05 0)
(-0.0003559905 2.805036e-05 0)
(-0.0003558939 9.492249e-06 0)
(-0.0003559165 -8.936663e-06 0)
(-0.0003560593 -2.749246e-05 0)
(-0.000356285 -4.643243e-05 0)
(-0.000356516 -6.601689e-05 0)
(-0.0003566289 -8.650976e-05 0)
(-0.0003564468 -0.0001081774 0)
(-0.0003557279 -0.0001312855 0)
(-0.0003541531 -0.0001560909 0)
(-0.0003513095 -0.0001828278 0)
(-0.0003466746 -0.0002116853 0)
(-0.000339601 -0.0002427736 0)
(-0.0003293071 -0.0002760767 0)
(-0.0003148808 -0.0003113865 0)
(-0.0002953042 -0.0003482221 0)
(-0.0002695473 -0.0003857264 0)
(-0.0002367015 -0.0004225494 0)
(-0.0001961295 -0.000456871 0)
(-0.0001476708 -0.0004864249 0)
(-9.211626e-05 -0.0005084318 0)
(-3.137294e-05 -0.0005181649 0)
(-3.810092e-05 0.000584238 0)
(-0.0001107723 0.0005700428 0)
(-0.0001754982 0.0005410267 0)
(-0.0002303229 0.0005029107 0)
(-0.0002744579 0.0004599215 0)
(-0.000308668 0.0004149831 0)
(-0.0003341126 0.0003704102 0)
(-0.000352253 0.0003276943 0)
(-0.0003645998 0.0002876664 0)
(-0.0003725087 0.0002506999 0)
(-0.0003771314 0.0002168548 0)
(-0.0003794078 0.0001859918 0)
(-0.000380084 0.0001578546 0)
(-0.0003797389 0.0001321258 0)
(-0.0003788134 0.000108463 0)
(-0.0003776379 8.652067e-05 0)
(-0.0003764546 6.596097e-05 0)
(-0.000375437 4.645812e-05 0)
(-0.0003747043 2.769952e-05 0)
(-0.0003743304 9.383513e-06 0)
(-0.0003743513 -8.784278e-06 0)
(-0.0003747683 -2.709584e-05 0)
(-0.0003755476 -4.584587e-05 0)
(-0.0003766178 -6.533678e-05 0)
(-0.0003778622 -8.58824e-05 0)
(-0.0003791102 -0.0001078105 0)
(-0.0003801222 -0.0001314617 0)
(-0.0003805707 -0.0001571857 0)
(-0.0003800169 -0.0001853307 0)
(-0.0003778831 -0.0002162219 0)
(-0.0003734225 -0.0002501254 0)
(-0.0003656907 -0.0002871929 0)
(-0.000353527 -0.0003273785 0)
(-0.0003355585 -0.0003703229 0)
(-0.0003102475 -0.0004152062 0)
(-0.0002760948 -0.00046054 0)
(-0.000231899 -0.0005039898 0)
(-0.0001768476 -0.0005425937 0)
(-0.0001117155 -0.000572032 0)
(-3.845031e-05 -0.0005865221 0)
(-4.81427e-05 0.0006676444 0)
(-0.0001374809 0.0006454989 0)
(-0.0002138248 0.0006058364 0)
(-0.0002760523 0.0005550454 0)
(-0.0003233605 0.0004999849 0)
(-0.000357794 0.0004443556 0)
(-0.0003813969 0.0003909673 0)
(-0.0003965373 0.0003412857 0)
(-0.000405342 0.00029597 0)
(-0.0004095857 0.0002551374 0)
(-0.0004106837 0.0002185785 0)
(-0.0004097286 0.0001859062 0)
(-0.0004075434 0.0001566525 0)
(-0.0004047364 0.0001303271 0)
(-0.0004017493 0.0001064528 0)
(-0.0003988981 8.457761e-05 0)
(-0.0003964066 6.428213e-05 0)
(-0.0003944286 4.517849e-05 0)
(-0.0003930651 2.690655e-05 0)
(-0.0003923777 9.1267e-06 0)
(-0.0003923959 -8.488194e-06 0)
(-0.0003931209 -2.626112e-05 0)
(-0.0003945259 -4.451944e-05 0)
(-0.0003965525 -6.360332e-05 0)
(-0.0003991026 -8.387388e-05 0)
(-0.0004020261 -0.0001057206 0)
(-0.0004051032 -0.0001295657 0)
(-0.0004080221 -0.0001558653 0)
(-0.0004103457 -0.0001851027 0)
(-0.0004114693 -0.0002177773 0)
(-0.000410572 -0.0002543698 0)
(-0.0004065602 -0.0002952842 0)
(-0.0003980108 -0.000340751 0)
(-0.0003831319 -0.0003906775 0)
(-0.0003597644 -0.0004444289 0)
(-0.0003254851 -0.0005005565 0)
(-0.0002781832 -0.0005562455 0)
(-0.0002157182 -0.0006077533 0)
(-0.0001388703 -0.0006480614 0)
(-4.86838e-05 -0.0006707433 0)
(-6.345953e-05 0.0007740476 0)
(-0.0001757988 0.0007368053 0)
(-0.0002659558 0.0006813222 0)
(-0.0003361744 0.0006120784 0)
(-0.0003851476 0.0005408631 0)
(-0.0004176856 0.0004718695 0)
(-0.0004371825 0.0004080851 0)
(-0.0004472503 0.0003506868 0)
(-0.0004507481 0.0002998929 0)
(-0.0004499003 0.0002553537 0)
(-0.0004463625 0.0002164378 0)
(-0.0004413338 0.0001824073 0)
(-0.0004356631 0.0001525199 0)
(-0.0004299386 0.0001260774 0)
(-0.0004245629 0.0001024447 0)
(-0.0004198086 8.105591e-05 0)
(-0.0004158538 6.141112e-05 0)
(-0.0004128126 4.30663e-05 0)
(-0.0004107561 2.56208e-05 0)
(-0.0004097251 8.704686e-06 0)
(-0.0004097392 -8.033759e-06 0)
(-0.0004107995 -2.494022e-05 0)
(-0.0004128898 -4.236649e-05 0)
(-0.0004159722 -6.068273e-05 0)
(-0.0004199796 -8.029009e-05 0)
(-0.000424802 -0.0001016336 0)
(-0.0004302668 -0.0001252153 0)
(-0.0004361077 -0.0001516044 0)
(-0.0004419289 -0.0001814422 0)
(-0.0004471502 -0.0002154366 0)
(-0.0004509293 -0.0002543444 0)
(-0.0004520719 -0.0002989251 0)
(-0.0004489204 -0.00034984 0)
(-0.0004392364 -0.0004074775 0)
(-0.0004201265 -0.0004716648 0)
(-0.0003879114 -0.0005412681 0)
(-0.0003390957 -0.0006133263 0)
(-0.0002686698 -0.0006836389 0)
(-0.000177936 -0.0007401116 0)
(-6.435759e-05 -0.0007783593 0)
(-8.910681e-05 0.0009092416 0)
(-0.0002339366 0.0008470079 0)
(-0.0003385551 0.0007689181 0)
(-0.000416512 0.0006723931 0)
(-0.0004635692 0.0005800855 0)
(-0.0004905721 0.0004947448 0)
(-0.0005025797 0.0004191619 0)
(-0.0005047295 0.0003536775 0)
(-0.0005006752 0.0002976532 0)
(-0.0004930408 0.0002499783 0)
(-0.0004836301 0.0002094104 0)
(-0.0004736465 0.0001747586 0)
(-0.0004638733 0.0001449408 0)
(-0.0004548116 0.0001190178 0)
(-0.0004467708 9.619035e-05 0)
(-0.0004399317 7.578604e-05 0)
(-0.0004343962 5.723591e-05 0)
(-0.0004302189 4.005138e-05 0)
(-0.0004274267 2.380353e-05 0)
(-0.0004260323 8.104294e-06 0)
(-0.0004260408 -7.410528e-06 0)
(-0.0004274536 -2.309729e-05 0)
(-0.0004302684 -3.932006e-05 0)
(-0.0004344761 -5.646662e-05 0)
(-0.0004400535 -7.49657e-05 0)
(-0.0004469512 -9.530589e-05 0)
(-0.0004550739 -0.0001180569 0)
(-0.000464249 -0.0001438931 0)
(-0.0004741779 -0.0001736181 0)
(-0.0004843715 -0.00020818 0)
(-0.0004940606 -0.0002486762 0)
(-0.0005020558 -0.0002963225 0)
(-0.0005065632 -0.0003523997 0)
(-0.0005049566 -0.0004180745 0)
(-0.000493555 -0.0004940615 0)
(-0.0004671469 -0.0005801091 0)
(-0.0004205534 -0.0006735102 0)
(-0.0003425121 -0.0007716735 0)
(-0.0002373349 -0.0008513052 0)
(-9.067248e-05 -0.0009158249 0)
(-0.0001300632 0.001123145 0)
(-0.0003205199 0.0009873004 0)
(-0.0004405705 0.0008730958 0)
(-0.0005250099 0.0007329878 0)
(-0.0005627955 0.0006134195 0)
(-0.0005786094 0.0005087504 0)
(-0.0005782498 0.0004205651 0)
(-0.0005687589 0.0003473916 0)
(-0.0005544473 0.0002871048 0)
(-0.0005381431 0.0002374759 0)
(-0.0005215823 0.0001964547 0)
(-0.0005058033 0.0001622696 0)
(-0.0004914039 0.0001334608 0)
(-0.0004786891 0.0001088512 0)
(-0.0004677947 8.750017e-05 0)
(-0.000458763 6.865074e-05 0)
(-0.0004515884 5.168614e-05 0)
(-0.000446245 3.609343e-05 0)
(-0.0004427031 2.143386e-05 0)
(-0.0004409392 7.318257e-06 0)
(-0.0004409408 -6.614077e-06 0)
(-0.0004427091 -2.071454e-05 0)
(-0.0004462592 -3.534338e-05 0)
(-0.0004516179 -5.088892e-05 0)
(-0.0004588188 -6.778871e-05 0)
(-0.0004678932 -8.655433e-05 0)
(-0.000478854 -0.0001078013 0)
(-0.0004916688 -0.000132286 0)
(-0.0005062158 -0.0001609505 0)
(-0.0005222083 -0.0001949767 0)
(-0.0005390718 -0.0002358366 0)
(-0.0005557953 -0.0002853264 0)
(-0.0005706724 -0.0003455427 0)
(-0.0005808982 -0.0004187857 0)
(-0.0005821609 -0.0005072963 0)
(-0.0005673604 -0.0006126976 0)
(-0.0005306571 -0.0007336319 0)
(-0.0004464796 -0.0008762019 0)
(-0.0003264961 -0.000992645 0)
(-0.0001333006 -0.00113216 0)
(-0.0002302902 0.001300948 0)
(-0.0004893934 0.001107547 0)
(-0.0005928435 0.0009651941 0)
(-0.000676195 0.0007789421 0)
(-0.0006878038 0.0006309805 0)
(-0.0006834265 0.000506623 0)
(-0.0006639383 0.0004070711 0)
(-0.0006381897 0.0003281679 0)
(-0.0006105908 0.0002658346 0)
(-0.0005836909 0.0002163386 0)
(-0.0005588365 0.0001766424 0)
(-0.0005366405 0.0001443775 0)
(-0.0005172916 0.0001177485 0)
(-0.0005007722 9.539594e-05 0)
(-0.0004869713 7.628363e-05 0)
(-0.0004757457 5.961163e-05 0)
(-0.0004669536 4.475074e-05 0)
(-0.0004604712 3.119313e-05 0)
(-0.0004562019 1.851497e-05 0)
(-0.0004540802 6.347304e-06 0)
(-0.0004540736 -5.647706e-06 0)
(-0.0004561829 -1.7798e-05 0)
(-0.0004604428 -3.04406e-05 0)
(-0.0004669214 -4.394293e-05 0)
(-0.0004757189 -5.872649e-05 0)
(-0.0004869639 -7.529596e-05 0)
(-0.0005008057 -9.427673e-05 0)
(-0.0005173982 -0.0001164645 0)
(-0.0005368685 -0.0001428917 0)
(-0.0005592575 -0.0001749158 0)
(-0.0005844103 -0.0002143354 0)
(-0.0006117619 -0.0002635342 0)
(-0.0006400225 -0.0003255882 0)
(-0.0006667103 -0.0004043122 0)
(-0.000687467 -0.0005039321 0)
(-0.0006934854 -0.0006288002 0)
(-0.0006840507 -0.0007778931 0)
(-0.0006015678 -0.0009678476 0)
(-0.0004986527 -0.001112246 0)
(-0.0002356074 -0.001318278 0)
(-0.0003295026 0.002013358 0)
(-0.0006630084 0.001382299 0)
(-0.0007691476 0.00115677 0)
(-0.0008592867 0.0008317036 0)
(-0.0008351188 0.0006351013 0)
(-0.000802522 0.0004838291 0)
(-0.0007567054 0.0003738592 0)
(-0.0007099956 0.0002925991 0)
(-0.0006662766 0.0002317287 0)
(-0.0006273353 0.0001853379 0)
(-0.0005935434 0.0001493032 0)
(-0.0005646972 0.0001207592 0)
(-0.0005403854 9.768763e-05 0)
(-0.0005201539 7.864639e-05 0)
(-0.000503579 6.258758e-05 0)
(-0.0004902959 4.873366e-05 0)
(-0.0004800069 3.649292e-05 0)
(-0.0004724807 2.540083e-05 0)
(-0.0004675489 1.507827e-05 0)
(-0.0004651018 5.200866e-06 0)
(-0.000465086 -4.52452e-06 0)
(-0.0004675019 -1.438324e-05 0)
(-0.000472404 -2.46671e-05 0)
(-0.0004799037 -3.569836e-05 0)
(-0.0004901718 -4.785267e-05 0)
(-0.0005034434 -6.158962e-05 0)
(-0.0005200225 -7.749424e-05 0)
(-0.0005402837 -9.633545e-05 0)
(-0.000564667 -0.0001191508 0)
(-0.0005936519 -0.0001473708 0)
(-0.0006276901 -0.0001830042 0)
(-0.000667048 -0.0002289141 0)
(-0.0007114502 -0.0002892445 0)
(-0.0007592414 -0.0003699952 0)
(-0.0008066454 -0.0004797985 0)
(-0.0008413169 -0.0006319714 0)
(-0.0008696383 -0.0008303935 0)
(-0.0007808842 -0.00116129 0)
(-0.0006830173 -0.001393381 0)
(-0.0003461302 -0.002037823 0)
(-0.0008702614 0.002066738 0)
(-0.001355913 0.001349591 0)
(-0.001142882 0.001112374 0)
(-0.001197832 0.0007601093 0)
(-0.001035596 0.0005638575 0)
(-0.0009446361 0.000413856 0)
(-0.0008551398 0.0003093617 0)
(-0.0007802914 0.0002356885 0)
(-0.0007178218 0.0001827073 0)
(-0.0006660849 0.0001437113 0)
(-0.0006233826 0.0001142981 0)
(-0.0005882225 9.155257e-05 0)
(-0.0005593703 7.351954e-05 0)
(-0.0005358376 5.886418e-05 0)
(-0.0005168488 4.665459e-05 0)
(-0.0005018048 3.622288e-05 0)
(-0.0004902505 2.707549e-05 0)
(-0.0004818496 1.883425e-05 0)
(-0.0004763654 1.119661e-05 0)
(-0.0004736462 3.907417e-06 0)
(-0.0004736206 -3.262401e-06 0)
(-0.0004762882 -1.053164e-05 0)
(-0.0004817203 -1.812844e-05 0)
(-0.0004900691 -2.6305e-05 0)
(-0.0005015719 -3.535924e-05 0)
(-0.0005165668 -4.566234e-05 0)
(-0.0005355123 -5.769783e-05 0)
(-0.000559015 -7.211941e-05 0)
(-0.0005878634 -8.983926e-05 0)
(-0.0006230696 -0.0001121653 0)
(-0.000665911 -0.0001410165 0)
(-0.0007179582 -0.0001792615 0)
(-0.0007810577 -0.0002312445 0)
(-0.0008572177 -0.0003036005 0)
(-0.0009493996 -0.0004062915 0)
(-0.001044086 -0.0005541863 0)
(-0.001213314 -0.0007457894 0)
(-0.001165026 -0.00110531 0)
(-0.001384083 -0.001332755 0)
(-0.0008896014 -0.002120621 0)
(-0.001115121 0.004823104 0)
(-0.001643334 0.001646858 0)
(-0.001356759 0.0012915 0)
(-0.001396014 0.0006952389 0)
(-0.001165125 0.0004596872 0)
(-0.001038353 0.0003075462 0)
(-0.0009148393 0.0002158743 0)
(-0.0008157929 0.0001576412 0)
(-0.0007368674 0.0001188185 0)
(-0.0006739975 9.174478e-05 0)
(-0.0006236971 7.207421e-05 0)
(-0.0005832781 5.725051e-05 0)
(-0.0005507267 4.570806e-05 0)
(-0.0005245523 3.64478e-05 0)
(-0.0005036552 2.880587e-05 0)
(-0.0004872264 2.232331e-05 0)
(-0.0004746741 1.666988e-05 0)
(-0.0004655729 1.159753e-05 0)
(-0.0004596287 6.910771e-06 0)
(-0.0004566562 2.446513e-06 0)
(-0.0004565639 -1.941519e-06 0)
(-0.0004593493 -6.389245e-06 0)
(-0.0004650986 -1.104208e-05 0)
(-0.0004739907 -1.606046e-05 0)
(-0.0004863131 -2.163546e-05 0)
(-0.0005024832 -2.800835e-05 0)
(-0.0005230833 -3.549933e-05 0)
(-0.0005489108 -4.45525e-05 0)
(-0.0005810512 -5.581019e-05 0)
(-0.0006209775 -7.024111e-05 0)
(-0.0006706806 -8.937069e-05 0)
(-0.000732815 -0.0001157092 0)
(-0.0008108051 -0.0001535673 0)
(-0.0009084867 -0.0002106489 0)
(-0.001030064 -0.0003008705 0)
(-0.001151199 -0.0004530496 0)
(-0.001386672 -0.0006871602 0)
(-0.001323598 -0.001294491 0)
(-0.001646076 -0.001679147 0)
(-0.001039223 -0.004909263 0)
(0.005368172 0.004135469 0)
(0.00457901 0.00114633 0)
(0.007381101 0.0008483042 0)
(0.007487168 0.0003798379 0)
(0.008092814 0.0002184215 0)
(0.008335748 0.0001297559 0)
(0.008521955 8.37627e-05 0)
(0.008651557 5.790602e-05 0)
(0.008746351 4.221291e-05 0)
(0.008817997 3.197515e-05 0)
(0.008873469 2.485035e-05 0)
(0.008917132 1.96194e-05 0)
(0.008951833 1.560911e-05 0)
(0.008979494 1.242244e-05 0)
(0.009001452 9.809412e-06 0)
(0.009018653 7.603098e-06 0)
(0.009031773 5.685984e-06 0)
(0.009041291 3.971079e-06 0)
(0.009047534 2.390521e-06 0)
(0.009050709 8.881399e-07 0)
(0.00905092 -5.85951e-07 0)
(0.009048173 -2.078602e-06 0)
(0.009042378 -3.63862e-06 0)
(0.009033345 -5.320651e-06 0)
(0.009020765 -7.189718e-06 0)
(0.009004183 -9.328313e-06 0)
(0.008982952 -1.1847e-05 0)
(0.008956167 -1.490193e-05 0)
(0.008922547 -1.872621e-05 0)
(0.008880247 -2.369029e-05 0)
(0.008826527 -3.042565e-05 0)
(0.008757167 -4.008757e-05 0)
(0.008665357 -5.492414e-05 0)
(0.008539948 -7.953578e-05 0)
(0.00835712 -0.0001235622 0)
(0.008129274 -0.0002109944 0)
(0.007509212 -0.0003650156 0)
(0.007450158 -0.0008369231 0)
(0.00459709 -0.001123702 0)
(0.005427131 -0.004108513 0)
)
;

boundaryField
{
    movingWall
    {
        type            fixedValue;
        value           uniform (1 0 0);
    }
    fixedWalls
    {
        type            fixedValue;
        value           uniform (0 0 0);
    }
    frontAndBack
    {
        type            empty;
    }
}


// ************************************************************************* //
