/*--------------------------------*- C++ -*----------------------------------*\
| =========                 |                                                 |
| \\      /  F ield         | OpenFOAM: The Open Source CFD Toolbox           |
|  \\    /   O peration     | Version:  2412                                  |
|   \\  /    A nd           | Website:  www.openfoam.com                      |
|    \\/     M anipulation  |                                                 |
\*---------------------------------------------------------------------------*/
FoamFile
{
    version     2.0;
    format      ascii;
    arch        "LSB;label=32;scalar=64";
    class       volVectorField;
    location    "0.3";
    object      vorticity;
}
// * * * * * * * * * * * * * * * * * * * * * * * * * * * * * * * * * * * * * //

dimensions      [0 0 -1 0 0 0 0];

internalField   nonuniform List<vector> 
1600
(
(0 -0 0.0002599003)
(0 -0 0.000390157)
(0 -0 0.0006478252)
(0 -0 0.0009016014)
(0 -0 0.001149579)
(0 -0 0.001390182)
(0 -0 0.0016219)
(0 -0 0.00184329)
(0 -0 0.002052997)
(0 -0 0.00224975)
(0 -0 0.002432378)
(0 -0 0.002599808)
(0 -0 0.002751075)
(0 -0 0.002885316)
(0 -0 0.003001781)
(0 -0 0.003099825)
(0 -0 0.003178913)
(0 -0 0.003238617)
(0 -0 0.003278616)
(0 -0 0.003298698)
(0 -0 0.003298755)
(0 -0 0.003278786)
(0 -0 0.003238895)
(0 -0 0.003179293)
(0 -0 0.003100298)
(0 -0 0.003002336)
(0 -0 0.002885939)
(0 -0 0.002751751)
(0 -0 0.002600521)
(0 -0 0.00243311)
(0 -0 0.002250483)
(0 -0 0.002053713)
(0 -0 0.001843973)
(0 -0 0.00162253)
(0 -0 0.001390745)
(0 -0 0.00115006)
(0 -0 0.0009019888)
(0 -0 0.0006481094)
(0 -0 0.0003903303)
(0 -0 0.0002600166)
(0 -0 0.000391577)
(0 -0 1.88102e-06)
(0 -0 1.56078e-06)
(0 -0 2.16966e-06)
(0 -0 2.76606e-06)
(0 -0 3.34498e-06)
(0 -0 3.90216e-06)
(0 -0 4.4348e-06)
(0 -0 4.93908e-06)
(0 -0 5.41234e-06)
(0 -0 5.85144e-06)
(0 -0 6.25422e-06)
(0 -0 6.6181e-06)
(0 -0 6.9407e-06)
(0 -0 7.2209e-06)
(0 -0 7.45654e-06)
(0 -0 7.64668e-06)
(0 -0 7.7903e-06)
(0 -0 7.886458e-06)
(0 -0 7.934622e-06)
(0 -0 7.934782e-06)
(0 -0 7.886578e-06)
(0 -0 7.7905e-06)
(0 -0 7.64698e-06)
(0 -0 7.45704e-06)
(0 -0 7.22116e-06)
(0 -0 6.94118e-06)
(0 -0 6.61832e-06)
(0 -0 6.25456e-06)
(0 -0 5.8519e-06)
(0 -0 5.41278e-06)
(0 -0 4.9394e-06)
(0 -0 4.43508e-06)
(0 -0 3.90248e-06)
(0 -0 3.34534e-06)
(0 -0 2.76644e-06)
(0 -0 2.17e-06)
(0 -0 1.56088e-06)
(0 -0 1.88144e-06)
(0 -0 0.0003917529)
(0 -0 0.0006558285)
(0 -0 1.57998e-06)
(0 -0 5e-09)
(0 -0 3.6e-09)
(0 -0 4.4e-09)
(0 -0 5.2e-09)
(0 -0 6.2e-09)
(0 -0 7.2e-09)
(0 -0 8e-09)
(0 -0 8.8e-09)
(0 -0 9.4e-09)
(0 -0 1.004e-08)
(0 -0 1.076e-08)
(0 -0 1.12e-08)
(0 -0 1.162e-08)
(0 -0 1.188e-08)
(0 -0 1.24e-08)
(0 -0 1.262e-08)
(0 -0 1.2746e-08)
(0 -0 1.2748e-08)
(0 -0 1.2894e-08)
(0 -0 1.2852e-08)
(0 -0 1.252e-08)
(0 -0 1.242e-08)
(0 -0 1.194e-08)
(0 -0 1.176e-08)
(0 -0 1.116e-08)
(0 -0 1.068e-08)
(0 -0 9.96e-09)
(0 -0 9.4e-09)
(0 -0 8.8e-09)
(0 -0 8e-09)
(0 -0 6.8e-09)
(0 -0 6.2e-09)
(0 -0 5.4e-09)
(0 -0 4.6e-09)
(0 -0 3.6e-09)
(0 -0 5e-09)
(0 -0 1.5807e-06)
(0 -0 0.0006561267)
(0 -0 0.0009245842)
(0 -0 2.22526e-06)
(0 -0 3.4e-09)
(0 -0 0)
(0 -0 1.084202e-19)
(0 -0 1.01644e-19)
(0 -0 2e-10)
(0 -0 0)
(0 -0 2e-10)
(0 -0 4.269046e-19)
(0 -0 1.084202e-19)
(0 -0 5.285486e-19)
(0 -0 -2e-10)
(0 -0 6.911789e-19)
(0 -0 -8e-11)
(0 -0 8e-11)
(0 -0 4e-11)
(0 -0 1e-10)
(0 -0 -5.4e-11)
(0 -0 -1.14e-10)
(0 -0 -4.6e-11)
(0 -0 3.4e-11)
(0 -0 1.2e-10)
(0 -0 1.2e-10)
(0 -0 -1.2e-10)
(0 -0 -2e-11)
(0 -0 -6e-11)
(0 -0 -1.01644e-19)
(0 -0 2.100642e-19)
(0 -0 0)
(0 -0 2e-10)
(0 -0 -4.201283e-19)
(0 -0 -2e-10)
(0 -0 2e-10)
(0 -0 -1.01644e-19)
(0 -0 -2e-10)
(0 -0 -1.084202e-19)
(0 -0 3.6e-09)
(0 -0 2.22592e-06)
(0 -0 0.0009250125)
(0 -0 0.001199336)
(0 -0 2.8862e-06)
(0 -0 4.6e-09)
(0 -0 -2e-10)
(0 -0 2.168404e-19)
(0 -0 -4.269046e-19)
(0 -0 2.100642e-19)
(0 -0 2e-10)
(0 -0 2e-10)
(0 -0 -5.285486e-19)
(0 -0 -2e-10)
(0 -0 2e-10)
(0 -0 2.168404e-19)
(0 -0 3.252607e-19)
(0 -0 2e-10)
(0 -0 -6.369688e-19)
(0 -0 -6e-11)
(0 -0 -2.032879e-19)
(0 -0 2e-11)
(0 -0 1e-10)
(0 -0 -2.30393e-19)
(0 -0 1.219727e-19)
(0 -0 4e-11)
(0 -0 -1e-10)
(0 -0 5.827587e-19)
(0 -0 -2e-10)
(0 -0 -2e-10)
(0 -0 4.336809e-19)
(0 -0 2.168404e-19)
(0 -0 0)
(0 -0 -8.538092e-19)
(0 -0 6.369688e-19)
(0 -0 0)
(0 -0 0)
(0 -0 2e-10)
(0 -0 -2e-10)
(0 -0 -2e-10)
(0 -0 4.8e-09)
(0 -0 2.8874e-06)
(0 -0 0.001199905)
(0 -0 0.001481888)
(0 -0 3.566e-06)
(0 -0 5.6e-09)
(0 -0 -2.168404e-19)
(0 -0 0)
(0 -0 0)
(0 -0 -2.100642e-19)
(0 -0 -2e-10)
(0 -0 -2e-10)
(0 -0 -2e-10)
(0 -0 2e-10)
(0 -0 -5.421011e-19)
(0 -0 2.168404e-19)
(0 -0 2.168404e-19)
(0 -0 2e-10)
(0 -0 -1.2e-10)
(0 -0 -8e-11)
(0 -0 -8e-11)
(0 -0 8e-11)
(0 -0 8e-11)
(0 -0 4e-11)
(0 -0 -8e-11)
(0 -0 -4e-11)
(0 -0 -3.659182e-19)
(0 -0 2e-10)
(0 -0 0)
(0 -0 4.201283e-19)
(0 -0 2e-10)
(0 -0 0)
(0 -0 -2e-10)
(0 -0 -2.032879e-19)
(0 -0 0)
(0 -0 4.201283e-19)
(0 -0 -2.100642e-19)
(0 -0 -2.100642e-19)
(0 -0 2e-10)
(0 -0 -2e-10)
(0 -0 5.8e-09)
(0 -0 3.5674e-06)
(0 -0 0.001482612)
(0 -0 0.001774115)
(0 -0 4.269e-06)
(0 -0 6.8e-09)
(0 -0 -4.201283e-19)
(0 -0 2e-10)
(0 -0 2e-10)
(0 -0 4.201283e-19)
(0 -0 0)
(0 -0 -2e-10)
(0 -0 -4.201283e-19)
(0 -0 -2.168404e-19)
(0 -0 -2e-10)
(0 -0 -9.622294e-19)
(0 -0 -2.168404e-19)
(0 -0 -2.981556e-19)
(0 -0 2e-10)
(0 -0 -2.981556e-19)
(0 -0 -4e-11)
(0 -0 -1.4e-10)
(0 -0 -1e-10)
(0 -0 -4e-11)
(0 -0 -1e-10)
(0 -0 -2e-11)
(0 -0 4e-11)
(0 -0 -6.234162e-19)
(0 -0 0)
(0 -0 2e-10)
(0 -0 8.538092e-19)
(0 -0 0)
(0 -0 -2e-10)
(0 -0 2e-10)
(0 -0 2e-10)
(0 -0 8.538092e-19)
(0 -0 -2e-10)
(0 -0 -2e-10)
(0 -0 2.100642e-19)
(0 -0 -2.168404e-19)
(0 -0 7e-09)
(0 -0 4.2706e-06)
(0 -0 0.001775014)
(0 -0 0.002077986)
(0 -0 5e-06)
(0 -0 8e-09)
(0 -0 0)
(0 -0 4.269046e-19)
(0 -0 -2e-10)
(0 -0 -2.168404e-19)
(0 -0 4.201283e-19)
(0 -0 6.369688e-19)
(0 -0 0)
(0 -0 -2.168404e-19)
(0 -0 4.065758e-19)
(0 -0 -4.336809e-19)
(0 -0 2e-10)
(0 -0 -1.084202e-19)
(0 -0 0)
(0 -0 8e-11)
(0 -0 2e-11)
(0 -0 5.2e-10)
(0 -0 4e-11)
(0 -0 6e-11)
(0 -0 -4e-11)
(0 -0 -6e-11)
(0 -0 -2e-11)
(0 -0 -2.168404e-19)
(0 -0 -2.981556e-19)
(0 -0 3.252607e-19)
(0 -0 2.168404e-19)
(0 -0 0)
(0 -0 2e-10)
(0 -0 -6.369688e-19)
(0 -0 -2e-10)
(0 -0 -4.336809e-19)
(0 -0 -1.057097e-18)
(0 -0 2.168404e-19)
(0 -0 4.201283e-19)
(0 -0 2e-10)
(0 -0 8e-09)
(0 -0 5.0018e-06)
(0 -0 0.002079082)
(0 -0 0.002395579)
(0 -0 5.764e-06)
(0 -0 9.4e-09)
(0 -0 -2.168404e-19)
(0 -0 2.168404e-19)
(0 -0 -6.369688e-19)
(0 -0 0)
(0 -0 0)
(0 -0 4.201283e-19)
(0 -0 0)
(0 -0 2e-10)
(0 -0 2e-10)
(0 -0 -2e-10)
(0 -0 4.065758e-19)
(0 -0 2e-10)
(0 -0 -2e-10)
(0 -0 8e-10)
(0 -0 6e-10)
(0 -0 5.4e-10)
(0 -0 -1.4e-10)
(0 -0 -2e-11)
(0 -0 5.4e-10)
(0 -0 2.8e-10)
(0 -0 -8e-10)
(0 -0 8.131516e-20)
(0 -0 5.421011e-19)
(0 -0 2.168404e-19)
(0 -0 2e-10)
(0 -0 2e-10)
(0 -0 2.168404e-19)
(0 -0 -6.505213e-19)
(0 -0 2e-10)
(0 -0 -2e-10)
(0 -0 0)
(0 -0 -4.336809e-19)
(0 -0 0)
(0 -0 -2.100642e-19)
(0 -0 9.4e-09)
(0 -0 5.7664e-06)
(0 -0 0.002396901)
(0 -0 0.002729111)
(0 -0 6.5666e-06)
(0 -0 1.06e-08)
(0 -0 -6.369688e-19)
(0 -0 2.168404e-19)
(0 -0 4.336809e-19)
(0 -0 4.201283e-19)
(0 -0 2e-10)
(0 -0 -4.336809e-19)
(0 -0 -2e-10)
(0 -0 -6.234162e-19)
(0 -0 2e-10)
(0 -0 -2.168404e-19)
(0 -0 6.234162e-19)
(0 -0 0)
(0 -0 -8e-10)
(0 -0 6e-10)
(0 -0 -5.8e-10)
(0 -0 2.4e-10)
(0 -0 1.8e-10)
(0 -0 -8.8e-10)
(0 -0 -6e-10)
(0 -0 4e-11)
(0 -0 6e-10)
(0 -0 8e-10)
(0 -0 8e-10)
(0 -0 -2.168404e-19)
(0 -0 1.057097e-18)
(0 -0 2e-10)
(0 -0 -2e-10)
(0 -0 -2e-10)
(0 -0 1.273938e-18)
(0 -0 2e-10)
(0 -0 -8.402567e-19)
(0 -0 -2e-10)
(0 -0 -2.032879e-19)
(0 -0 2.032879e-19)
(0 -0 1.06e-08)
(0 -0 6.5692e-06)
(0 -0 0.002730694)
(0 -0 0.003080964)
(0 -0 7.4128e-06)
(0 -0 1.16e-08)
(0 -0 2e-10)
(0 -0 2e-10)
(0 -0 -2e-10)
(0 -0 -2e-10)
(0 -0 8.402567e-19)
(0 -0 2e-10)
(0 -0 2e-10)
(0 -0 -8.402567e-19)
(0 -0 -2e-10)
(0 -0 -6.505213e-19)
(0 -0 6e-10)
(0 -0 -2.168404e-19)
(0 -0 -6e-10)
(0 -0 -1.6e-09)
(0 -0 3.8e-10)
(0 -0 -8e-10)
(0 -0 -2.6e-10)
(0 -0 -1.4e-10)
(0 -0 -1.2e-10)
(0 -0 3.4e-10)
(0 -0 1.4e-09)
(0 -0 -2e-10)
(0 -0 -1.057097e-18)
(0 -0 2e-10)
(0 -0 2.168404e-19)
(0 -0 -2e-10)
(0 -0 -4.065758e-19)
(0 -0 -4.336809e-19)
(0 -0 0)
(0 -0 1.273938e-18)
(0 -0 2e-10)
(0 -0 0)
(0 -0 -2e-10)
(0 -0 0)
(0 -0 1.2e-08)
(0 -0 7.4162e-06)
(0 -0 0.00308285)
(0 -0 0.003453719)
(0 -0 8.3096e-06)
(0 -0 1.32e-08)
(0 -0 -2.168404e-19)
(0 -0 -2e-10)
(0 -0 4.336809e-19)
(0 -0 2e-10)
(0 -0 -8.402567e-19)
(0 -0 8.402567e-19)
(0 -0 -4.065758e-19)
(0 -0 8.402567e-19)
(0 -0 -2e-10)
(0 -0 -2e-10)
(0 -0 8e-10)
(0 -0 -6e-10)
(0 -0 4.336809e-19)
(0 -0 2e-10)
(0 -0 3.4e-10)
(0 -0 -1.22e-09)
(0 -0 -4.2e-10)
(0 -0 5.2e-10)
(0 -0 -1.2e-10)
(0 -0 7e-10)
(0 -0 -6e-10)
(0 -0 -1.4e-09)
(0 -0 -1.2e-09)
(0 -0 6.234162e-19)
(0 -0 -6e-10)
(0 -0 -4.336809e-19)
(0 -0 0)
(0 -0 -4.065758e-19)
(0 -0 2e-10)
(0 -0 8.402567e-19)
(0 -0 4.065758e-19)
(0 -0 -1.273938e-18)
(0 -0 2e-10)
(0 -0 2.032879e-19)
(0 -0 1.34e-08)
(0 -0 8.3136e-06)
(0 -0 0.00345596)
(0 -0 0.0038502)
(0 -0 9.2636e-06)
(0 -0 1.5e-08)
(0 -0 4.201283e-19)
(0 -0 -2e-10)
(0 -0 -4.336809e-19)
(0 -0 8.402567e-19)
(0 -0 -2e-10)
(0 -0 -2e-10)
(0 -0 4.336809e-19)
(0 -0 4.336809e-19)
(0 -0 -1e-09)
(0 -0 2e-10)
(0 -0 -2e-10)
(0 -0 -6e-10)
(0 -0 8e-10)
(0 -0 4e-10)
(0 -0 -6e-10)
(0 -0 1.14e-09)
(0 -0 8.2e-10)
(0 -0 2.6e-10)
(0 -0 -2e-11)
(0 -0 -1.6e-09)
(0 -0 -8e-10)
(0 -0 4e-10)
(0 -0 -1.2e-09)
(0 -0 -4e-10)
(0 -0 -2e-10)
(0 -0 8e-10)
(0 -0 -4.336809e-19)
(0 -0 4.065758e-19)
(0 -0 1.273938e-18)
(0 -0 -1.273938e-18)
(0 -0 8.402567e-19)
(0 -0 0)
(0 -0 8.402567e-19)
(0 -0 1.057097e-18)
(0 -0 1.5e-08)
(0 -0 9.268e-06)
(0 -0 0.003852856)
(0 -0 0.00427352)
(0 -0 1.02804e-05)
(0 -0 1.66e-08)
(0 -0 8e-10)
(0 -0 6e-10)
(0 -0 0)
(0 -0 0)
(0 -0 -1.707618e-18)
(0 -0 1.273938e-18)
(0 -0 2e-10)
(0 -0 8e-10)
(0 -0 -1.301043e-18)
(0 -0 1e-09)
(0 -0 -1.4e-09)
(0 -0 -2e-10)
(0 -0 1.6e-09)
(0 -0 -2e-10)
(0 -0 1e-09)
(0 -0 8.4e-10)
(0 -0 9.2e-10)
(0 -0 5.6e-10)
(0 -0 8e-11)
(0 -0 -1.2e-09)
(0 -0 -2e-10)
(0 -0 6e-10)
(0 -0 1.4e-09)
(0 -0 -1e-09)
(0 -0 8e-10)
(0 -0 -6e-10)
(0 -0 -4e-10)
(0 -0 -1.707618e-18)
(0 -0 -2e-10)
(0 -0 1.680513e-18)
(0 -0 -2.114194e-18)
(0 -0 -2e-10)
(0 -0 4e-10)
(0 -0 -2e-10)
(0 -0 1.7e-08)
(0 -0 1.02884e-05)
(0 -0 0.004276663)
(0 -0 0.004727143)
(0 -0 1.13722e-05)
(0 -0 1.66e-08)
(0 -0 2e-10)
(0 -0 1.8e-09)
(0 -0 4e-10)
(0 -0 -1e-09)
(0 -0 2e-10)
(0 -0 -8.131516e-19)
(0 -0 8e-10)
(0 -0 -6e-10)
(0 -0 2e-10)
(0 -0 3.794708e-19)
(0 -0 -2e-10)
(0 -0 1.4e-09)
(0 -0 -1.2e-09)
(0 -0 8e-10)
(0 -0 -1e-09)
(0 -0 -1.44e-09)
(0 -0 -4.2e-10)
(0 -0 -9.6e-10)
(0 -0 -5.8e-10)
(0 -0 -2e-10)
(0 -0 -6e-10)
(0 -0 -2e-10)
(0 -0 -6.505213e-19)
(0 -0 1e-09)
(0 -0 -4.336809e-19)
(0 -0 -8e-10)
(0 -0 4e-10)
(0 -0 2e-10)
(0 -0 4.336809e-19)
(0 -0 -1e-09)
(0 -0 6e-10)
(0 -0 2e-09)
(0 -0 -4e-10)
(0 -0 -2e-09)
(0 -0 1.78e-08)
(0 -0 1.138e-05)
(0 -0 0.004730865)
(0 -0 0.005214959)
(0 -0 1.25462e-05)
(0 -0 1.86e-08)
(0 -0 -6e-10)
(0 -0 1e-09)
(0 -0 1e-09)
(0 -0 2e-10)
(0 -0 -4e-10)
(0 -0 -1.8e-09)
(0 -0 2e-10)
(0 -0 -1.4e-09)
(0 -0 2e-10)
(0 -0 -6e-10)
(0 -0 8e-10)
(0 -0 3.794708e-19)
(0 -0 -2e-10)
(0 -0 -6e-10)
(0 -0 -1.2e-09)
(0 -0 -1.1e-09)
(0 -0 -2e-10)
(0 -0 7e-10)
(0 -0 2e-10)
(0 -0 1.2e-09)
(0 -0 2e-10)
(0 -0 -1e-09)
(0 -0 -1.2e-09)
(0 -0 4e-10)
(0 -0 -2e-10)
(0 -0 -2e-10)
(0 -0 8e-10)
(0 -0 6e-10)
(0 -0 1.680513e-18)
(0 -0 8e-10)
(0 -0 -1.2e-09)
(0 -0 -1.2e-09)
(0 -0 8e-10)
(0 -0 8.402567e-19)
(0 -0 2.04e-08)
(0 -0 1.25538e-05)
(0 -0 0.005219365)
(0 -0 0.005741379)
(0 -0 1.38134e-05)
(0 -0 2.32e-08)
(0 -0 -1.4e-09)
(0 -0 -1e-09)
(0 -0 1.4e-09)
(0 -0 4.336809e-19)
(0 -0 -2e-09)
(0 -0 2e-10)
(0 -0 -4e-10)
(0 -0 -1e-09)
(0 -0 1.6e-09)
(0 -0 4e-10)
(0 -0 4e-10)
(0 -0 -1.2e-09)
(0 -0 4.336809e-19)
(0 -0 -8e-10)
(0 -0 1.6e-09)
(0 -0 -3.2e-10)
(0 -0 9.4e-10)
(0 -0 1.32e-09)
(0 -0 8.6e-10)
(0 -0 -1.572093e-18)
(0 -0 1.8e-09)
(0 -0 2e-10)
(0 -0 1.4e-09)
(0 -0 -4e-10)
(0 -0 4e-10)
(0 -0 -8e-10)
(0 -0 -6e-10)
(0 -0 6e-10)
(0 -0 -2.2e-09)
(0 -0 1e-09)
(0 -0 1e-09)
(0 -0 -4.336809e-19)
(0 -0 6e-10)
(0 -0 6e-10)
(0 -0 2.1e-08)
(0 -0 1.38216e-05)
(0 -0 0.0057466)
(0 -0 0.006311458)
(0 -0 1.51864e-05)
(0 -0 2.4e-08)
(0 -0 -1.273938e-18)
(0 -0 -6e-10)
(0 -0 2e-10)
(0 -0 2e-10)
(0 -0 4e-10)
(0 -0 1.680513e-18)
(0 -0 8.131516e-19)
(0 -0 2.2e-09)
(0 -0 -1e-09)
(0 -0 -6e-10)
(0 -0 2.547875e-18)
(0 -0 1e-09)
(0 -0 1.517883e-18)
(0 -0 -2e-10)
(0 -0 1e-09)
(0 -0 3.2e-10)
(0 -0 3.4e-10)
(0 -0 -1.2e-10)
(0 -0 8.6e-10)
(0 -0 -1.2e-09)
(0 -0 8e-10)
(0 -0 4e-10)
(0 -0 8e-10)
(0 -0 6e-10)
(0 -0 4e-10)
(0 -0 -4e-10)
(0 -0 8e-10)
(0 -0 -2e-09)
(0 -0 1.680513e-18)
(0 -0 1.2e-09)
(0 -0 -6e-10)
(0 -0 -2e-10)
(0 -0 1.707618e-18)
(0 -0 1.2e-09)
(0 -0 2.5e-08)
(0 -0 1.51942e-05)
(0 -0 0.006317654)
(0 -0 0.00693105)
(0 -0 1.66754e-05)
(0 -0 2.6e-08)
(0 -0 -1.2e-09)
(0 -0 -4e-10)
(0 -0 8.673617e-19)
(0 -0 -4e-10)
(0 -0 -1.680513e-18)
(0 -0 2e-09)
(0 -0 2e-09)
(0 -0 1.8e-09)
(0 -0 -1.6e-09)
(0 -0 -4.336809e-19)
(0 -0 -1e-09)
(0 -0 8e-10)
(0 -0 8e-10)
(0 -0 8e-10)
(0 -0 -8e-10)
(0 -0 1.04e-09)
(0 -0 -4.8e-10)
(0 -0 3.6e-10)
(0 -0 -7.2e-10)
(0 -0 2e-10)
(0 -0 -6e-10)
(0 -0 0)
(0 -0 -1.6e-09)
(0 -0 -1e-09)
(0 -0 -8e-10)
(0 -0 8.673617e-19)
(0 -0 8e-10)
(0 -0 -1.680513e-18)
(0 -0 -1.680513e-18)
(0 -0 -2e-09)
(0 -0 1.2e-09)
(0 -0 -2e-10)
(0 -0 1e-09)
(0 -0 1.680513e-18)
(0 -0 2.68e-08)
(0 -0 1.6689e-05)
(0 -0 0.006938413)
(0 -0 0.007607)
(0 -0 1.83018e-05)
(0 -0 2.96e-08)
(0 -0 -6e-10)
(0 -0 -1.4e-09)
(0 -0 -8e-10)
(0 -0 2.2e-09)
(0 -0 8.673617e-19)
(0 -0 1.680513e-18)
(0 -0 2e-09)
(0 -0 1.680513e-18)
(0 -0 -2e-09)
(0 -0 -1e-09)
(0 -0 1e-09)
(0 -0 -8e-10)
(0 -0 -1e-09)
(0 -0 2e-10)
(0 -0 -1.8e-09)
(0 -0 1.2e-09)
(0 -0 -8.8e-10)
(0 -0 -4e-10)
(0 -0 -1.2e-10)
(0 -0 -6e-10)
(0 -0 -8e-10)
(0 -0 6e-10)
(0 -0 -8e-10)
(0 -0 6e-10)
(0 -0 -1.6e-09)
(0 -0 2.2e-09)
(0 -0 0)
(0 -0 -1.680513e-18)
(0 -0 1.680513e-18)
(0 -0 -1.734723e-18)
(0 -0 1.6e-09)
(0 -0 -1.4e-09)
(0 -0 -1.4e-09)
(0 -0 4.065758e-19)
(0 -0 3.04e-08)
(0 -0 1.8317e-05)
(0 -0 0.007615775)
(0 -0 0.008347426)
(0 -0 2.00832e-05)
(0 -0 3.28e-08)
(0 -0 6e-10)
(0 -0 4e-10)
(0 -0 -4e-10)
(0 -0 -2e-09)
(0 -0 0)
(0 -0 -2e-09)
(0 -0 7.589415e-19)
(0 -0 0)
(0 -0 1.734723e-18)
(0 -0 -1.6e-09)
(0 -0 4e-10)
(0 -0 -2e-10)
(0 -0 6e-10)
(0 -0 8e-10)
(0 -0 -1e-09)
(0 -0 4.6e-10)
(0 -0 1.4e-10)
(0 -0 -1.06e-09)
(0 -0 -3.4e-10)
(0 -0 1.2e-09)
(0 -0 -8e-10)
(0 -0 -4e-10)
(0 -0 1.2e-09)
(0 -0 8e-10)
(0 -0 -2e-10)
(0 -0 8.673617e-19)
(0 -0 3.361027e-18)
(0 -0 -2e-09)
(0 -0 2.547875e-18)
(0 -0 2e-09)
(0 -0 -2e-09)
(0 -0 -8e-10)
(0 -0 1e-09)
(0 -0 1e-09)
(0 -0 3.22e-08)
(0 -0 2.01006e-05)
(0 -0 0.008357913)
(0 -0 0.009162067)
(0 -0 2.20408e-05)
(0 -0 3.52e-08)
(0 -0 1e-09)
(0 -0 -6e-10)
(0 -0 -8e-10)
(0 -0 -8.673617e-19)
(0 -0 -2.493665e-18)
(0 -0 -2e-09)
(0 -0 -2.493665e-18)
(0 -0 -3.361027e-18)
(0 -0 -2.602085e-18)
(0 -0 2e-10)
(0 -0 -1e-09)
(0 -0 8e-10)
(0 -0 1e-09)
(0 -0 -8e-10)
(0 -0 1.2e-09)
(0 -0 -1.58e-09)
(0 -0 -7.6e-10)
(0 -0 -6.2e-10)
(0 -0 -1.04e-09)
(0 -0 1.4e-09)
(0 -0 -6e-10)
(0 -0 -6e-10)
(0 -0 4e-10)
(0 -0 -8e-10)
(0 -0 8e-10)
(0 -0 -2e-09)
(0 -0 -1.734723e-18)
(0 -0 0)
(0 -0 0)
(0 -0 2e-09)
(0 -0 -2.547875e-18)
(0 -0 2e-09)
(0 -0 -1.6e-09)
(0 -0 6e-10)
(0 -0 3.7e-08)
(0 -0 2.20634e-05)
(0 -0 0.00917464)
(0 -0 0.01006275)
(0 -0 2.4208e-05)
(0 -0 3.74e-08)
(0 -0 2e-10)
(0 -0 6e-10)
(0 -0 8.673617e-19)
(0 -0 2.602085e-18)
(0 -0 0)
(0 -0 2e-09)
(0 -0 3.361027e-18)
(0 -0 -8.673617e-19)
(0 -0 2e-09)
(0 -0 -8e-10)
(0 -0 -4e-10)
(0 -0 6e-10)
(0 -0 -1.2e-09)
(0 -0 -1.8e-09)
(0 -0 -2.602085e-18)
(0 -0 -3.8e-10)
(0 -0 3.2e-10)
(0 -0 -6.2e-10)
(0 -0 4.8e-10)
(0 -0 -4e-10)
(0 -0 1.2e-09)
(0 -0 1e-09)
(0 -0 6e-10)
(0 -0 4e-10)
(0 -0 1e-09)
(0 -0 4.228388e-18)
(0 -0 -5.854692e-18)
(0 -0 1.734723e-18)
(0 -0 2e-09)
(0 -0 -8.673617e-19)
(0 -0 -2e-09)
(0 -0 -2e-09)
(0 -0 -1e-09)
(0 -0 8e-10)
(0 -0 4.12e-08)
(0 -0 2.42356e-05)
(0 -0 0.0100779)
(0 -0 0.01106409)
(0 -0 2.66182e-05)
(0 -0 4.18e-08)
(0 -0 -6e-10)
(0 -0 0)
(0 -0 -2e-09)
(0 -0 7.589415e-19)
(0 -0 -4.228388e-18)
(0 -0 2e-09)
(0 -0 8.673617e-19)
(0 -0 -4.228388e-18)
(0 -0 1.734723e-18)
(0 -0 -5.963112e-18)
(0 -0 1e-09)
(0 -0 -1e-09)
(0 -0 -1.4e-09)
(0 -0 -4e-10)
(0 -0 6e-10)
(0 -0 1.08e-09)
(0 -0 6.2e-10)
(0 -0 1.12e-09)
(0 -0 9.8e-10)
(0 -0 6e-10)
(0 -0 2e-10)
(0 -0 8e-10)
(0 -0 -6.288373e-18)
(0 -0 -2e-10)
(0 -0 8.673617e-19)
(0 -0 8.673617e-19)
(0 -0 2e-09)
(0 -0 -3.361027e-18)
(0 -0 5.09575e-18)
(0 -0 -3.361027e-18)
(0 -0 -3.361027e-18)
(0 -0 -2e-09)
(0 -0 4.282599e-18)
(0 -0 6e-10)
(0 -0 4.52e-08)
(0 -0 2.66494e-05)
(0 -0 0.01108242)
(0 -0 0.01218438)
(0 -0 2.931e-05)
(0 -0 4.44e-08)
(0 -0 -8e-10)
(0 -0 -1.626303e-18)
(0 -0 2e-09)
(0 -0 1.626303e-18)
(0 -0 5.963112e-18)
(0 -0 -1.626303e-18)
(0 -0 -2e-09)
(0 -0 2e-09)
(0 -0 1.626303e-18)
(0 -0 1.626303e-18)
(0 -0 -8e-10)
(0 -0 -1.2e-09)
(0 -0 -4e-10)
(0 -0 2e-09)
(0 -0 2e-10)
(0 -0 -1.08e-09)
(0 -0 -4.4e-10)
(0 -0 4.8e-10)
(0 -0 -3.6e-10)
(0 -0 2e-10)
(0 -0 -1.2e-09)
(0 -0 -1.2e-09)
(0 -0 -1e-09)
(0 -0 -1.2e-09)
(0 -0 1.626303e-18)
(0 -0 2e-09)
(0 -0 3.361027e-18)
(0 -0 2e-09)
(0 -0 6.722053e-18)
(0 -0 -2e-09)
(0 -0 -4.228388e-18)
(0 -0 -2.493665e-18)
(0 -0 1.734723e-18)
(0 -0 1.2e-09)
(0 -0 4.94e-08)
(0 -0 2.93518e-05)
(0 -0 0.01220669)
(0 -0 0.01344693)
(0 -0 3.23466e-05)
(0 -0 4.9e-08)
(0 -0 1.4e-09)
(0 -0 2e-09)
(0 -0 0)
(0 -0 -1.626303e-18)
(0 -0 2e-09)
(0 -0 -2e-09)
(0 -0 -2e-09)
(0 -0 3.361027e-18)
(0 -0 2e-09)
(0 -0 2e-09)
(0 -0 3.469447e-18)
(0 -0 1.6e-09)
(0 -0 1.6e-09)
(0 -0 1.2e-09)
(0 -0 -1.6e-09)
(0 -0 7.4e-10)
(0 -0 -3.6e-10)
(0 -0 -5.4e-10)
(0 -0 -1.24e-09)
(0 -0 -1.4e-09)
(0 -0 -4e-10)
(0 -0 2e-10)
(0 -0 1.301043e-18)
(0 -0 2.2e-09)
(0 -0 -3.469447e-18)
(0 -0 2e-09)
(0 -0 -2e-09)
(0 -0 -4.228388e-18)
(0 -0 1.734723e-18)
(0 -0 -6.830474e-18)
(0 -0 5.09575e-18)
(0 -0 2e-09)
(0 -0 2e-09)
(0 -0 6e-10)
(0 -0 5.22e-08)
(0 -0 3.23962e-05)
(0 -0 0.01347432)
(0 -0 0.01488209)
(0 -0 3.57996e-05)
(0 -0 5.62e-08)
(0 -0 2e-09)
(0 -0 0)
(0 -0 -2e-09)
(0 -0 0)
(0 -0 -5.09575e-18)
(0 -0 2e-09)
(0 -0 0)
(0 -0 -9.324139e-18)
(0 -0 5.09575e-18)
(0 -0 -2e-09)
(0 -0 1.01915e-17)
(0 -0 2e-09)
(0 -0 2e-10)
(0 -0 -6e-10)
(0 -0 2e-10)
(0 -0 1.32e-09)
(0 -0 -5e-10)
(0 -0 1.08e-09)
(0 -0 -1e-10)
(0 -0 -1e-09)
(0 -0 4e-10)
(0 -0 -8e-10)
(0 -0 -2.2e-09)
(0 -0 2e-09)
(0 -0 4.228388e-18)
(0 -0 -2e-09)
(0 -0 2e-09)
(0 -0 -2e-09)
(0 -0 1.734723e-18)
(0 -0 2e-09)
(0 -0 -1.691355e-17)
(0 -0 -1.192622e-17)
(0 -0 -4.228388e-18)
(0 -0 2e-09)
(0 -0 5.96e-08)
(0 -0 3.58606e-05)
(0 -0 0.01491598)
(0 -0 0.01653013)
(0 -0 3.97632e-05)
(0 -0 6.1e-08)
(0 -0 -8.673617e-19)
(0 -0 -1.734723e-18)
(0 -0 -2e-09)
(0 -0 -2e-09)
(0 -0 -2e-09)
(0 -0 2e-09)
(0 -0 3.252607e-18)
(0 -0 -3.252607e-18)
(0 -0 -2e-09)
(0 -0 -2e-09)
(0 -0 -5.09575e-18)
(0 -0 -8e-10)
(0 -0 6e-10)
(0 -0 6e-10)
(0 -0 1e-09)
(0 -0 -1.66e-09)
(0 -0 1.02e-09)
(0 -0 -1.14e-09)
(0 -0 5.8e-10)
(0 -0 2e-10)
(0 -0 1.4e-09)
(0 -0 8e-10)
(0 -0 -6e-10)
(0 -0 -2e-09)
(0 -0 3.469447e-18)
(0 -0 5.963112e-18)
(0 -0 -2.385245e-18)
(0 -0 9.97466e-18)
(0 -0 1.734723e-18)
(0 -0 0)
(0 -0 -2e-09)
(0 -0 0)
(0 -0 1.734723e-18)
(0 -0 -1.626303e-18)
(0 -0 6.7e-08)
(0 -0 3.98422e-05)
(0 -0 0.01657255)
(0 -0 0.01844603)
(0 -0 4.43694e-05)
(0 -0 6.6e-08)
(0 -0 -2e-09)
(0 -0 3.469447e-18)
(0 -0 3.469447e-18)
(0 -0 5.20417e-18)
(0 -0 -4.98733e-18)
(0 -0 5.20417e-18)
(0 -0 0)
(0 -0 -4.98733e-18)
(0 -0 3.469447e-18)
(0 -0 -4.228388e-18)
(0 -0 3.361027e-18)
(0 -0 -2e-10)
(0 -0 6e-10)
(0 -0 2e-10)
(0 -0 4e-10)
(0 -0 -1.1e-09)
(0 -0 -4e-10)
(0 -0 -1.3e-09)
(0 -0 8e-10)
(0 -0 1.6e-09)
(0 -0 1e-09)
(0 -0 8e-10)
(0 -0 1.6e-09)
(0 -0 -2e-09)
(0 -0 -5.09575e-18)
(0 -0 3.469447e-18)
(0 -0 8.456777e-18)
(0 -0 2e-09)
(0 -0 -2e-09)
(0 -0 -5.20417e-18)
(0 -0 2e-09)
(0 -0 1.01915e-17)
(0 -0 2e-09)
(0 -0 -2e-09)
(0 -0 7.4e-08)
(0 -0 4.44704e-05)
(0 -0 0.01849985)
(0 -0 0.020707)
(0 -0 4.98032e-05)
(0 -0 7.4e-08)
(0 -0 -2e-09)
(0 -0 -2e-09)
(0 -0 2e-09)
(0 -0 0)
(0 -0 -1.734723e-18)
(0 -0 -3.252607e-18)
(0 -0 1.734723e-18)
(0 -0 2e-09)
(0 -0 -5.854692e-18)
(0 -0 -2e-09)
(0 -0 2e-09)
(0 -0 1e-09)
(0 -0 -1.8e-09)
(0 -0 -1.4e-09)
(0 -0 -1e-09)
(0 -0 1.38e-09)
(0 -0 -4.6e-10)
(0 -0 -1.8e-10)
(0 -0 6.6e-10)
(0 -0 -6e-10)
(0 -0 -6e-10)
(0 -0 -2.2e-09)
(0 -0 -8e-10)
(0 -0 8.673617e-19)
(0 -0 2e-09)
(0 -0 -6.938894e-18)
(0 -0 2e-09)
(0 -0 -4.98733e-18)
(0 -0 5.20417e-18)
(0 -0 -4.98733e-18)
(0 -0 -1.517883e-17)
(0 -0 -3.252607e-18)
(0 -0 2e-09)
(0 -0 1.105886e-17)
(0 -0 8.8e-08)
(0 -0 4.99364e-05)
(0 -0 0.02077645)
(0 -0 0.02342577)
(0 -0 5.63326e-05)
(0 -0 8e-08)
(0 -0 0)
(0 -0 -2e-09)
(0 -0 1.170938e-17)
(0 -0 -2e-09)
(0 -0 1.01915e-17)
(0 -0 -2e-09)
(0 -0 1.366095e-17)
(0 -0 3.469447e-18)
(0 -0 2e-09)
(0 -0 3.469447e-18)
(0 -0 4.336809e-18)
(0 -0 1.4e-09)
(0 -0 -6e-10)
(0 -0 -1e-09)
(0 -0 1e-09)
(0 -0 -1.4e-10)
(0 -0 4e-11)
(0 -0 9.4e-10)
(0 -0 1.6e-10)
(0 -0 -8e-10)
(0 -0 -6e-10)
(0 -0 -4e-10)
(0 -0 2.493665e-18)
(0 -0 2e-09)
(0 -0 -2.385245e-18)
(0 -0 -6.722053e-18)
(0 -0 6.722053e-18)
(0 -0 -3.469447e-18)
(0 -0 1.170938e-17)
(0 -0 1.517883e-17)
(0 -0 -6.722053e-18)
(0 -0 -1.734723e-18)
(0 -0 1.344411e-17)
(0 -0 8.456777e-18)
(0 -0 1.04e-07)
(0 -0 5.65128e-05)
(0 -0 0.0235173)
(0 -0 0.02677004)
(0 -0 6.437e-05)
(0 -0 8.2e-08)
(0 -0 -8.239937e-18)
(0 -0 -2e-09)
(0 -0 4.77049e-18)
(0 -0 0)
(0 -0 -1.192622e-17)
(0 -0 0)
(0 -0 2e-09)
(0 -0 -2e-09)
(0 -0 6.938894e-18)
(0 -0 -1.01915e-17)
(0 -0 8.456777e-18)
(0 -0 2e-10)
(0 -0 6e-10)
(0 -0 1.6e-09)
(0 -0 4e-10)
(0 -0 2e-10)
(0 -0 -8.8e-10)
(0 -0 1.6e-09)
(0 -0 -9.2e-10)
(0 -0 4.336809e-19)
(0 -0 -8e-10)
(0 -0 2.4e-09)
(0 -0 -4e-10)
(0 -0 -2e-09)
(0 -0 2.385245e-18)
(0 -0 -1.344411e-17)
(0 -0 -4.98733e-18)
(0 -0 -2e-09)
(0 -0 -1.734723e-18)
(0 -0 2e-09)
(0 -0 -1.214306e-17)
(0 -0 -1.517883e-17)
(0 -0 -1.170938e-17)
(0 -0 -2e-09)
(0 -0 1.26e-07)
(0 -0 6.461e-05)
(0 -0 0.02689424)
(0 -0 0.03103634)
(0 -0 7.4606e-05)
(0 -0 6.8e-08)
(0 -0 1.2e-08)
(0 -0 -4e-09)
(0 -0 2e-09)
(0 -0 2e-09)
(0 -0 5.20417e-18)
(0 -0 2e-09)
(0 -0 -4.98733e-18)
(0 -0 -1.734723e-18)
(0 -0 -1.192622e-17)
(0 -0 -5.20417e-18)
(0 -0 -1.105886e-17)
(0 -0 2e-10)
(0 -0 4e-10)
(0 -0 -2e-10)
(0 -0 -4e-10)
(0 -0 -2.8e-10)
(0 -0 8.2e-10)
(0 -0 -1.2e-10)
(0 -0 -6.2e-10)
(0 -0 -2e-10)
(0 -0 2.602085e-18)
(0 -0 6e-10)
(0 -0 -2.2e-09)
(0 -0 -2e-09)
(0 -0 6.505213e-19)
(0 -0 1.279359e-17)
(0 -0 -1.192622e-17)
(0 -0 2e-09)
(0 -0 1.734723e-18)
(0 -0 -1.344411e-17)
(0 -0 -2e-09)
(0 -0 6.938894e-18)
(0 -0 6e-09)
(0 -0 -1.2e-08)
(0 -0 1.72e-07)
(0 -0 7.4884e-05)
(0 -0 0.03120919)
(0 -0 0.03645706)
(0 -0 8.7952e-05)
(0 -0 -2e-09)
(0 -0 5.8e-08)
(0 -0 -8e-09)
(0 -0 4e-09)
(0 -0 9.97466e-18)
(0 -0 -2e-09)
(0 -0 3.035766e-18)
(0 -0 -1.734723e-18)
(0 -0 2e-09)
(0 -0 -2e-09)
(0 -0 1.734723e-18)
(0 -0 1e-09)
(0 -0 8e-10)
(0 -0 -8e-10)
(0 -0 -1.2e-09)
(0 -0 4e-10)
(0 -0 -1.72e-09)
(0 -0 8.4e-10)
(0 -0 3.2e-10)
(0 -0 1.36e-09)
(0 -0 1.4e-09)
(0 -0 1.2e-09)
(0 -0 -1.4e-09)
(0 -0 -1.355253e-17)
(0 -0 -2e-10)
(0 -0 -2e-09)
(0 -0 6.722053e-18)
(0 -0 8.456777e-18)
(0 -0 -2.016616e-17)
(0 -0 -2e-09)
(0 -0 1.517883e-17)
(0 -0 -1.387779e-17)
(0 -0 -4e-09)
(0 -0 6e-09)
(0 -0 -6e-08)
(0 -0 2.96e-07)
(0 -0 8.8174e-05)
(0 -0 0.03672146)
(0 -0 0.04503258)
(0 -0 0.000108152)
(0 -0 -4.84e-07)
(0 -0 1.34e-07)
(0 -0 -5.6e-08)
(0 -0 3.469447e-18)
(0 -0 -4e-09)
(0 -0 -2e-09)
(0 -0 -2e-09)
(0 -0 1.734723e-18)
(0 -0 2e-09)
(0 -0 2e-09)
(0 -0 -2e-09)
(0 -0 -6e-10)
(0 -0 8e-10)
(0 -0 -6e-10)
(0 -0 1.8e-09)
(0 -0 4e-10)
(0 -0 5.4e-10)
(0 -0 -7.4e-10)
(0 -0 6e-11)
(0 -0 -6e-11)
(0 -0 4e-10)
(0 -0 -6e-10)
(0 -0 -2e-10)
(0 -0 2.2e-09)
(0 -0 2.6e-09)
(0 -0 -4.119968e-18)
(0 -0 -2e-09)
(0 -0 -2e-09)
(0 -0 -1.192622e-17)
(0 -0 3.469447e-18)
(0 -0 -1.734723e-18)
(0 -0 2e-09)
(0 -0 2e-09)
(0 -0 5.8e-08)
(0 -0 -1.4e-07)
(0 -0 8.52e-07)
(0 -0 0.000107194)
(0 -0 0.0453948)
(0 -0 0.05215869)
(0 -0 0.000134692)
(0 -0 -5.56e-07)
(0 -0 1.264e-06)
(0 -0 8.4e-08)
(0 -0 6.4e-08)
(0 -0 1e-08)
(0 -0 4e-09)
(0 -0 5.20417e-18)
(0 -0 -1.734723e-18)
(0 -0 -5.20417e-18)
(0 -0 8.456777e-18)
(0 -0 -1.2e-09)
(0 -0 -1.4e-09)
(0 -0 -2e-10)
(0 -0 2e-10)
(0 -0 1.409463e-18)
(0 -0 -1.4e-09)
(0 -0 -5.2e-10)
(0 -0 -1.52e-09)
(0 -0 -2.08e-09)
(0 -0 -1.88e-09)
(0 -0 -2.6e-09)
(0 -0 -1.8e-09)
(0 -0 -6e-10)
(0 -0 -8e-10)
(0 -0 -8e-10)
(0 -0 -1.4e-09)
(0 -0 -2e-09)
(0 -0 -2e-09)
(0 -0 -2e-09)
(0 -0 -2e-09)
(0 -0 -4e-09)
(0 -0 -1.4e-08)
(0 -0 -7e-08)
(0 -0 -9e-08)
(0 -0 -1.324e-06)
(0 -0 1.034e-06)
(0 -0 0.000121816)
(0 -0 0.05286707)
(0 -0 0.08071256)
(0 -0 0.000198632)
(0 -0 -1.1138e-05)
(0 -0 -6.34e-07)
(0 -0 -1.646e-06)
(0 -0 -6.5e-07)
(0 -0 -5.7e-07)
(0 -0 -5.76e-07)
(0 -0 -6.04e-07)
(0 -0 -6.3e-07)
(0 -0 -6.52e-07)
(0 -0 -6.714e-07)
(0 -0 -6.822e-07)
(0 -0 -6.93e-07)
(0 -0 -7.046e-07)
(0 -0 -7.112e-07)
(0 -0 -7.186e-07)
(0 -0 -7.25e-07)
(0 -0 -7.2928e-07)
(0 -0 -7.358e-07)
(0 -0 -7.4212e-07)
(0 -0 -7.456e-07)
(0 -0 -7.524e-07)
(0 -0 -7.574e-07)
(0 -0 -7.652e-07)
(0 -0 -7.734e-07)
(0 -0 -7.846e-07)
(0 -0 -7.952e-07)
(0 -0 -8.09e-07)
(0 -0 -8.26e-07)
(0 -0 -8.52e-07)
(0 -0 -8.8e-07)
(0 -0 -9.18e-07)
(0 -0 -9.32e-07)
(0 -0 -8.72e-07)
(0 -0 1.12e-07)
(0 -0 -1.106e-06)
(0 -0 9.414e-06)
(0 -0 0.000177946)
(0 -0 0.08170396)
(0 -0 0.08403895)
(0 -0 0.000519232)
(0 -0 -3.7406e-05)
(0 -0 -0.000235784)
(0 -0 -0.000324942)
(0 -0 -0.000373296)
(0 -0 -0.000400672)
(0 -0 -0.000417142)
(0 -0 -0.000427728)
(0 -0 -0.00043494)
(0 -0 -0.0004401006)
(0 -0 -0.0004439532)
(0 -0 -0.0004469418)
(0 -0 -0.000449331)
(0 -0 -0.000451302)
(0 -0 -0.000452972)
(0 -0 -0.0004544286)
(0 -0 -0.0004557336)
(0 -0 -0.0004569407)
(0 -0 -0.0004580922)
(0 -0 -0.0004592231)
(0 -0 -0.0004603728)
(0 -0 -0.0004615752)
(0 -0 -0.000462876)
(0 -0 -0.0004643208)
(0 -0 -0.0004659758)
(0 -0 -0.0004679254)
(0 -0 -0.0004702866)
(0 -0 -0.0004732338)
(0 -0 -0.0004770328)
(0 -0 -0.000482114)
(0 -0 -0.00048922)
(0 -0 -0.000499682)
(0 -0 -0.000516034)
(0 -0 -0.000543344)
(0 -0 -0.000592316)
(0 -0 -0.0006818)
(0 -0 -0.000885036)
(0 -0 -0.001045046)
(0 -0 0.08292938)
(0 -0 0.004630572)
(0 -0 -0.1893305)
(0 -0 -0.189512)
(0 -0 -0.1903363)
(0 -0 -0.1903221)
(0 -0 -0.1904839)
(0 -0 -0.19054)
(0 -0 -0.1905781)
(0 -0 -0.1906014)
(0 -0 -0.1906165)
(0 -0 -0.1906269)
(0 -0 -0.1906344)
(0 -0 -0.1906401)
(0 -0 -0.1906447)
(0 -0 -0.1906485)
(0 -0 -0.1906519)
(0 -0 -0.190655)
(0 -0 -0.190658)
(0 -0 -0.190661)
(0 -0 -0.1906641)
(0 -0 -0.1906675)
(0 -0 -0.1906712)
(0 -0 -0.1906754)
(0 -0 -0.1906801)
(0 -0 -0.1906857)
(0 -0 -0.1906923)
(0 -0 -0.1907002)
(0 -0 -0.1907099)
(0 -0 -0.190722)
(0 -0 -0.1907375)
(0 -0 -0.1907581)
(0 -0 -0.1907864)
(0 -0 -0.1908271)
(0 -0 -0.1908894)
(0 -0 -0.1909784)
(0 -0 -0.191193)
(0 -0 -0.1912793)
(0 -0 -0.1921434)
(0 -0 -0.1919189)
(0 -0 0.005433552)
(0 -0 -39.8093)
(0 -0 -40.00703)
(0 -0 -39.89484)
(0 -0 -39.89077)
(0 -0 -39.86645)
(0 -0 -39.85675)
(0 -0 -39.84929)
(0 -0 -39.84412)
(0 -0 -39.84033)
(0 -0 -39.83747)
(0 -0 -39.83525)
(0 -0 -39.83351)
(0 -0 -39.83212)
(0 -0 -39.83102)
(0 -0 -39.83014)
(0 -0 -39.82945)
(0 -0 -39.82893)
(0 -0 -39.82855)
(0 -0 -39.8283)
(0 -0 -39.82818)
(0 -0 -39.82817)
(0 -0 -39.82828)
(0 -0 -39.82852)
(0 -0 -39.82888)
(0 -0 -39.82939)
(0 -0 -39.83006)
(0 -0 -39.83091)
(0 -0 -39.83199)
(0 -0 -39.83335)
(0 -0 -39.83505)
(0 -0 -39.83721)
(0 -0 -39.84)
(0 -0 -39.8437)
(0 -0 -39.84874)
(0 -0 -39.85609)
(0 -0 -39.86527)
(0 -0 -39.89007)
(0 -0 -39.89264)
(0 -0 -40.00641)
(0 -0 -39.8076)
)
;

boundaryField
{
    movingWall
    {
        type            calculated;
        value           nonuniform List<vector> 
40
(
(0 -0 -79.46491)
(0 -0 -79.69942)
(0 -0 -79.42484)
(0 -0 -79.41362)
(0 -0 -79.35758)
(0 -0 -79.33583)
(0 -0 -79.31968)
(0 -0 -79.30871)
(0 -0 -79.30081)
(0 -0 -79.29491)
(0 -0 -79.29037)
(0 -0 -79.28681)
(0 -0 -79.284)
(0 -0 -79.28176)
(0 -0 -79.27998)
(0 -0 -79.27859)
(0 -0 -79.27753)
(0 -0 -79.27676)
(0 -0 -79.27626)
(0 -0 -79.276)
(0 -0 -79.27599)
(0 -0 -79.27621)
(0 -0 -79.27667)
(0 -0 -79.2774)
(0 -0 -79.27842)
(0 -0 -79.27976)
(0 -0 -79.28148)
(0 -0 -79.28364)
(0 -0 -79.28637)
(0 -0 -79.28981)
(0 -0 -79.29421)
(0 -0 -79.29992)
(0 -0 -79.30756)
(0 -0 -79.31818)
(0 -0 -79.33406)
(0 -0 -79.35449)
(0 -0 -79.41178)
(0 -0 -79.41916)
(0 -0 -79.69766)
(0 -0 -79.46119)
)
;
    }
    fixedWalls
    {
        type            calculated;
        value           nonuniform List<vector> 
120
(
(0 -0 0.0003895936)
(0 -0 0.0007822204)
(0 -0 0.001310622)
(0 -0 0.001847717)
(0 -0 0.002396803)
(0 -0 0.002961485)
(0 -0 0.003545518)
(0 -0 0.004152838)
(0 -0 0.004787606)
(0 -0 0.005454257)
(0 -0 0.006157563)
(0 -0 0.006902694)
(0 -0 0.007695308)
(0 -0 0.00854165)
(0 -0 0.009448661)
(0 -0 0.01042416)
(0 -0 0.011477)
(0 -0 0.01261736)
(0 -0 0.01385701)
(0 -0 0.01520974)
(0 -0 0.01669195)
(0 -0 0.01832329)
(0 -0 0.02012774)
(0 -0 0.0221349)
(0 -0 0.024382)
(0 -0 0.02691663)
(0 -0 0.02980094)
(0 -0 0.033118)
(0 -0 0.03698205)
(0 -0 0.04155546)
(0 -0 0.04707919)
(0 -0 0.05391872)
(0 -0 0.06274309)
(0 -0 0.0740714)
(0 -0 0.09267527)
(0 -0 0.1080646)
(0 -0 0.1738681)
(0 -0 0.1810514)
(0 -0 0.2610797)
(0 -0 -39.5841)
(0 -0 0.0003897685)
(0 -0 0.0007825739)
(0 -0 0.001311221)
(0 -0 0.001848577)
(0 -0 0.002397946)
(0 -0 0.002962941)
(0 -0 0.003547325)
(0 -0 0.004155042)
(0 -0 0.004790264)
(0 -0 0.005457441)
(0 -0 0.006161355)
(0 -0 0.006907199)
(0 -0 0.007700648)
(0 -0 0.008547967)
(0 -0 0.009456147)
(0 -0 0.01043302)
(0 -0 0.01148751)
(0 -0 0.01262983)
(0 -0 0.01387183)
(0 -0 0.01522742)
(0 -0 0.01671307)
(0 -0 0.01834864)
(0 -0 0.02015828)
(0 -0 0.0221719)
(0 -0 0.02442711)
(0 -0 0.02697205)
(0 -0 0.02986966)
(0 -0 0.03320421)
(0 -0 0.03709177)
(0 -0 0.0416977)
(0 -0 0.04726799)
(0 -0 0.05417761)
(0 -0 0.06310852)
(0 -0 0.07464485)
(0 -0 0.0934715)
(0 -0 0.1097188)
(0 -0 0.1761057)
(0 -0 0.1835115)
(0 -0 0.2664064)
(0 -0 -39.58356)
(0 -0 0.0003888568)
(0 -0 0.0007768727)
(0 -0 0.001290456)
(0 -0 0.001795981)
(0 -0 0.002289961)
(0 -0 0.002769259)
(0 -0 0.003230863)
(0 -0 0.003671904)
(0 -0 0.004089678)
(0 -0 0.004481655)
(0 -0 0.004845499)
(0 -0 0.005179073)
(0 -0 0.005480451)
(0 -0 0.005747915)
(0 -0 0.005979964)
(0 -0 0.006175314)
(0 -0 0.006332896)
(0 -0 0.006451857)
(0 -0 0.006531558)
(0 -0 0.006571572)
(0 -0 0.006571685)
(0 -0 0.006531895)
(0 -0 0.00645241)
(0 -0 0.006333651)
(0 -0 0.006176253)
(0 -0 0.005981066)
(0 -0 0.005749152)
(0 -0 0.005481794)
(0 -0 0.00518049)
(0 -0 0.004846953)
(0 -0 0.004483111)
(0 -0 0.004091102)
(0 -0 0.00367326)
(0 -0 0.003232116)
(0 -0 0.002770377)
(0 -0 0.002290918)
(0 -0 0.001796751)
(0 -0 0.00129102)
(0 -0 0.0007772168)
(0 -0 0.0003890304)
)
;
    }
    frontAndBack
    {
        type            empty;
    }
}


// ************************************************************************* //
