/*--------------------------------*- C++ -*----------------------------------*\
| =========                 |                                                 |
| \\      /  F ield         | OpenFOAM: The Open Source CFD Toolbox           |
|  \\    /   O peration     | Version:  2412                                  |
|   \\  /    A nd           | Website:  www.openfoam.com                      |
|    \\/     M anipulation  |                                                 |
\*---------------------------------------------------------------------------*/
FoamFile
{
    version     2.0;
    format      ascii;
    arch        "LSB;label=32;scalar=64";
    class       volScalarField;
    location    "0.1";
    object      p;
}
// * * * * * * * * * * * * * * * * * * * * * * * * * * * * * * * * * * * * * //

dimensions      [0 2 -2 0 0 0 0];

internalField   nonuniform List<scalar> 
1600
(
5.421982e-13
5.446326e-07
1.632232e-06
3.255724e-06
5.404653e-06
8.065209e-06
1.122035e-05
1.484995e-05
1.893094e-05
2.34375e-05
2.834128e-05
3.361154e-05
3.921545e-05
4.511823e-05
5.128345e-05
5.767318e-05
6.42483e-05
7.096866e-05
7.779332e-05
8.468081e-05
9.158931e-05
9.847688e-05
0.0001053017
0.0001120223
0.0001185978
0.0001249879
0.0001311536
0.0001370569
0.0001426613
0.0001479321
0.0001528365
0.0001573436
0.0001614251
0.0001650552
0.0001682108
0.0001708718
0.0001730211
0.0001746448
0.0001757326
0.0001762773
-5.443756e-07
3.761224e-09
1.098351e-06
2.73226e-06
4.894941e-06
7.572471e-06
1.074767e-05
1.440024e-05
1.850694e-05
2.304176e-05
2.797613e-05
3.327913e-05
3.891766e-05
4.485676e-05
5.105974e-05
5.748847e-05
6.410359e-05
7.086473e-05
7.773072e-05
8.465988e-05
9.161015e-05
9.85394e-05
0.0001054056
0.000112167
0.0001187824
0.0001252116
0.000131415
0.0001373546
0.0001429937
0.0001482973
0.0001532322
0.0001577676
0.0001618749
0.0001655279
0.0001687036
0.0001713816
0.0001735446
0.0001751788
0.0001762735
0.0001768218
-1.638526e-06
-1.083337e-06
2.532094e-08
1.680188e-06
3.870538e-06
6.582212e-06
9.797746e-06
1.349652e-05
1.765493e-05
2.224658e-05
2.724247e-05
3.261124e-05
3.831939e-05
4.433146e-05
5.061033e-05
5.711742e-05
6.38129e-05
7.065595e-05
7.760498e-05
8.461783e-05
9.165202e-05
9.866497e-05
0.0001056142
0.0001124575
0.0001191533
0.0001256608
0.0001319402
0.0001379528
0.0001436615
0.0001490309
0.0001540274
0.0001586196
0.0001627786
0.0001664779
0.000169694
0.0001724061
0.0001745968
0.0001762519
0.0001773608
0.0001779161
-3.28945e-06
-2.723599e-06
-1.593677e-06
9.286914e-08
2.325036e-06
5.088306e-06
8.364783e-06
1.213335e-05
1.636985e-05
2.104729e-05
2.613606e-05
3.160411e-05
3.741728e-05
4.353945e-05
4.993279e-05
5.655803e-05
6.337468e-05
7.034124e-05
7.741543e-05
8.455444e-05
9.171514e-05
9.885425e-05
0.0001059286
0.0001128955
0.0001197125
0.0001263382
0.000132732
0.0001388548
0.0001446686
0.0001501373
0.0001552267
0.0001599047
0.0001641418
0.000167911
0.000171188
0.0001739517
0.0001761843
0.0001778711
0.0001790012
0.0001795672
-5.507838e-06
-4.927623e-06
-3.769051e-06
-2.03983e-06
2.486589e-07
3.081408e-06
6.439931e-06
1.030243e-05
1.464401e-05
1.943685e-05
2.465048e-05
3.025199e-05
3.620629e-05
4.247634e-05
4.902341e-05
5.58073e-05
6.27866e-05
6.991892e-05
7.716108e-05
8.446939e-05
9.179982e-05
9.910824e-05
0.0001063506
0.0001134832
0.0001204629
0.0001272473
0.0001337949
0.0001400656
0.0001460206
0.0001516228
0.0001568371
0.0001616306
0.0001659729
0.000169836
0.0001731951
0.0001760283
0.0001783172
0.0001800468
0.0001812056
0.0001817859
-8.308093e-06
-7.70968e-06
-6.514816e-06
-4.731546e-06
-2.371741e-06
5.489587e-07
4.011306e-06
7.992632e-06
1.246707e-05
1.740576e-05
2.277715e-05
2.85472e-05
3.467965e-05
4.113631e-05
4.787728e-05
5.486121e-05
6.204555e-05
6.938677e-05
7.68406e-05
8.436222e-05
9.190651e-05
9.942825e-05
0.0001068823
0.0001142239
0.0001214086
0.0001283931
0.0001351347
0.000141592
0.0001477252
0.000153496
0.0001588681
0.0001638076
0.0001682828
0.0001722648
0.0001757278
0.000178649
0.0001810093
0.0001827929
0.000183988
0.0001845865
-1.170846e-05
-1.108785e-05
-9.848717e-06
-7.999537e-06
-5.55279e-06
-2.524907e-06
1.063913e-06
5.189916e-06
9.826033e-06
1.494213e-05
2.05053e-05
2.648011e-05
3.28289e-05
3.951205e-05
4.648825e-05
5.371476e-05
6.114766e-05
6.874205e-05
7.645233e-05
8.423238e-05
9.203575e-05
9.981592e-05
0.0001075265
0.0001151212
0.0001225546
0.0001297817
0.0001367586
0.0001434425
0.0001497921
0.0001557677
0.0001613317
0.0001664487
0.0001710856
0.0001752124
0.0001788019
0.0001818304
0.0001842777
0.0001861272
0.0001873666
0.0001879874
-1.573119e-05
-1.508417e-05
-1.379238e-05
-1.186482e-05
-9.314716e-06
-6.159471e-06
-2.420446e-06
1.877283e-06
6.70519e-06
1.203159e-05
1.782194e-05
2.403915e-05
3.064387e-05
3.75948e-05
4.484897e-05
5.236198e-05
6.00883e-05
6.798147e-05
7.599432e-05
8.407921e-05
9.218818e-05
0.0001002732
0.0001082864
0.0001161799
0.0001239068
0.0001314205
0.0001386754
0.0001456272
0.0001522328
0.0001584509
0.0001642422
0.0001695696
0.0001743984
0.000178697
0.0001824368
0.0001855928
0.0001881434
0.0001900715
0.0001913635
0.0001920107
-2.040277e-05
-1.972486e-05
-1.837152e-05
-1.635235e-05
-1.368151e-05
-1.037757e-05
-6.463281e-06
-1.965327e-06
3.086028e-06
8.657245e-06
1.471185e-05
2.121079e-05
2.811273e-05
3.53744e-05
4.295089e-05
5.079593e-05
5.886213e-05
6.710122e-05
7.546428e-05
8.390195e-05
9.236456e-05
0.0001008024
0.0001091658
0.0001174053
0.0001254721
0.0001333179
0.0001408953
0.0001481579
0.0001550609
0.0001615609
0.0001676165
0.0001731888
0.0001782412
0.0001827402
0.0001866553
0.0001899601
0.0001926316
0.0001946513
0.0001960049
0.000196683
-2.575415e-05
-2.504057e-05
-2.361615e-05
-2.149125e-05
-1.868111e-05
-1.520573e-05
-1.108955e-05
-6.361133e-06
-1.05282e-06
4.799655e-06
1.115756e-05
1.797952e-05
2.522192e-05
3.283923e-05
4.078432e-05
4.900876e-05
5.746308e-05
6.6097e-05
7.485965e-05
8.369973e-05
9.256571e-05
0.000101406
0.000110169
0.0001188035
0.0001272585
0.0001354838
0.0001434298
0.0001510482
0.0001582918
0.0001651149
0.0001714741
0.0001773278
0.0001826373
0.0001873668
0.000191484
0.0001949603
0.0001977712
0.0001998967
0.0002013215
0.0002020353
-3.182108e-05
-3.106667e-05
-2.956089e-05
-2.731503e-05
-2.434565e-05
-2.067443e-05
-1.632781e-05
-1.133662e-05
-5.735656e-06
4.367832e-07
7.139309e-06
1.432789e-05
2.195627e-05
2.997632e-05
3.833842e-05
4.699172e-05
5.588444e-05
6.496407e-05
7.417758e-05
8.347162e-05
9.279258e-05
0.0001020868
0.0001113007
0.000120381
0.0001292745
0.0001379288
0.000146292
0.0001543132
0.0001619429
0.0001691329
0.0001758369
0.0001820107
0.000187613
0.0001926055
0.0001969533
0.0002006256
0.0002035958
0.0002058424
0.0002073486
0.0002081033
-3.86445e-05
-3.784363e-05
-3.624532e-05
-3.386196e-05
-3.071169e-05
-2.681823e-05
-2.221039e-05
-1.692168e-05
-1.098979e-05
-4.456041e-06
2.635106e-06
1.023655e-05
1.829899e-05
2.677141e-05
3.560134e-05
4.473527e-05
5.411888e-05
6.369724e-05
7.3415e-05
8.321656e-05
9.304615e-05
0.0001028479
0.0001125662
0.0001221452
0.0001315298
0.0001406648
0.000149496
0.0001579698
0.0001660338
0.0001736368
0.0001807296
0.000187265
0.0001931984
0.0001984886
0.0002030978
0.0002069925
0.0002101438
0.0002125279
0.0002141268
0.0002149279
-4.627096e-05
-4.541745e-05
-4.371435e-05
-4.117538e-05
-3.782057e-05
-3.367607e-05
-2.877356e-05
-2.314971e-05
-1.684562e-05
-9.90614e-06
-2.379305e-06
5.684244e-06
1.423179e-05
2.320898e-05
3.256025e-05
4.222915e-05
5.215856e-05
6.229099e-05
7.256861e-05
8.293347e-05
9.332751e-05
0.0001036926
0.0001139708
0.000124104
0.0001340345
0.0001437046
0.0001530574
0.0001620362
0.0001705855
0.0001786508
0.0001861796
0.0001931209
0.0001994268
0.0002050524
0.0002099565
0.0002141024
0.0002174584
0.0002199983
0.000221702
0.0002225559
-5.475321e-05
-5.384023e-05
-5.201877e-05
-4.930416e-05
-4.571875e-05
-4.12916e-05
-3.605778e-05
-3.005778e-05
-2.333668e-05
-1.594349e-05
-7.930369e-06
6.479777e-07
9.734929e-06
1.927245e-05
2.920152e-05
3.946246e-05
4.999521e-05
6.073951e-05
7.163496e-05
8.262118e-05
9.363776e-05
0.0001046243
0.0001155204
0.0001262656
0.0001367995
0.0001470619
0.0001569926
0.000166532
0.000175621
0.0001842014
0.0001922167
0.0001996121
0.0002063353
0.0002123374
0.000217573
0.0002220018
0.0002255886
0.0002283043
0.0002301265
0.0002310399
-6.415085e-05
-6.317073e-05
-6.121576e-05
-5.830321e-05
-5.445824e-05
-4.971341e-05
-4.410792e-05
-3.768673e-05
-3.049971e-05
-2.260068e-05
-1.404663e-05
-4.896899e-06
4.787471e-06
1.494433e-05
2.551085e-05
3.642391e-05
4.762028e-05
5.903682e-05
7.061052e-05
8.227852e-05
9.397806e-05
0.0001056464
0.0001172208
0.0001286384
0.0001398361
0.0001507508
0.0001613193
0.0001714783
0.000181165
0.0001903171
0.0001988737
0.0002067753
0.0002139648
0.0002203883
0.000225996
0.0002307428
0.0002345893
0.0002375032
0.000239459
0.0002404396
-7.453113e-05
-7.347524e-05
-7.136967e-05
-6.823409e-05
-6.409709e-05
-5.899549e-05
-5.297345e-05
-4.608133e-05
-3.837462e-05
-2.991285e-05
-2.075857e-05
-1.097647e-05
-6.325477e-07
1.020645e-05
2.147357e-05
3.310195e-05
4.502509e-05
5.71769e-05
6.949173e-05
8.190429e-05
9.434953e-05
0.0001067625
0.0001190781
0.0001312311
0.0001431558
0.0001547861
0.0001660554
0.0001768969
0.0001872435
0.0001970284
0.0002061856
0.0002146503
0.0002223599
0.0002292548
0.0002352794
0.0002403833
0.0002445222
0.0002476593
0.0002497659
0.0002508223
-8.596994e-05
-8.482843e-05
-8.255282e-05
-7.916574e-05
-7.469997e-05
-6.91976e-05
-6.270877e-05
-5.529034e-05
-4.700451e-05
-3.791753e-05
-2.809842e-05
-1.761795e-05
-6.547773e-06
5.040319e-06
1.707487e-05
2.948512e-05
4.220113e-05
5.515388e-05
6.827515e-05
8.149734e-05
9.475328e-05
0.0001079759
0.0001210981
0.0001340522
0.00014677
0.0001591824
0.0001712195
0.0001828104
0.0001938837
0.0002043674
0.00021419
0.0002232804
0.0002315696
0.0002389913
0.0002454831
0.0002509881
0.0002554562
0.000258845
0.0002611219
0.000262264
-9.8553e-05
-9.731453e-05
-9.484651e-05
-9.117528e-05
-8.633884e-05
-8.038572e-05
-7.337339e-05
-6.536659e-05
-5.643555e-05
-4.665441e-05
-3.609974e-05
-2.484932e-05
-1.298111e-05
-5.724695e-07
1.230031e-05
2.556235e-05
3.91403e-05
5.296225e-05
6.695757e-05
8.10566e-05
9.519031e-05
0.0001092899
0.0001232862
0.0001371097
0.0001506897
0.0001639542
0.0001768299
0.0001892418
0.0002011136
0.0002123678
0.0002229264
0.0002327115
0.0002416466
0.0002496572
0.000256673
0.0002626293
0.0002674684
0.0002711418
0.0002736113
0.0002748505
-0.0001123774
-0.0001110287
-0.0001083423
-0.0001043491
-9.909368e-05
-9.263255e-05
-8.503223e-05
-7.6367e-05
-6.671674e-05
-5.616497e-05
-4.479705e-05
-3.269876e-05
-1.995513e-05
-6.649662e-06
7.136241e-06
2.132348e-05
3.583531e-05
5.059712e-05
6.553619e-05
8.058114e-05
9.566148e-05
0.000110707
0.0001256473
0.0001404108
0.000154925
0.000169115
0.0001829042
0.0001962135
0.0002089612
0.0002210639
0.0002324364
0.0002429928
0.0002526477
0.0002613175
0.000268922
0.0002753869
0.0002806455
0.0002846412
0.0002873294
0.0002886789
-0.0001275533
-0.0001260789
-0.0001231435
-0.0001187841
-0.0001130534
-0.0001060181
-9.775575e-05
-8.835241e-05
-7.78996e-05
-6.649194e-05
-5.422507e-05
-4.11939e-05
-2.749137e-05
-1.320762e-05
1.570538e-06
1.675977e-05
3.228011e-05
4.80546e-05
6.400882e-05
8.007023e-05
9.616746e-05
0.0001122295
0.0001281851
0.0001439615
0.0001594845
0.0001746769
0.0001894589
0.0002037469
0.0002174541
0.0002304904
0.0002427626
0.0002541757
0.000264634
0.0002740426
0.00028231
0.0002893498
0.0002950843
0.0002994467
0.0003023842
0.0003038597
-0.0001442066
-0.0001425879
-0.0001393671
-0.0001345891
-0.000128317
-0.0001206301
-0.0001116201
-0.0001013874
-9.003761e-05
-7.767858e-05
-6.441788e-05
-5.036088e-05
-3.56093e-05
-2.026042e-05
-4.406597e-06
1.186468e-05
2.847054e-05
4.533218e-05
6.237414e-05
7.952343e-05
9.670857e-05
0.0001138586
0.0001309021
0.0001477659
0.0001643747
0.0001806496
0.0001965077
0.0002118615
0.0002266185
0.0002406814
0.0002539483
0.0002663137
0.0002776699
0.0002879089
0.0002969248
0.000304617
0.0003108937
0.0003156754
0.0003188987
0.0003205187
-0.0001624815
-0.0001606959
-0.0001571461
-0.0001518865
-0.0001449942
-0.0001365647
-0.0001267072
-0.0001155398
-0.0001031854
-8.97675e-05
-7.540767e-05
-6.022308e-05
-4.432513e-05
-2.781864e-05
-1.080159e-05
6.634676e-06
2.440494e-05
4.242926e-05
6.063202e-05
7.894071e-05
9.728479e-05
0.0001155943
0.0001337987
0.0001518255
0.0001695991
0.0001870394
0.0002040613
0.0002205734
0.0002364775
0.0002516689
0.0002660359
0.0002794612
0.0002918232
0.000302998
0.0003128626
0.0003212986
0.0003281964
0.0003334604
0.0003370133
0.0003388005
-0.0001825446
-0.0001805646
-0.0001766321
-0.0001708148
-0.0001632076
-0.0001539269
-0.0001431042
-0.0001308798
-0.0001173974
-0.0001027993
-8.722312e-05
-7.079945e-05
-5.365018e-05
-3.588798e-05
-1.761628e-05
1.070282e-06
2.008494e-05
3.934766e-05
5.878377e-05
7.832253e-05
9.789554e-05
0.0001174352
0.0001368732
0.0001561386
0.000175157
0.0001938481
0.0002121252
0.0002298937
0.00024705
0.0002634815
0.0002790659
0.0002936728
0.0003071641
0.0003193973
0.0003302285
0.000339517
0.0003471309
0.0003529536
0.0003568899
0.0003588718
-0.0002045898
-0.000202381
-0.0001979995
-0.0001915308
-0.0001830934
-0.0001728309
-0.0001609034
-0.0001474789
-0.0001327263
-0.0001168103
-9.988721e-05
-8.210239e-05
-6.358897e-05
-4.446755e-05
-2.484646e-05
-4.822752e-06
1.551644e-05
3.609233e-05
5.683267e-05
7.766999e-05
9.853964e-05
0.000119378
0.0001401203
0.0001606992
0.0001810424
0.0002010712
0.0002206984
0.0002398269
0.0002583483
0.000276142
0.0002930747
0.0003090008
0.0003237639
0.000337199
0.0003491367
0.0003594085
0.0003678542
0.0003743295
0.0003787157
0.0003809269
-0.0002288449
-0.0002263638
-0.0002214497
-0.0002142126
-0.0002048029
-0.0001934001
-0.0001802007
-0.0001654074
-0.0001492202
-0.00013183
-0.0001134144
-9.41351e-05
-7.413687e-05
-5.354779e-05
-3.248013e-05
-1.1032e-05
1.071068e-05
3.267211e-05
5.478432e-05
7.698498e-05
9.92151e-05
0.0001214168
0.0001435312
0.0001654959
0.000187243
0.0002086967
0.0002297711
0.000250368
0.0002703753
0.0002896647
0.0003080914
0.0003254934
0.0003416929
0.0003564988
0.0003697104
0.0003811247
0.0003905446
0.00039779
0.00040271
0.0004051941
-0.0002555807
-0.0002527711
-0.0002472174
-0.0002390638
-0.0002285044
-0.0002157664
-0.0002010936
-0.000184732
-0.0001669193
-0.0001478772
-0.0001278072
-0.0001068884
-8.527719e-05
-6.310798e-05
-4.049542e-05
-1.753676e-05
5.685448e-06
2.910058e-05
5.264719e-05
7.627034e-05
9.991897e-05
0.0001235433
0.0001470922
0.0001705108
0.0001937378
0.0002167025
0.0002393224
0.0002615003
0.0002831216
0.0003040518
0.0003241345
0.0003431904
0.0003610177
0.0003773942
0.0003920819
0.000404834
0.000415406
0.0004235699
0.000429131
0.0004319444
-0.0002851228
-0.0002819104
-0.0002755774
-0.0002663171
-0.0002543839
-0.0002400693
-0.0002236782
-0.0002055111
-0.0001858509
-0.0001649549
-0.0001430513
-0.0001203366
-9.697765e-05
-7.311335e-05
-4.885832e-05
-2.430626e-05
4.663705e-07
2.53969e-05
5.04331e-05
7.553006e-05
0.0001006472
0.0001257454
0.000150784
0.0001757182
0.0002004959
0.0002250544
0.0002493174
0.0002731912
0.0002965613
0.0003192888
0.0003412069
0.0003621188
0.0003817961
0.0003999811
0.0004163902
0.0004307222
0.0004426712
0.0004519446
0.0004582871
0.0004615045
-0.0003178694
-0.0003141534
-0.000306855
-0.0002962391
-0.0002826454
-0.0002664519
-0.0002480434
-0.0002277879
-0.0002060222
-0.0001830445
-0.0001591101
-0.0001344325
-0.0001091863
-8.351185e-05
-5.752015e-05
-3.129782e-05
-4.911716e-06
2.158677e-05
4.815777e-05
7.47694e-05
0.0001013945
0.0001280073
0.0001545808
0.0001810831
0.0002074745
0.0002337036
0.0002597037
0.0002853884
0.0003106468
0.0003353386
0.0003592893
0.0003822853
0.0004040711
0.000424348
0.0004427785
0.0004589935
0.0004726072
0.00048324
0.0004905508
0.0004942733
-0.0003543153
-0.0003499549
-0.0003414374
-0.000329135
-0.0003135091
-0.0002950557
-0.0002742625
-0.0002515809
-0.0002274118
-0.0002020966
-0.0001759176
-0.0001491016
-0.000121827
-9.423058e-05
-6.641496e-05
-3.845494e-05
-1.040348e-05
1.770323e-05
4.584126e-05
7.399508e-05
0.000102154
0.0001303091
0.0001584496
0.0001865601
0.0002146169
0.0002425838
0.0002704082
0.0002980154
0.0003253032
0.0003521347
0.000378332
0.000403668
0.0004278606
0.0004505676
0.0004713877
0.0004898681
0.0005055195
0.0005178439
0.0005263778
0.0005307469
-0.0003950895
-0.0003898793
-0.0003797892
-0.0003653525
-0.000347207
-0.0003260093
-0.0003023796
-0.0002768715
-0.0002499571
-0.0002220215
-0.0001933695
-0.0001642354
-0.0001347942
-0.0001051722
-7.545691e-05
-4.570554e-05
-1.595195e-05
1.378736e-05
4.350836e-05
7.321538e-05
0.0001029176
0.0001326258
0.0001623492
0.0001920922
0.000221851
0.0002516092
0.0002813333
0.0003109664
0.0003404214
0.0003695722
0.0003982442
0.0004262034
0.0004531449
0.0004786833
0.0005023459
0.0005235775
0.0005417559
0.0005562217
0.0005663339
0.0005715563
-0.0004410115
-0.0004346369
-0.0004224696
-0.0004052818
-0.000383971
-0.0003594109
-0.0003323904
-0.0003035845
-0.0002735381
-0.000242675
-0.0002113132
-0.0001796839
-0.0001479479
-0.0001162113
-8.453808e-05
-5.29606e-05
-2.148769e-05
9.888767e-06
4.118879e-05
7.244022e-05
0.0001036753
0.0001349278
0.00016623
0.0001976098
0.0002290876
0.0002606716
0.0002923534
0.0003241011
0.0003558511
0.0003874979
0.0004188812
0.0004497705
0.0004798478
0.0005086895
0.00053575
0.0005603529
0.0005817065
0.0005989335
0.0006111314
0.0006175235
-0.0004931834
-0.000485132
-0.0004701521
-0.0004493489
-0.0004240099
-0.0003952971
-0.0003642135
-0.000331563
-0.0002979572
-0.0002638437
-0.0002295372
-0.0001952483
-0.0001611088
-0.0001271916
-9.352681e-05
-6.01134e-05
-2.692867e-05
6.065418e-06
3.89171e-05
7.168111e-05
0.0001044158
0.0001371807
0.0001700342
0.0002030311
0.0002362201
0.0002696393
0.000303312
0.0003372396
0.0003713927
0.0004056992
0.0004400283
0.00047417
0.0005078105
0.0005405028
0.0005716348
0.0006004016
0.0006257969
0.0006466537
0.0006616772
0.0006697549
-0.0005531434
-0.0005425236
-0.0005236411
-0.0004979912
-0.0004674636
-0.0004335996
-0.0003976485
-0.0003605346
-0.0003229131
-0.0002852268
-0.0002477584
-0.0002106736
-0.0001740544
-0.0001379245
-0.0001022675
-6.70401e-05
-3.218082e-05
2.383264e-06
3.673235e-05
7.095104e-05
0.0001051262
0.0001393455
0.0001736959
0.0002082621
0.0002431246
0.0002783567
0.0003140202
0.0003501593
0.0003867909
0.0004238926
0.0004613834
0.0004990991
0.0005367584
0.0005739199
0.0006099291
0.0006438609
0.000674463
0.0007001873
0.0007191333
0.0007297951
-0.0006231533
-0.0006082949
-0.0005838745
-0.0005515977
-0.0005143285
-0.0004740727
-0.000432317
-0.0003900676
-0.0003479718
-0.0003064175
-0.0002656128
-0.000225644
-0.0001865177
-0.0001481894
-0.0001105823
-7.360116e-05
-3.713945e-05
-1.084982e-06
3.46774e-05
7.026424e-05
0.0001057926
0.0001413797
0.0001771427
0.0002131983
0.0002496619
0.0002866461
0.0003242577
0.0003625929
0.0004017293
0.0004417128
0.0004825383
0.0005241214
0.0005662567
0.0006085586
0.0006503822
0.0006907222
0.0007280898
0.0007604717
0.0007849865
0.000799916
-0.0007064679
-0.000684274
-0.0006518791
-0.0006103669
-0.0005643361
-0.0005161859
-0.0004675834
-0.0004195178
-0.0003725338
-0.0003268862
-0.0002826476
-0.0002397824
-0.0001981904
-0.0001577378
-0.0001182745
-7.964475e-05
-4.169206e-05
-4.261886e-06
3.27976e-05
6.963576e-05
0.0001064003
0.0001432383
0.0001802976
0.0002177276
0.0002556804
0.0002943109
0.000333776
0.0003742323
0.0004158307
0.0004587066
0.000502962
0.0005486354
0.0005956575
0.0006437778
0.0006924566
0.0007407085
0.0007868681
0.0008285303
0.0008610683
0.0008833932
-0.0008104057
-0.0007728316
-0.000728643
-0.0006741179
-0.0006167476
-0.0005589701
-0.0005024528
-0.0004479696
-0.0003958056
-0.0003459707
-0.0002983253
-0.0002526577
-0.0002087298
-0.0001663002
-0.0001251349
-8.501217e-05
-4.572255e-05
-7.068264e-06
3.113905e-05
6.908086e-05
0.0001069344
0.0001448756
0.0001830817
0.0002217344
0.000261022
0.0003011427
0.0003423063
0.0003847352
0.0004286642
0.0004743363
0.0005219916
0.0005718452
0.0006240412
0.0006785759
0.0007351726
0.0007930672
0.0008506015
0.0009053381
0.0009497421
0.0009875587
-0.0009287738
-0.0008727487
-0.0008142912
-0.0007416372
-0.0006699348
-0.0006007756
-0.0005354442
-0.0004741778
-0.0004167897
-0.0003628907
-0.0003120386
-0.0002637997
-0.0002177734
-0.0001735986
-0.0001309524
-8.954563e-05
-4.91169e-05
-9.427043e-06
2.97464e-05
6.861432e-05
0.0001073807
0.0001462475
0.0001854187
0.0002251052
0.0002655295
0.000306931
0.0003495712
0.0003937398
0.0004397603
0.0004879952
0.0005388468
0.0005927521
0.0006501587
0.0007114636
0.0007768662
0.0008461469
0.000918046
0.0009910005
0.001049765
0.001106396
-0.001149129
-0.0010037
-0.0009185155
-0.0008129543
-0.0007217831
-0.0006392596
-0.0005645501
-0.0004965935
-0.0004343217
-0.0003767768
-0.0003231402
-0.000272726
-0.000224961
-0.0001793639
-0.0001355267
-9.309799e-05
-5.177008e-05
-1.126783e-05
2.866022e-05
6.824955e-05
0.0001077264
0.000147314
0.0001872387
0.0002277357
0.0002690567
0.0003114765
0.000355303
0.0004008876
0.0004486387
0.000499038
0.00055266
0.0006101934
0.0006724613
0.0007404302
0.0008151836
0.0008978104
0.000989225
0.001095243
0.001180932
0.00132713
-0.00127516
-0.001094842
-0.0009976887
-0.0008699198
-0.0007635733
-0.0006695156
-0.0005868192
-0.0005133079
-0.0004471143
-0.0003867378
-0.0003310024
-0.000278988
-0.0002299683
-0.00018336
-0.0001386855
-9.554455e-05
-5.359409e-05
-1.253217e-05
2.791393e-05
6.799749e-05
0.0001079607
0.000148042
0.0001884835
0.0002295384
0.0002714791
0.0003146075
0.0003592662
0.000405855
0.000454851
0.0005068371
0.0005625395
0.0006228783
0.0006890313
0.0007625032
0.0008451708
0.0009392313
0.001045574
0.001173796
0.001270716
0.001453627
-0.001969743
-0.001281272
-0.001135158
-0.0009331
-0.0007989067
-0.0006905696
-0.0006004183
-0.0005227282
-0.000454003
-0.0003919705
-0.0003350772
-0.0002822087
-0.0002325316
-0.0001853993
-0.0001402941
-9.678867e-05
-5.452078e-05
-1.317424e-05
2.753481e-05
6.786892e-05
0.0001080785
0.00014841
0.0001891138
0.0002304521
0.0002727087
0.0003161991
0.0003612853
0.0004083935
0.0004580406
0.000510872
0.0005677199
0.0006296979
0.0006983609
0.000775989
0.0008661011
0.0009745128
0.001108794
0.001311872
0.001459348
0.002150446
)
;

boundaryField
{
    movingWall
    {
        type            zeroGradient;
    }
    fixedWalls
    {
        type            zeroGradient;
    }
    frontAndBack
    {
        type            empty;
    }
}


// ************************************************************************* //
