/*--------------------------------*- C++ -*----------------------------------*\
| =========                 |                                                 |
| \\      /  F ield         | OpenFOAM: The Open Source CFD Toolbox           |
|  \\    /   O peration     | Version:  2412                                  |
|   \\  /    A nd           | Website:  www.openfoam.com                      |
|    \\/     M anipulation  |                                                 |
\*---------------------------------------------------------------------------*/
FoamFile
{
    version     2.0;
    format      ascii;
    arch        "LSB;label=32;scalar=64";
    class       surfaceScalarField;
    location    "0.1";
    object      phi;
}
// * * * * * * * * * * * * * * * * * * * * * * * * * * * * * * * * * * * * * //

dimensions      [0 3 -1 0 0 0 0];

oriented        oriented;

internalField   nonuniform List<scalar> 
3120
(
-5.4524e-09
5.4524e-09
-1.087842e-08
5.426018e-09
-1.623428e-08
5.355859e-09
-2.148562e-08
5.251346e-09
-2.6599e-08
5.113376e-09
-3.154211e-08
4.943108e-09
-3.628405e-08
4.741942e-09
-4.079554e-08
4.51149e-09
-4.504909e-08
4.253547e-09
-4.901914e-08
3.970057e-09
-5.268223e-08
3.663082e-09
-5.6017e-08
3.334771e-09
-5.900433e-08
2.987336e-09
-6.162736e-08
2.623027e-09
-6.387147e-08
2.244111e-09
-6.572433e-08
1.852862e-09
-6.717588e-08
1.451547e-09
-6.82183e-08
1.042423e-09
-6.884603e-08
6.277305e-10
-6.905573e-08
2.097023e-10
-6.88463e-08
-2.094391e-10
-6.821882e-08
-6.274736e-10
-6.717664e-08
-1.042178e-09
-6.572532e-08
-1.451321e-09
-6.387266e-08
-1.85266e-09
-6.162873e-08
-2.243937e-09
-5.900584e-08
-2.622886e-09
-5.601861e-08
-2.987232e-09
-5.26839e-08
-3.334706e-09
-4.902084e-08
-3.663058e-09
-4.505077e-08
-3.970075e-09
-4.079716e-08
-4.253607e-09
-3.628557e-08
-4.51159e-09
-3.154349e-08
-4.74208e-09
-2.660021e-08
-4.943281e-09
-2.148663e-08
-5.11358e-09
-1.623506e-08
-5.251575e-09
-1.087895e-08
-5.356108e-09
-5.452669e-09
-5.42628e-09
-5.452669e-09
-5.496399e-09
1.09488e-08
-1.096612e-08
1.089574e-08
-1.636496e-08
1.07547e-08
-2.165823e-08
1.054462e-08
-2.681215e-08
1.02673e-08
-3.179413e-08
9.925085e-09
-3.6573e-08
9.520817e-09
-4.111926e-08
9.05775e-09
-4.540522e-08
8.539506e-09
-4.940517e-08
7.970009e-09
-5.30955e-08
7.353414e-09
-5.645478e-08
6.694051e-09
-5.946382e-08
5.996372e-09
-6.210569e-08
5.264897e-09
-6.436576e-08
4.504181e-09
-6.623168e-08
3.718785e-09
-6.769339e-08
2.913251e-09
-6.874306e-08
2.092097e-09
-6.937514e-08
1.259812e-09
-6.95863e-08
4.208566e-10
-6.937541e-08
-4.20324e-10
-6.874359e-08
-1.259292e-09
-6.769417e-08
-2.091602e-09
-6.62327e-08
-2.912793e-09
-6.436698e-08
-3.718375e-09
-6.210709e-08
-4.503829e-09
-5.946537e-08
-5.264612e-09
-5.645644e-08
-5.996161e-09
-5.309722e-08
-6.693919e-09
-4.940692e-08
-7.353365e-09
-4.540695e-08
-7.970045e-09
-4.112093e-08
-8.539627e-09
-3.657456e-08
-9.057952e-09
-3.179555e-08
-9.521097e-09
-2.681339e-08
-9.925436e-09
-2.165926e-08
-1.026771e-08
-1.636576e-08
-1.054508e-08
-1.096666e-08
-1.075521e-08
-5.496675e-09
-1.089627e-08
-1.094934e-08
-5.567151e-09
1.651595e-08
-1.110712e-08
1.64357e-08
-1.657498e-08
1.622256e-08
-2.193546e-08
1.59051e-08
-2.715426e-08
1.548609e-08
-3.219828e-08
1.496911e-08
-3.703595e-08
1.435848e-08
-4.163738e-08
1.365918e-08
-4.597459e-08
1.287672e-08
-5.002164e-08
1.201706e-08
-5.375474e-08
1.108652e-08
-5.715234e-08
1.009165e-08
-6.019518e-08
9.03921e-09
-6.28663e-08
7.936015e-09
-6.515106e-08
6.78894e-09
-6.703712e-08
5.604851e-09
-6.851445e-08
4.39058e-09
-6.957526e-08
3.152908e-09
-7.021402e-08
1.898566e-09
-7.04274e-08
6.342374e-10
-7.02143e-08
-6.334226e-10
-6.957582e-08
-1.89777e-09
-6.851527e-08
-3.152151e-09
-6.703819e-08
-4.389879e-09
-6.515234e-08
-5.604223e-09
-6.286777e-08
-6.788401e-09
-6.01968e-08
-7.935578e-09
-5.715408e-08
-9.038886e-09
-5.375654e-08
-1.009145e-08
-5.002347e-08
-1.108644e-08
-4.59764e-08
-1.201711e-08
-4.163912e-08
-1.28769e-08
-3.703759e-08
-1.365949e-08
-3.219977e-08
-1.435891e-08
-2.715556e-08
-1.496965e-08
-2.193655e-08
-1.548672e-08
-1.657582e-08
-1.590581e-08
-1.110769e-08
-1.622334e-08
-5.567441e-09
-1.643652e-08
-1.651678e-08
-5.674071e-09
2.219002e-08
-1.132018e-08
2.208181e-08
-1.689231e-08
2.17947e-08
-2.235431e-08
2.13671e-08
-2.767104e-08
2.080282e-08
-3.280869e-08
2.010675e-08
-3.773501e-08
1.928481e-08
-4.241959e-08
1.834376e-08
-4.683399e-08
1.729112e-08
-5.095192e-08
1.613499e-08
-5.474934e-08
1.488394e-08
-5.820453e-08
1.354685e-08
-6.129813e-08
1.213281e-08
-6.401313e-08
1.065102e-08
-6.633492e-08
9.110722e-09
-6.825117e-08
7.521108e-09
-6.975191e-08
5.891316e-09
-7.08294e-08
4.230395e-09
-7.147814e-08
2.547309e-09
-7.169485e-08
8.509509e-10
-7.147844e-08
-8.498347e-10
-7.082999e-08
-2.546219e-09
-6.975279e-08
-4.229357e-09
-6.825231e-08
-5.890355e-09
-6.633628e-08
-7.520248e-09
-6.40147e-08
-9.109982e-09
-6.129986e-08
-1.065042e-08
-5.820639e-08
-1.213236e-08
-5.475127e-08
-1.354657e-08
-5.095388e-08
-1.488383e-08
-4.683593e-08
-1.613506e-08
-4.242146e-08
-1.729137e-08
-3.773677e-08
-1.834418e-08
-3.281029e-08
-1.928539e-08
-2.767244e-08
-2.010749e-08
-2.235548e-08
-2.080368e-08
-1.689322e-08
-2.136807e-08
-1.13208e-08
-2.179576e-08
-5.674383e-09
-2.208293e-08
-2.219117e-08
-5.818113e-09
2.800813e-08
-1.16072e-08
2.78709e-08
-1.731974e-08
2.750723e-08
-2.291837e-08
2.696573e-08
-2.836684e-08
2.625129e-08
-3.363033e-08
2.537025e-08
-3.867574e-08
2.433021e-08
-4.347189e-08
2.313991e-08
-4.798976e-08
2.180899e-08
-5.220262e-08
2.034784e-08
-5.608608e-08
1.87674e-08
-5.961823e-08
1.707899e-08
-6.277958e-08
1.529416e-08
-6.555311e-08
1.342455e-08
-6.792422e-08
1.148183e-08
-6.988067e-08
9.477556e-09
-7.141254e-08
7.423192e-09
-7.25122e-08
5.330055e-09
-7.317422e-08
3.20933e-09
-7.339537e-08
1.072094e-09
-7.317455e-08
-1.07065e-09
-7.251285e-08
-3.20792e-09
-7.14135e-08
-5.328712e-09
-6.98819e-08
-7.421948e-09
-6.792571e-08
-9.476442e-09
-6.555482e-08
-1.148087e-08
-6.278146e-08
-1.342378e-08
-5.962025e-08
-1.529358e-08
-5.608818e-08
-1.707863e-08
-5.220475e-08
-1.876726e-08
-4.799188e-08
-2.034794e-08
-4.347393e-08
-2.180932e-08
-3.867766e-08
-2.314046e-08
-3.363208e-08
-2.433097e-08
-2.836837e-08
-2.53712e-08
-2.291964e-08
-2.625241e-08
-1.732073e-08
-2.696699e-08
-1.160787e-08
-2.750861e-08
-5.818454e-09
-2.787235e-08
-2.800962e-08
-6.000572e-09
3.400871e-08
-1.197073e-08
3.384106e-08
-1.786102e-08
3.339752e-08
-2.363251e-08
3.273722e-08
-2.924753e-08
3.186631e-08
-3.466998e-08
3.079269e-08
-3.986561e-08
2.952585e-08
-4.480236e-08
2.807666e-08
-4.945046e-08
2.645709e-08
-5.37826e-08
2.467999e-08
-5.777404e-08
2.275884e-08
-6.140262e-08
2.070757e-08
-6.464876e-08
1.85403e-08
-6.749543e-08
1.627123e-08
-6.992811e-08
1.39145e-08
-7.193466e-08
1.148411e-08
-7.350533e-08
8.993855e-09
-7.463258e-08
6.457313e-09
-7.531112e-08
3.88787e-09
-7.553778e-08
1.298746e-09
-7.531149e-08
-1.29694e-09
-7.46333e-08
-3.886106e-09
-7.350638e-08
-6.455634e-09
-7.193603e-08
-8.992299e-09
-6.992975e-08
-1.148272e-08
-6.749732e-08
-1.39133e-08
-6.465085e-08
-1.627025e-08
-6.140486e-08
-1.853957e-08
-5.777637e-08
-2.070711e-08
-5.378497e-08
-2.275867e-08
-4.945281e-08
-2.46801e-08
-4.480463e-08
-2.645749e-08
-3.986775e-08
-2.807734e-08
-3.467192e-08
-2.95268e-08
-2.924924e-08
-3.079388e-08
-2.363393e-08
-3.186771e-08
-1.786212e-08
-3.273881e-08
-1.197148e-08
-3.339925e-08
-6.000951e-09
-3.384288e-08
-3.401057e-08
-6.22313e-09
4.023184e-08
-1.24141e-08
4.003202e-08
-1.852103e-08
3.950445e-08
-2.450306e-08
3.871925e-08
-3.032072e-08
3.768397e-08
-3.593632e-08
3.640829e-08
-4.131428e-08
3.490381e-08
-4.642138e-08
3.318377e-08
-5.1227e-08
3.12627e-08
-5.570318e-08
2.915617e-08
-5.982476e-08
2.688043e-08
-6.356936e-08
2.445216e-08
-6.691732e-08
2.188826e-08
-6.985167e-08
1.920558e-08
-7.235803e-08
1.642086e-08
-7.442448e-08
1.355056e-08
-7.604145e-08
1.061082e-08
-7.720162e-08
7.617489e-09
-7.789985e-08
4.586098e-09
-7.813307e-08
1.531963e-09
-7.790026e-08
-1.529754e-09
-7.720242e-08
-4.58394e-09
-7.604262e-08
-7.615432e-09
-7.442601e-08
-1.060892e-08
-7.235988e-08
-1.354885e-08
-6.985379e-08
-1.641939e-08
-6.691965e-08
-1.920439e-08
-6.357186e-08
-2.188736e-08
-5.982738e-08
-2.44516e-08
-5.570584e-08
-2.688021e-08
-5.122963e-08
-2.91563e-08
-4.642393e-08
-3.126319e-08
-4.131667e-08
-3.31846e-08
-3.59385e-08
-3.490497e-08
-3.032263e-08
-3.640975e-08
-2.450465e-08
-3.768569e-08
-1.852226e-08
-3.87212e-08
-1.241494e-08
-3.950657e-08
-6.223557e-09
-4.003426e-08
-4.023413e-08
-6.487891e-09
4.671973e-08
-1.294145e-08
4.648559e-08
-1.930586e-08
4.586886e-08
-2.553788e-08
4.495127e-08
-3.159585e-08
4.374195e-08
-3.744019e-08
4.225262e-08
-4.303367e-08
4.049729e-08
-4.834177e-08
3.849187e-08
-5.333284e-08
3.625378e-08
-5.797824e-08
3.380157e-08
-6.225237e-08
3.115455e-08
-6.613263e-08
2.833242e-08
-6.959939e-08
2.535501e-08
-7.263582e-08
2.224202e-08
-7.52278e-08
1.901284e-08
-7.736371e-08
1.568647e-08
-7.90343e-08
1.228141e-08
-8.023256e-08
8.81574e-09
-8.095354e-08
5.307084e-09
-8.119434e-08
1.772767e-09
-8.0954e-08
-1.770102e-09
-8.023346e-08
-5.304481e-09
-7.903563e-08
-8.813258e-09
-7.736543e-08
-1.227911e-08
-7.522988e-08
-1.56844e-08
-7.263821e-08
-1.901106e-08
-6.960203e-08
-2.224057e-08
-6.613546e-08
-2.535393e-08
-6.225532e-08
-2.833173e-08
-5.798125e-08
-3.115428e-08
-5.333583e-08
-3.380172e-08
-4.834466e-08
-3.625436e-08
-4.303639e-08
-3.849287e-08
-3.744267e-08
-4.049869e-08
-3.159803e-08
-4.225439e-08
-2.553969e-08
-4.374403e-08
-1.930727e-08
-4.495362e-08
-1.294241e-08
-4.587143e-08
-6.488377e-09
-4.648829e-08
-4.672251e-08
-6.797444e-09
5.351717e-08
-1.355791e-08
5.324605e-08
-2.022301e-08
5.253396e-08
-2.674662e-08
5.147488e-08
-3.308451e-08
5.007983e-08
-3.919477e-08
4.836289e-08
-4.50383e-08
4.634082e-08
-5.057904e-08
4.403261e-08
-5.578423e-08
4.145896e-08
-6.062445e-08
3.86418e-08
-6.507371e-08
3.56038e-08
-6.910929e-08
3.236801e-08
-7.271168e-08
2.89574e-08
-7.586435e-08
2.539469e-08
-7.855357e-08
2.170207e-08
-8.07682e-08
1.79011e-08
-8.249945e-08
1.401266e-08
-8.37407e-08
1.0057e-08
-8.448737e-08
6.053749e-09
-8.473673e-08
2.022127e-09
-8.448788e-08
-2.018945e-09
-8.374173e-08
-6.050639e-09
-8.250095e-08
-1.005403e-08
-8.077015e-08
-1.400991e-08
-7.855593e-08
-1.789862e-08
-7.586706e-08
-2.169993e-08
-7.271469e-08
-2.539295e-08
-6.911252e-08
-2.895609e-08
-6.507708e-08
-3.236717e-08
-6.062789e-08
-3.560347e-08
-5.578764e-08
-3.864197e-08
-5.058235e-08
-4.145965e-08
-4.504142e-08
-4.40338e-08
-3.919762e-08
-4.634249e-08
-3.308701e-08
-4.8365e-08
-2.674871e-08
-5.008233e-08
-2.022462e-08
-5.147771e-08
-1.355901e-08
-5.253704e-08
-6.798003e-09
-5.32493e-08
-5.352051e-08
-7.154934e-09
6.06721e-08
-1.426966e-08
6.036078e-08
-2.128153e-08
5.954582e-08
-2.814097e-08
5.833432e-08
-3.480063e-08
5.673949e-08
-4.121594e-08
5.47782e-08
-4.734555e-08
5.247044e-08
-5.315171e-08
4.983877e-08
-5.860041e-08
4.690766e-08
-6.366149e-08
4.370288e-08
-6.830859e-08
4.025091e-08
-7.251904e-08
3.657845e-08
-7.627359e-08
3.271196e-08
-7.955623e-08
2.867733e-08
-8.235386e-08
2.44997e-08
-8.465601e-08
2.020324e-08
-8.645453e-08
1.581119e-08
-8.77434e-08
1.134587e-08
-8.851846e-08
6.828807e-09
-8.877728e-08
2.280944e-09
-8.851905e-08
-2.277173e-09
-8.774457e-08
-6.825121e-09
-8.645625e-08
-1.134235e-08
-8.465824e-08
-1.580792e-08
-8.235656e-08
-2.02003e-08
-7.955934e-08
-2.449716e-08
-7.627703e-08
-2.867525e-08
-7.252274e-08
-3.271039e-08
-6.831246e-08
-3.657744e-08
-6.366544e-08
-4.02505e-08
-5.860434e-08
-4.370307e-08
-5.315552e-08
-4.690847e-08
-4.734915e-08
-4.984018e-08
-4.121922e-08
-5.247242e-08
-3.480352e-08
-5.47807e-08
-2.814338e-08
-5.674247e-08
-2.12834e-08
-5.833769e-08
-1.427094e-08
-5.95495e-08
-7.155582e-09
-6.036466e-08
-6.067609e-08
-7.56416e-09
6.823626e-08
-1.508419e-08
6.788081e-08
-2.249234e-08
6.695398e-08
-2.973493e-08
6.557691e-08
-3.676092e-08
6.376548e-08
-4.352259e-08
6.153987e-08
-4.997606e-08
5.89239e-08
-5.608164e-08
5.594434e-08
-6.180402e-08
5.263004e-08
-6.711233e-08
4.901118e-08
-7.198e-08
4.511857e-08
-7.638455e-08
4.0983e-08
-8.030731e-08
3.663472e-08
-8.373305e-08
3.210307e-08
-8.664958e-08
2.741623e-08
-8.904739e-08
2.260105e-08
-9.091924e-08
1.768304e-08
-9.225989e-08
1.268651e-08
-9.306578e-08
7.634696e-09
-9.333486e-08
2.550024e-09
-9.306645e-08
-2.545577e-09
-9.226122e-08
-7.63035e-09
-9.092121e-08
-1.268236e-08
-8.904995e-08
-1.767918e-08
-8.665268e-08
-2.259757e-08
-8.373662e-08
-2.741322e-08
-8.031127e-08
-3.21006e-08
-7.638881e-08
-3.663285e-08
-7.198446e-08
-4.098179e-08
-6.711689e-08
-4.511806e-08
-6.180857e-08
-4.90114e-08
-5.608605e-08
-5.263098e-08
-4.998023e-08
-5.5946e-08
-4.352641e-08
-5.892624e-08
-3.676428e-08
-6.154283e-08
-2.973774e-08
-6.376901e-08
-2.249452e-08
-6.558091e-08
-1.508568e-08
-6.695834e-08
-7.564914e-09
-6.788542e-08
-6.824101e-08
-8.029693e-09
7.626596e-08
-1.601049e-08
7.58616e-08
-2.386856e-08
7.481205e-08
-3.15453e-08
7.325365e-08
-3.898531e-08
7.12055e-08
-4.613722e-08
6.869177e-08
-5.295423e-08
6.574091e-08
-5.939454e-08
6.238465e-08
-6.542151e-08
5.865701e-08
-7.100363e-08
5.459331e-08
-7.611435e-08
5.022929e-08
-8.073171e-08
4.560036e-08
-8.483795e-08
4.074095e-08
-8.841899e-08
3.568412e-08
-9.146397e-08
3.046121e-08
-9.396468e-08
2.510176e-08
-9.591513e-08
1.963349e-08
-9.731112e-08
1.40825e-08
-9.814989e-08
8.473474e-09
-9.842991e-08
2.830042e-09
-9.815067e-08
-2.824822e-09
-9.731265e-08
-8.468368e-09
-9.591739e-08
-1.407762e-08
-9.396762e-08
-1.962895e-08
-9.146753e-08
-2.509766e-08
-8.84231e-08
-3.045765e-08
-8.484251e-08
-3.568119e-08
-8.073663e-08
-4.073873e-08
-7.611951e-08
-4.559891e-08
-7.100891e-08
-5.022866e-08
-6.542678e-08
-5.459353e-08
-5.939966e-08
-5.865809e-08
-5.295908e-08
-6.238658e-08
-4.614166e-08
-6.574365e-08
-3.898923e-08
-6.869527e-08
-3.154857e-08
-7.120966e-08
-2.38711e-08
-7.325838e-08
-1.601223e-08
-7.481722e-08
-8.030576e-09
-7.586707e-08
-7.627158e-08
-8.557041e-09
8.4823e-08
-1.705937e-08
8.436393e-08
-2.54259e-08
8.317857e-08
-3.359213e-08
8.141989e-08
-4.149753e-08
7.91109e-08
-4.908645e-08
7.628068e-08
-5.63088e-08
7.296326e-08
-6.31205e-08
6.919635e-08
-6.948359e-08
6.502011e-08
-7.536613e-08
6.047586e-08
-8.074189e-08
5.560505e-08
-8.558986e-08
5.044833e-08
-8.989367e-08
4.504476e-08
-9.364093e-08
3.943138e-08
-9.682258e-08
3.364286e-08
-9.943221e-08
2.771138e-08
-1.014655e-07
2.166675e-08
-1.029196e-07
1.553659e-08
-1.037928e-07
9.346696e-09
-1.040842e-07
3.121506e-09
-1.037937e-07
-3.115398e-09
-1.029213e-07
-9.340719e-09
-1.014681e-07
-1.553087e-08
-9.943559e-08
-2.166143e-08
-9.682668e-08
-2.770657e-08
-9.364567e-08
-3.363867e-08
-8.989894e-08
-3.942792e-08
-8.559555e-08
-4.504212e-08
-8.074787e-08
-5.044659e-08
-7.537226e-08
-5.560427e-08
-6.948972e-08
-6.047608e-08
-6.312647e-08
-6.502134e-08
-5.631446e-08
-6.91986e-08
-4.909164e-08
-7.296647e-08
-4.150212e-08
-7.628479e-08
-3.359598e-08
-7.911581e-08
-2.542888e-08
-8.142547e-08
-1.706141e-08
-8.318469e-08
-8.558078e-09
-8.437041e-08
-8.482966e-08
-9.152851e-09
9.397585e-08
-1.824387e-08
9.345494e-08
-2.718326e-08
9.211797e-08
-3.589948e-08
9.013611e-08
-4.432589e-08
8.753731e-08
-5.240187e-08
8.435667e-08
-6.007366e-08
8.063505e-08
-6.729474e-08
7.641743e-08
-7.402593e-08
7.175129e-08
-8.023517e-08
6.66851e-08
-8.589702e-08
6.126691e-08
-9.099202e-08
5.554332e-08
-9.550582e-08
4.955857e-08
-9.942841e-08
4.335397e-08
-1.027532e-07
3.696762e-08
-1.054761e-07
3.043431e-08
-1.07595e-07
2.378566e-08
-1.091089e-07
1.705049e-08
-1.100175e-07
1.025526e-08
-1.103207e-07
3.424699e-09
-1.100185e-07
-3.417571e-09
-1.091109e-07
-1.024828e-08
-1.07598e-07
-1.704381e-08
-1.0548e-07
-2.377942e-08
-1.027579e-07
-3.042866e-08
-9.943388e-08
-3.696269e-08
-9.551192e-08
-4.334988e-08
-9.099861e-08
-4.955543e-08
-8.590396e-08
-5.554123e-08
-8.024229e-08
-6.126594e-08
-7.403307e-08
-6.66853e-08
-6.730171e-08
-7.17527e-08
-6.008029e-08
-7.642002e-08
-5.240797e-08
-8.063879e-08
-4.433127e-08
-8.436148e-08
-3.5904e-08
-8.754308e-08
-2.718678e-08
-9.01427e-08
-1.824628e-08
-9.212519e-08
-9.154074e-09
-9.346261e-08
-9.398373e-08
-9.825176e-09
1.03801e-07
-1.957975e-08
1.032095e-07
-2.916345e-08
1.017017e-07
-3.849623e-08
9.946889e-08
-4.750421e-08
9.654529e-08
-5.612104e-08
9.297349e-08
-6.42888e-08
8.880281e-08
-7.195846e-08
8.40871e-08
-7.908987e-08
7.88827e-08
-8.56513e-08
7.324653e-08
-9.16188e-08
6.723441e-08
-9.69752e-08
6.089973e-08
-1.017091e-07
5.429246e-08
-1.058137e-07
4.745854e-08
-1.092856e-07
4.043955e-08
-1.12124e-07
3.327273e-08
-1.143296e-07
2.599121e-08
-1.159036e-07
1.862453e-08
-1.168476e-07
1.119922e-08
-1.171625e-07
3.739619e-09
-1.168487e-07
-3.731321e-09
-1.159059e-07
-1.119109e-08
-1.14333e-07
-1.861674e-08
-1.121285e-07
-2.598393e-08
-1.09291e-07
-3.326611e-08
-1.0582e-07
-4.043376e-08
-1.017161e-07
-4.745371e-08
-9.698284e-08
-5.428873e-08
-9.162686e-08
-6.089721e-08
-8.56596e-08
-6.72332e-08
-7.909821e-08
-7.32467e-08
-7.196663e-08
-7.888427e-08
-6.429657e-08
-8.409008e-08
-5.61282e-08
-8.880716e-08
-4.751056e-08
-9.297912e-08
-3.850157e-08
-9.655207e-08
-2.916761e-08
-9.947665e-08
-1.95826e-08
-1.017102e-07
-9.826623e-09
-1.032186e-07
-1.038104e-07
-1.058383e-08
1.143849e-07
-2.10862e-08
1.137119e-07
-3.139411e-08
1.120096e-07
-4.141724e-08
1.09492e-07
-5.107311e-08
1.062012e-07
-6.028868e-08
1.021891e-07
-6.900148e-08
9.751561e-08
-7.715997e-08
9.224558e-08
-8.472337e-08
8.64461e-08
-9.166104e-08
8.01842e-08
-9.795142e-08
7.352479e-08
-1.035807e-07
6.652904e-08
-1.085416e-07
5.925332e-08
-1.128315e-07
5.174846e-08
-1.164515e-07
4.405956e-08
-1.194048e-07
3.622604e-08
-1.216957e-07
2.828209e-08
-1.233285e-07
2.02573e-08
-1.243068e-07
1.217755e-08
-1.246331e-07
4.065896e-09
-1.243082e-07
-4.056259e-09
-1.233311e-07
-1.21681e-08
-1.216996e-07
-2.024824e-08
-1.1941e-07
-2.827359e-08
-1.164578e-07
-3.62183e-08
-1.128388e-07
-4.405275e-08
-1.085497e-07
-5.174276e-08
-1.035896e-07
-5.924888e-08
-9.796079e-08
-6.652601e-08
-9.167072e-08
-7.352327e-08
-8.473312e-08
-8.01843e-08
-7.716954e-08
-8.644785e-08
-6.901062e-08
-9.2249e-08
-6.029713e-08
-9.752065e-08
-5.10806e-08
-1.021956e-07
-4.142356e-08
-1.062091e-07
-3.139903e-08
-1.095012e-07
-2.108958e-08
-1.120197e-07
-1.058555e-08
-1.137226e-07
-1.143959e-07
-1.144085e-08
1.258257e-07
-2.278666e-08
1.250577e-07
-3.390892e-08
1.231318e-07
-4.470482e-08
1.202879e-07
-5.508154e-08
1.165779e-07
-6.495836e-08
1.120659e-07
-7.426779e-08
1.06825e-07
-8.295595e-08
1.009337e-07
-9.098211e-08
9.447226e-08
-9.831771e-08
8.75198e-08
-1.049449e-07
8.015193e-08
-1.108546e-07
7.243876e-08
-1.16045e-07
6.44437e-08
-1.205193e-07
5.622278e-08
-1.242842e-07
4.782448e-08
-1.273482e-07
3.929001e-08
-1.297201e-07
3.065397e-08
-1.314079e-07
2.194518e-08
-1.324182e-07
1.318784e-08
-1.32755e-07
4.402702e-09
-1.324198e-07
-4.391534e-09
-1.31411e-07
-1.317688e-08
-1.297246e-07
-2.193466e-08
-1.273541e-07
-3.064408e-08
-1.242914e-07
-3.928097e-08
-1.205277e-07
-4.781649e-08
-1.160544e-07
-5.621605e-08
-1.108648e-07
-6.443842e-08
-1.049557e-07
-7.243509e-08
-9.832899e-08
-8.015002e-08
-9.099352e-08
-8.751977e-08
-8.296718e-08
-9.447419e-08
-7.427855e-08
-1.009376e-07
-6.496833e-08
-1.068309e-07
-5.509042e-08
-1.120736e-07
-4.471231e-08
-1.165872e-07
-3.391479e-08
-1.202987e-07
-2.279069e-08
-1.231438e-07
-1.14429e-08
-1.250704e-07
-1.258388e-07
-1.241111e-08
1.382368e-07
-2.471008e-08
1.373567e-07
-3.674929e-08
1.351711e-07
-4.841061e-08
1.319492e-07
-5.958888e-08
1.277561e-07
-7.019446e-08
1.226715e-07
-8.015451e-08
1.167851e-07
-8.94132e-08
1.101924e-07
-9.793084e-08
1.029899e-07
-1.056824e-07
9.527137e-08
-1.126554e-07
8.712494e-08
-1.188476e-07
7.863092e-08
-1.242643e-07
6.986045e-08
-1.289165e-07
6.087491e-08
-1.328179e-07
5.17259e-08
-1.359837e-07
4.245584e-08
-1.384285e-07
3.30988e-08
-1.401651e-07
2.368176e-08
-1.412033e-07
1.4226e-08
-1.415492e-07
4.748635e-09
-1.41205e-07
-4.735722e-09
-1.401686e-07
-1.421332e-08
-1.384337e-07
-2.366956e-08
-1.359905e-07
-3.308731e-08
-1.328261e-07
-4.24453e-08
-1.289261e-07
-5.171654e-08
-1.242752e-07
-6.086696e-08
-1.188594e-07
-6.985415e-08
-1.126681e-07
-7.862647e-08
-1.056956e-07
-8.712253e-08
-9.794419e-08
-9.527115e-08
-8.94264e-08
-1.02992e-07
-8.016721e-08
-1.101968e-07
-7.020626e-08
-1.167918e-07
-5.959942e-08
-1.226804e-07
-4.841954e-08
-1.277671e-07
-3.675629e-08
-1.319619e-07
-2.471489e-08
-1.351852e-07
-1.241356e-08
-1.373717e-07
-1.382524e-07
-1.351316e-08
1.5175e-07
-2.689242e-08
1.507359e-07
-3.996644e-08
1.482451e-07
-5.259816e-08
1.44581e-07
-6.466758e-08
1.398256e-07
-7.607483e-08
1.340787e-07
-8.674151e-08
1.274518e-07
-9.661058e-08
1.200615e-07
-1.05645e-07
1.120243e-07
-1.138252e-07
1.034516e-07
-1.211466e-07
9.44463e-08
-1.276159e-07
8.510022e-08
-1.332483e-07
7.549288e-08
-1.380644e-07
6.569099e-08
-1.420873e-07
5.57488e-08
-1.453404e-07
4.570896e-08
-1.478454e-07
3.560386e-08
-1.496209e-07
2.545721e-08
-1.506807e-07
1.528584e-08
-1.510337e-07
5.101592e-09
-1.506827e-07
-5.086698e-09
-1.496248e-07
-1.52712e-08
-1.478513e-07
-2.544309e-08
-1.453481e-07
-3.559052e-08
-1.420967e-07
-4.569666e-08
-1.380754e-07
-5.573782e-08
-1.332608e-07
-6.568161e-08
-1.276296e-07
-7.548536e-08
-1.211612e-07
-8.509481e-08
-1.138405e-07
-9.444324e-08
-1.056606e-07
-1.034511e-07
-9.662612e-08
-1.120265e-07
-8.675651e-08
-1.200664e-07
-7.608884e-08
-1.274595e-07
-6.468015e-08
-1.340891e-07
-5.260883e-08
-1.398384e-07
-3.997483e-08
-1.445959e-07
-2.689821e-08
-1.482618e-07
-1.351611e-08
-1.507538e-07
-1.517685e-07
-1.477035e-08
1.665203e-07
-2.937885e-08
1.653444e-07
-4.362433e-08
1.624906e-07
-5.734624e-08
1.583029e-07
-7.040669e-08
1.52886e-07
-8.269414e-08
1.463662e-07
-9.412472e-08
1.388824e-07
-1.046416e-07
1.305783e-07
-1.142124e-07
1.215952e-07
-1.228264e-07
1.120655e-07
-1.304895e-07
1.021094e-07
-1.372209e-07
9.183168e-08
-1.430487e-07
8.13206e-08
-1.480056e-07
7.064797e-08
-1.521266e-07
5.986978e-08
-1.554453e-07
4.902766e-08
-1.579922e-07
3.815069e-08
-1.597925e-07
2.725753e-08
-1.608653e-07
1.635864e-08
-1.612223e-07
5.458617e-09
-1.608675e-07
-5.441485e-09
-1.597969e-07
-1.634179e-08
-1.579988e-07
-2.724123e-08
-1.554541e-07
-3.813524e-08
-1.521374e-07
-4.901335e-08
-1.480183e-07
-5.985693e-08
-1.43063e-07
-7.063688e-08
-1.372368e-07
-8.13116e-08
-1.305065e-07
-9.182507e-08
-1.228442e-07
-1.021055e-07
-1.142308e-07
-1.120646e-07
-1.046599e-07
-1.215974e-07
-9.414249e-08
-1.305838e-07
-8.271081e-08
-1.388912e-07
-7.042171e-08
-1.463782e-07
-5.735905e-08
-1.529011e-07
-4.363444e-08
-1.583206e-07
-2.938584e-08
-1.625104e-07
-1.477392e-08
-1.653658e-07
-1.665424e-07
-1.621244e-08
1.827328e-07
-3.222663e-08
1.813586e-07
-4.78036e-08
1.780675e-07
-6.275335e-08
1.732526e-07
-7.691641e-08
1.670491e-07
-9.016816e-08
1.596179e-07
-1.024199e-07
1.511341e-07
-1.136172e-07
1.417756e-07
-1.23736e-07
1.31714e-07
-1.327778e-07
1.211073e-07
-1.407639e-07
1.100955e-07
-1.477297e-07
9.879756e-08
-1.537199e-07
8.731076e-08
-1.587831e-07
7.571119e-08
-1.629685e-07
6.40552e-08
-1.663224e-07
5.238155e-08
-1.688856e-07
4.071393e-08
-1.706918e-07
2.90637e-08
-1.717658e-07
1.743265e-08
-1.72123e-07
5.815742e-09
-1.717683e-07
-5.796096e-09
-1.706968e-07
-1.741329e-08
-1.688931e-07
-2.904494e-08
-1.663323e-07
-4.069607e-08
-1.629807e-07
-5.236492e-08
-1.587975e-07
-6.404014e-08
-1.537363e-07
-7.569808e-08
-1.47748e-07
-8.729996e-08
-1.407836e-07
-9.878946e-08
-1.327986e-07
-1.100905e-07
-1.237575e-07
-1.211057e-07
-1.136388e-07
-1.317161e-07
-1.02441e-07
-1.417816e-07
-9.018806e-08
-1.511441e-07
-7.693443e-08
-1.596318e-07
-6.276879e-08
-1.670667e-07
-4.781583e-08
-1.732735e-07
-3.223511e-08
-1.780911e-07
-1.621678e-08
-1.813841e-07
-1.827592e-07
-1.787772e-08
2.006105e-07
-3.550922e-08
1.989901e-07
-5.260693e-08
1.951652e-07
-6.894374e-08
1.895894e-07
-8.433418e-08
1.824395e-07
-9.863936e-08
1.739231e-07
-1.117673e-07
1.642621e-07
-1.236697e-07
1.536779e-07
-1.343355e-07
1.423799e-07
-1.437844e-07
1.305562e-07
-1.520583e-07
1.183694e-07
-1.592144e-07
1.059536e-07
-1.653183e-07
9.341471e-08
-1.704387e-07
8.083157e-08
-1.746422e-07
6.825875e-08
-1.779904e-07
5.572968e-08
-1.805364e-07
4.325997e-08
-1.823235e-07
3.085084e-08
-1.833835e-07
1.849259e-08
-1.837356e-07
6.167827e-09
-1.833863e-07
-6.145373e-09
-1.823291e-07
-1.847044e-08
-1.805448e-07
-3.08293e-08
-1.780015e-07
-4.323937e-08
-1.74656e-07
-5.571038e-08
-1.70455e-07
-6.824113e-08
-1.65337e-07
-8.081605e-08
-1.592353e-07
-9.340173e-08
-1.520811e-07
-1.059437e-07
-1.438086e-07
-1.183629e-07
-1.343607e-07
-1.305536e-07
-1.236952e-07
-1.423816e-07
-1.117924e-07
-1.536843e-07
-9.866319e-08
-1.642733e-07
-8.435589e-08
-1.739391e-07
-6.896246e-08
-1.824602e-07
-5.262181e-08
-1.896142e-07
-3.551958e-08
-1.951933e-07
-1.788303e-08
-1.990206e-07
-2.006422e-07
-1.981621e-08
2.204267e-07
-3.932202e-08
2.184959e-07
-5.816658e-08
2.140098e-07
-7.607569e-08
2.074985e-07
-9.283274e-08
1.991966e-07
-1.08284e-07
1.893744e-07
-1.223376e-07
1.783156e-07
-1.349567e-07
1.662971e-07
-1.461511e-07
1.535742e-07
-1.559656e-07
1.403708e-07
-1.644706e-07
1.268743e-07
-1.717514e-07
1.132344e-07
-1.779007e-07
9.9564e-08
-1.830113e-07
8.594222e-08
-1.871715e-07
7.241895e-08
-1.904606e-07
5.901878e-08
-1.929463e-07
4.574567e-08
-1.946828e-07
3.258728e-08
-1.957093e-07
1.951915e-08
-1.960499e-07
6.508382e-09
-1.957124e-07
-6.482818e-09
-1.94689e-07
-1.949388e-08
-1.929556e-07
-3.256264e-08
-1.90473e-07
-4.572198e-08
-1.87187e-07
-5.899643e-08
-1.830298e-07
-7.239835e-08
-1.77922e-07
-8.592385e-08
-1.717753e-07
-9.954839e-08
-1.644968e-07
-1.132221e-07
-1.559938e-07
-1.268659e-07
-1.461806e-07
-1.403669e-07
-1.349869e-07
-1.535753e-07
-1.223675e-07
-1.663038e-07
-1.083127e-07
-1.783281e-07
-9.285902e-08
-1.893928e-07
-7.609849e-08
-1.992207e-07
-5.818482e-08
-2.075278e-07
-3.933477e-08
-2.140434e-07
-1.982277e-08
-2.185326e-07
-2.20465e-07
-2.209421e-08
2.425209e-07
-4.379063e-08
2.401924e-07
-6.465492e-08
2.348741e-07
-8.435279e-08
2.271964e-07
-1.026309e-07
2.174746e-07
-1.193216e-07
2.060651e-07
-1.343388e-07
1.933328e-07
-1.476666e-07
1.796249e-07
-1.593454e-07
1.652529e-07
-1.694563e-07
1.504817e-07
-1.781072e-07
1.355253e-07
-1.854203e-07
1.205475e-07
-1.915217e-07
1.056654e-07
-1.965345e-07
9.095499e-08
-2.005721e-07
7.645656e-08
-2.037346e-07
6.218126e-08
-2.061059e-07
4.811694e-08
-2.077523e-07
3.423368e-08
-2.087216e-07
2.048845e-08
-2.090426e-07
6.829412e-09
-2.08725e-07
-6.800437e-09
-2.077591e-07
-2.045977e-08
-2.061161e-07
-3.420559e-08
-2.037483e-07
-4.808979e-08
-2.005893e-07
-6.215543e-08
-1.965552e-07
-7.643252e-08
-1.915458e-07
-9.093326e-08
-1.854475e-07
-1.056466e-07
-1.781374e-07
-1.205323e-07
-1.694889e-07
-1.355144e-07
-1.593799e-07
-1.504759e-07
-1.477022e-07
-1.65253e-07
-1.343745e-07
-1.796315e-07
-1.193561e-07
-1.933464e-07
-1.026628e-07
-2.06086e-07
-8.438076e-08
-2.175027e-07
-6.467744e-08
-2.272312e-07
-4.380645e-08
-2.349144e-07
-2.210237e-08
-2.402367e-07
-2.425673e-07
-2.480103e-08
2.673219e-07
-4.908292e-08
2.644742e-07
-7.229952e-08
2.580907e-07
-9.403971e-08
2.489366e-07
-1.140078e-07
2.374427e-07
-1.320263e-07
2.240836e-07
-1.480252e-07
2.093317e-07
-1.620234e-07
1.936231e-07
-1.741068e-07
1.773364e-07
-1.844071e-07
1.607819e-07
-1.93082e-07
1.442002e-07
-2.003006e-07
1.277661e-07
-2.062314e-07
1.115962e-07
-2.11033e-07
9.575661e-08
-2.148482e-07
8.027173e-08
-2.178002e-07
6.513324e-08
-2.199908e-07
5.030754e-08
-2.214994e-07
3.574226e-08
-2.223826e-07
2.137171e-08
-2.226745e-07
7.121293e-09
-2.223863e-07
-7.088616e-09
-2.215068e-07
-2.133929e-08
-2.20002e-07
-3.571039e-08
-2.178153e-07
-5.027653e-08
-2.148672e-07
-6.510349e-08
-2.11056e-07
-8.024372e-08
-2.062584e-07
-9.57309e-08
-2.003314e-07
-1.115735e-07
-1.931165e-07
-1.277472e-07
-1.844448e-07
-1.441861e-07
-1.741472e-07
-1.607735e-07
-1.620655e-07
-1.773347e-07
-1.480679e-07
-1.936292e-07
-1.320681e-07
-2.093463e-07
-1.140469e-07
-2.241072e-07
-9.407425e-08
-2.374754e-07
-7.232758e-08
-2.489778e-07
-4.910275e-08
-2.581392e-07
-2.48113e-08
-2.645282e-07
-2.673786e-07
-2.80594e-08
2.953813e-07
-5.54271e-08
2.918419e-07
-8.140504e-08
2.840686e-07
-1.054841e-07
2.730157e-07
-1.273225e-07
2.592812e-07
-1.467424e-07
2.435035e-07
-1.637076e-07
2.262969e-07
-1.782929e-07
2.082084e-07
-1.906512e-07
1.896947e-07
-2.009832e-07
1.711139e-07
-2.095125e-07
1.527296e-07
-2.164686e-07
1.347221e-07
-2.220705e-07
1.171982e-07
-2.265185e-07
1.002046e-07
-2.299881e-07
8.374132e-08
-2.326278e-07
6.777301e-08
-2.345584e-07
5.223809e-08
-2.358725e-07
3.705638e-08
-2.366358e-07
2.213497e-08
-2.368872e-07
7.37271e-09
-2.366397e-07
-7.336072e-09
-2.358805e-07
-2.209854e-08
-2.345705e-07
-3.702039e-08
-2.326442e-07
-5.220283e-08
-2.300088e-07
-6.773886e-08
-2.265438e-07
-8.370876e-08
-2.221005e-07
-1.001742e-07
-2.165032e-07
-1.171708e-07
-2.095517e-07
-1.346987e-07
-2.010267e-07
-1.527112e-07
-1.906984e-07
-1.711018e-07
-1.783427e-07
-1.896903e-07
-1.637588e-07
-2.082131e-07
-1.467932e-07
-2.263119e-07
-1.273707e-07
-2.435297e-07
-1.055271e-07
-2.59319e-07
-8.144035e-08
-2.730646e-07
-5.545226e-08
-2.841273e-07
-2.80725e-08
-2.919079e-07
-2.954511e-07
-3.204176e-08
3.274231e-07
-6.313919e-08
3.229394e-07
-9.238536e-08
3.133148e-07
-1.191477e-07
2.99778e-07
-1.430398e-07
2.831733e-07
-1.639031e-07
2.643667e-07
-1.817649e-07
2.441587e-07
-1.967881e-07
2.232316e-07
-2.092217e-07
2.021284e-07
-2.193604e-07
1.812526e-07
-2.275158e-07
1.60885e-07
-2.339907e-07
1.41197e-07
-2.390642e-07
1.222716e-07
-2.429831e-07
1.041235e-07
-2.459586e-07
8.671689e-08
-2.481656e-07
6.997999e-08
-2.497433e-07
5.38158e-08
-2.507974e-07
3.811044e-08
-2.514016e-07
2.273918e-08
-2.515996e-07
7.570692e-09
-2.514058e-07
-7.529883e-09
-2.508058e-07
-2.26985e-08
-2.497562e-07
-3.807005e-08
-2.481831e-07
-5.377592e-08
-2.45981e-07
-6.994096e-08
-2.430106e-07
-8.667915e-08
-2.390971e-07
-1.040877e-07
-2.340293e-07
-1.222386e-07
-2.275601e-07
-1.411679e-07
-2.194102e-07
-1.60861e-07
-2.092766e-07
-1.812354e-07
-1.96847e-07
-2.021199e-07
-1.818264e-07
-2.232337e-07
-1.63965e-07
-2.441732e-07
-1.430995e-07
-2.643953e-07
-1.192018e-07
-2.832166e-07
-9.24303e-08
-2.998361e-07
-6.317154e-08
-3.133861e-07
-3.205872e-08
-3.230207e-07
-3.275099e-07
-3.699684e-08
3.644199e-07
-7.266599e-08
3.586085e-07
-1.058116e-07
3.464604e-07
-1.356501e-07
3.296166e-07
-1.617643e-07
3.092874e-07
-1.840534e-07
2.866558e-07
-2.026566e-07
2.627618e-07
-2.178718e-07
2.384469e-07
-2.300844e-07
2.143409e-07
-2.397198e-07
1.90888e-07
-2.471997e-07
1.683648e-07
-2.529151e-07
1.469125e-07
-2.572135e-07
1.2657e-07
-2.603923e-07
1.073022e-07
-2.62699e-07
8.902366e-08
-2.643339e-07
7.161482e-08
-2.65453e-07
5.493497e-08
-2.661731e-07
3.883054e-08
-2.665747e-07
2.31407e-08
-2.667047e-07
7.700778e-09
-2.66579e-07
-7.655669e-09
-2.661818e-07
-2.309561e-08
-2.654664e-07
-3.878553e-08
-2.643521e-07
-5.489015e-08
-2.627227e-07
-7.157044e-08
-2.604217e-07
-8.898013e-08
-2.572492e-07
-1.072602e-07
-2.529576e-07
-1.265302e-07
-2.472491e-07
-1.468763e-07
-2.397764e-07
-1.683337e-07
-2.301479e-07
-1.90864e-07
-2.179413e-07
-2.143265e-07
-2.027305e-07
-2.384445e-07
-1.841293e-07
-2.627744e-07
-1.618387e-07
-2.866858e-07
-1.357188e-07
-3.093366e-07
-1.058695e-07
-3.296854e-07
-7.270825e-08
-3.465473e-07
-3.701921e-08
-3.587098e-07
-3.645291e-07
-4.329506e-08
4.07715e-07
-8.465366e-08
3.999671e-07
-1.224845e-07
3.842912e-07
-1.558312e-07
3.629633e-07
-1.842862e-07
3.377424e-07
-2.078775e-07
3.102471e-07
-2.269334e-07
2.818178e-07
-2.419531e-07
2.534665e-07
-2.535215e-07
2.259093e-07
-2.622345e-07
1.99601e-07
-2.68649e-07
1.747793e-07
-2.732585e-07
1.515221e-07
-2.764843e-07
1.297958e-07
-2.786753e-07
1.094932e-07
-2.801131e-07
9.046143e-08
-2.810193e-07
7.252098e-08
-2.815631e-07
5.547883e-08
-2.818687e-07
3.913608e-08
-2.820203e-07
2.329228e-08
-2.820669e-07
7.747382e-09
-2.820246e-07
-7.697952e-09
-2.818775e-07
-2.324273e-08
-2.815767e-07
-3.908631e-08
-2.81038e-07
-5.542883e-08
-2.801376e-07
-7.247086e-08
-2.787062e-07
-9.041148e-08
-2.765224e-07
-1.09444e-07
-2.733045e-07
-1.297481e-07
-2.687036e-07
-1.514773e-07
-2.622982e-07
-1.747391e-07
-2.535944e-07
-1.995678e-07
-2.420347e-07
-2.258862e-07
-2.270222e-07
-2.53457e-07
-2.079707e-07
-2.81826e-07
-1.843796e-07
-3.102768e-07
-1.559193e-07
-3.377969e-07
-1.225603e-07
-3.630444e-07
-8.47099e-08
-3.843977e-07
-4.332522e-08
-4.000945e-07
-4.078543e-07
-5.15093e-08
4.592243e-07
-1.000596e-07
4.485175e-07
-1.435455e-07
4.277771e-07
-1.808392e-07
4.00257e-07
-2.116386e-07
3.685419e-07
-2.362274e-07
3.348359e-07
-2.552381e-07
3.008285e-07
-2.694796e-07
2.677081e-07
-2.798129e-07
2.362426e-07
-2.870495e-07
2.068376e-07
-2.919063e-07
1.79636e-07
-2.949889e-07
1.546048e-07
-2.967932e-07
1.316001e-07
-2.977144e-07
1.104144e-07
-2.980611e-07
9.08081e-08
-2.980689e-07
7.252877e-08
-2.979131e-07
5.532308e-08
-2.977195e-07
3.89425e-08
-2.975722e-07
2.314496e-08
-2.975193e-07
7.694434e-09
-2.975764e-07
-7.640808e-09
-2.977281e-07
-2.309102e-08
-2.979264e-07
-3.888799e-08
-2.980875e-07
-5.526778e-08
-2.980857e-07
-7.247262e-08
-2.97746e-07
-9.075121e-08
-2.968328e-07
-1.103572e-07
-2.950378e-07
-1.315432e-07
-2.919655e-07
-1.545495e-07
-2.871203e-07
-1.795843e-07
-2.798959e-07
-2.067922e-07
-2.695748e-07
-2.362072e-07
-2.553444e-07
-2.676874e-07
-2.363421e-07
-3.008283e-07
-2.117568e-07
-3.348622e-07
-1.809534e-07
-3.686003e-07
-1.436463e-07
-4.003515e-07
-1.001361e-07
-4.27908e-07
-5.155109e-08
-4.486795e-07
-4.594054e-07
-6.256555e-08
5.217898e-07
-1.203388e-07
5.062907e-07
-1.706466e-07
4.780849e-07
-2.122536e-07
4.41864e-07
-2.451685e-07
4.014568e-07
-2.701425e-07
3.598098e-07
-2.882981e-07
3.189841e-07
-3.009114e-07
2.803214e-07
-3.092043e-07
2.445354e-07
-3.142502e-07
2.118836e-07
-3.169439e-07
1.823297e-07
-3.180034e-07
1.556643e-07
-3.179897e-07
1.315864e-07
-3.173316e-07
1.097563e-07
-3.163507e-07
8.982722e-08
-3.152843e-07
7.146235e-08
-3.143034e-07
5.434221e-08
-3.135269e-07
3.816606e-08
-3.130326e-07
2.265067e-08
-3.128644e-07
7.526214e-09
-3.130365e-07
-7.468696e-09
-3.135349e-07
-2.259263e-08
-3.143159e-07
-3.8107e-08
-3.15302e-07
-5.428169e-08
-3.163746e-07
-7.140006e-08
-3.173628e-07
-8.976299e-08
-3.180297e-07
-1.096903e-07
-3.180539e-07
-1.31519e-07
-3.170067e-07
-1.555967e-07
-3.143273e-07
-1.822637e-07
-3.092972e-07
-2.118222e-07
-3.010213e-07
-2.444831e-07
-2.884247e-07
-2.80284e-07
-2.702836e-07
-3.189694e-07
-2.453187e-07
-3.598271e-07
-2.124035e-07
-4.015154e-07
-1.70783e-07
-4.41972e-07
-1.204453e-07
-4.782457e-07
-6.262546e-08
-5.064993e-07
-5.220308e-07
-7.803447e-08
5.998243e-07
-1.477585e-07
5.760148e-07
-2.06213e-07
5.365393e-07
-2.522539e-07
4.87905e-07
-2.866122e-07
4.35815e-07
-3.108452e-07
3.840429e-07
-3.268917e-07
3.350305e-07
-3.366694e-07
2.900991e-07
-3.418538e-07
2.497199e-07
-3.438152e-07
2.13845e-07
-3.436259e-07
1.821404e-07
-3.420991e-07
1.541374e-07
-3.398367e-07
1.293239e-07
-3.372759e-07
1.071955e-07
-3.3473e-07
8.728132e-08
-3.324188e-07
6.915115e-08
-3.304936e-07
5.241703e-08
-3.290561e-07
3.672848e-08
-3.281705e-07
2.176513e-08
-3.278727e-07
7.228344e-09
-3.281739e-07
-7.167456e-09
-3.290631e-07
-2.170348e-08
-3.305047e-07
-3.666531e-08
-3.324348e-07
-5.235162e-08
-3.34752e-07
-6.908286e-08
-3.373054e-07
-8.720965e-08
-3.398754e-07
-1.071202e-07
-3.421494e-07
-1.29245e-07
-3.436905e-07
-1.540556e-07
-3.438969e-07
-1.820573e-07
-3.419558e-07
-2.137634e-07
-3.367943e-07
-2.496446e-07
-3.27041e-07
-2.900373e-07
-3.110181e-07
-3.349924e-07
-2.868035e-07
-3.840417e-07
-2.524526e-07
-4.358663e-07
-2.06401e-07
-4.880236e-07
-1.479109e-07
-5.367358e-07
-7.812398e-08
-5.762862e-07
-6.001548e-07
-1.007118e-07
7.00536e-07
-1.859411e-07
6.612441e-07
-2.538439e-07
6.044422e-07
-3.038376e-07
5.378987e-07
-3.381241e-07
4.701015e-07
-3.597093e-07
4.056281e-07
-3.71764e-07
3.470852e-07
-3.77044e-07
2.953792e-07
-3.777508e-07
2.504266e-07
-3.755511e-07
2.116454e-07
-3.716607e-07
1.7825e-07
-3.669412e-07
1.494179e-07
-3.619899e-07
1.243727e-07
-3.572137e-07
1.024193e-07
-3.528826e-07
8.295018e-08
-3.491737e-07
6.544226e-08
-3.462013e-07
4.944469e-08
-3.440373e-07
3.456443e-08
-3.427244e-07
2.045224e-08
-3.422853e-07
6.78921e-09
-3.42727e-07
-6.725716e-09
-3.440428e-07
-2.038772e-08
-3.462102e-07
-3.449785e-08
-3.491868e-07
-4.937501e-08
-3.529012e-07
-6.536849e-08
-3.572395e-07
-8.287134e-08
-3.620251e-07
-1.023346e-07
-3.669886e-07
-1.242815e-07
-3.71724e-07
-1.493202e-07
-3.756345e-07
-1.781467e-07
-3.778592e-07
-2.115387e-07
-3.771826e-07
-2.503212e-07
-3.71937e-07
-2.952829e-07
-3.599189e-07
-3.470105e-07
-3.383675e-07
-4.055931e-07
-3.041032e-07
-4.701305e-07
-2.541078e-07
-5.38019e-07
-1.861657e-07
-6.046778e-07
-1.008523e-07
-6.615996e-07
-7.010071e-07
-1.358385e-07
8.363745e-07
-2.4081e-07
7.662156e-07
-3.189063e-07
6.825384e-07
-3.710311e-07
5.900235e-07
-4.022595e-07
5.013299e-07
-4.181197e-07
4.214883e-07
-4.234623e-07
3.524278e-07
-4.220451e-07
2.93962e-07
-4.16596e-07
2.449775e-07
-4.090071e-07
2.040565e-07
-4.005441e-07
1.69787e-07
-3.920307e-07
1.409044e-07
-3.839843e-07
1.163263e-07
-3.767194e-07
9.515445e-08
-3.704223e-07
7.66531e-08
-3.651989e-07
6.021881e-08
-3.611058e-07
4.535163e-08
-3.581713e-07
3.162991e-08
-3.564078e-07
1.868875e-08
-3.558201e-07
6.201497e-09
-3.564094e-07
-6.136422e-09
-3.581747e-07
-1.862238e-08
-3.611116e-07
-3.156095e-08
-3.652079e-07
-4.52787e-08
-3.704359e-07
-6.014049e-08
-3.767394e-07
-7.65679e-08
-3.840131e-07
-9.506086e-08
-3.920717e-07
-1.162229e-07
-4.006018e-07
-1.407901e-07
-4.090873e-07
-1.696612e-07
-4.167059e-07
-2.039202e-07
-4.22193e-07
-2.44834e-07
-4.236573e-07
-2.938187e-07
-4.183693e-07
-3.522985e-07
-4.025664e-07
-4.21396e-07
-3.713871e-07
-5.013099e-07
-3.192827e-07
-5.901234e-07
-2.411511e-07
-6.828094e-07
-1.360712e-07
-7.666795e-07
-8.370783e-07
-1.933048e-07
1.029679e-06
-3.221174e-07
8.950282e-07
-4.093577e-07
7.697788e-07
-4.589262e-07
6.39592e-07
-4.817771e-07
5.241808e-07
-4.871677e-07
4.268788e-07
-4.82043e-07
3.473031e-07
-4.711688e-07
2.830878e-07
-4.576396e-07
2.314482e-07
-4.43375e-07
1.897919e-07
-4.295129e-07
1.559249e-07
-4.166844e-07
1.280759e-07
-4.052192e-07
1.048612e-07
-3.952722e-07
8.520735e-08
-3.868983e-07
6.827924e-08
-3.801002e-07
5.342073e-08
-3.748562e-07
4.010764e-08
-3.711375e-07
2.791115e-08
-3.689179e-07
1.646922e-08
-3.681802e-07
5.463765e-09
-3.689182e-07
-5.398394e-09
-3.711383e-07
-1.640233e-08
-3.748581e-07
-2.784117e-08
-3.801039e-07
-4.003288e-08
-3.86905e-07
-5.333935e-08
-3.952838e-07
-6.818917e-08
-4.052383e-07
-8.51063e-08
-4.167146e-07
-1.047467e-07
-4.295594e-07
-1.279452e-07
-4.43445e-07
-1.557757e-07
-4.577426e-07
-1.896226e-07
-4.713175e-07
-2.312591e-07
-4.822526e-07
-2.828835e-07
-4.874552e-07
-3.47096e-07
-4.821567e-07
-4.266945e-07
-4.594007e-07
-5.240659e-07
-4.099014e-07
-6.396228e-07
-3.226517e-07
-7.700591e-07
-1.937196e-07
-8.956116e-07
-1.030798e-06
-2.971469e-07
1.326826e-06
-4.465099e-07
1.044391e-06
-5.364463e-07
8.597152e-07
-5.735683e-07
6.76714e-07
-5.790592e-07
5.296717e-07
-5.67039e-07
4.148587e-07
-5.465824e-07
3.268465e-07
-5.230691e-07
2.595744e-07
-4.995072e-07
2.078864e-07
-4.774241e-07
1.677089e-07
-4.575093e-07
1.360101e-07
-4.400131e-07
1.105797e-07
-4.249596e-07
8.980775e-08
-4.122658e-07
7.251347e-08
-4.018069e-07
5.782035e-08
-3.934524e-07
4.506627e-08
-3.870843e-07
3.373952e-08
-3.826061e-07
2.343297e-08
-3.799474e-07
1.381052e-08
-3.790655e-07
4.581867e-09
-3.799462e-07
-4.517717e-09
-3.826038e-07
-1.374468e-08
-3.870814e-07
-2.336365e-08
-3.934495e-07
-3.366478e-08
-4.018049e-07
-4.498387e-08
-4.122664e-07
-5.772768e-08
-4.249653e-07
-7.240743e-08
-4.400273e-07
-8.968461e-08
-4.575375e-07
-1.104351e-07
-4.774743e-07
-1.358389e-07
-4.99591e-07
-1.675059e-07
-5.232032e-07
-2.076469e-07
-5.467904e-07
-2.592963e-07
-5.673512e-07
-3.265351e-07
-5.795106e-07
-4.145351e-07
-5.741887e-07
-5.293877e-07
-5.372286e-07
-6.765828e-07
-4.473491e-07
-8.599386e-07
-2.97891e-07
-1.04507e-06
-1.328689e-06
-4.608996e-07
1.787726e-06
-6.283848e-07
1.211877e-06
-7.134352e-07
9.447656e-07
-7.204205e-07
6.836993e-07
-6.94556e-07
5.038072e-07
-6.558226e-07
3.761253e-07
-6.14463e-07
2.854869e-07
-5.752704e-07
2.203818e-07
-5.400936e-07
1.727096e-07
-5.094245e-07
1.370398e-07
-4.831541e-07
1.097396e-07
-4.609355e-07
8.836116e-08
-4.423596e-07
7.123186e-08
-4.27034e-07
5.718787e-08
-4.146155e-07
4.540183e-08
-4.0482e-07
3.527075e-08
-3.974227e-07
2.634226e-08
-3.922548e-07
1.82651e-08
-3.891993e-07
1.075499e-08
-3.881874e-07
3.569926e-09
-3.891964e-07
-3.508692e-09
-3.922491e-07
-1.069197e-08
-3.974143e-07
-1.819841e-08
-4.048094e-07
-2.626976e-08
-4.146033e-07
-3.518995e-08
-4.270213e-07
-4.530967e-08
-4.423482e-07
-5.708053e-08
-4.609283e-07
-7.110448e-08
-4.83156e-07
-8.820748e-08
-5.094433e-07
-1.095516e-07
-5.401417e-07
-1.368075e-07
-5.753675e-07
-1.724211e-07
-6.146395e-07
-2.200242e-07
-6.561252e-07
-2.850495e-07
-6.950524e-07
-3.756079e-07
-7.21199e-07
-5.032412e-07
-7.14565e-07
-6.832168e-07
-6.297733e-07
-9.447303e-07
-4.626563e-07
-1.212187e-06
-1.791345e-06
-9.269204e-07
2.714646e-06
-9.867353e-07
1.271691e-06
-9.802661e-07
9.382964e-07
-9.069745e-07
6.104077e-07
-8.256443e-07
4.22477e-07
-7.485973e-07
2.990783e-07
-6.810573e-07
2.179468e-07
-6.23937e-07
1.632616e-07
-5.764074e-07
1.251799e-07
-5.371355e-07
9.776788e-08
-5.047939e-07
7.739803e-08
-4.782324e-07
6.179964e-08
-4.565126e-07
4.951202e-08
-4.388923e-07
3.95676e-08
-4.247957e-07
3.130522e-08
-4.13783e-07
2.425802e-08
-4.055252e-07
1.808446e-08
-3.997847e-07
1.252463e-08
-3.964011e-07
7.371421e-09
-3.952818e-07
2.450591e-09
-3.963964e-07
-2.394076e-09
-3.997752e-07
-7.313144e-09
-4.055109e-07
-1.24627e-08
-4.13764e-07
-1.801673e-08
-4.24772e-07
-2.418188e-08
-4.388643e-07
-3.121741e-08
-4.56481e-07
-3.946385e-08
-4.781988e-07
-4.938663e-08
-5.047615e-07
-6.164479e-08
-5.371102e-07
-7.720294e-08
-5.764002e-07
-9.751753e-08
-6.239676e-07
-1.248536e-07
-6.811603e-07
-1.628315e-07
-7.488325e-07
-2.173773e-07
-8.261158e-07
-2.983246e-07
-9.079052e-07
-4.214518e-07
-9.81942e-07
-6.0918e-07
-9.88882e-07
-9.377903e-07
-9.293013e-07
-1.271767e-06
-2.720647e-06
-1.26579e-06
3.980436e-06
-1.283654e-06
1.289555e-06
-1.224753e-06
8.793962e-07
-1.084405e-06
4.700592e-07
-9.440598e-07
2.82132e-07
-8.258674e-07
1.808859e-07
-7.314678e-07
1.235473e-07
-6.570408e-07
8.883447e-08
-5.982887e-07
6.642787e-08
-5.5162e-07
5.109916e-08
-5.142958e-07
4.007387e-08
-4.842997e-07
3.180348e-08
-4.601626e-07
2.537498e-08
-4.408145e-07
2.021946e-08
-4.25473e-07
1.596379e-08
-4.135666e-07
1.235157e-08
-4.046809e-07
9.19874e-09
-3.985233e-07
6.367081e-09
-3.948995e-07
3.747556e-09
-3.936979e-07
1.249074e-09
-3.948824e-07
-1.20965e-09
-3.984887e-07
-3.706863e-09
-4.046276e-07
-6.323752e-09
-4.134931e-07
-9.151202e-09
-4.253771e-07
-1.22979e-08
-4.40693e-07
-1.590152e-08
-4.600115e-07
-2.014532e-08
-4.841137e-07
-2.528446e-08
-5.140682e-07
-3.169023e-08
-5.513424e-07
-3.992879e-08
-5.979507e-07
-5.090922e-08
-6.566296e-07
-6.617479e-08
-7.30967e-07
-8.849408e-08
-8.252526e-07
-1.230917e-07
-9.432851e-07
-1.802921e-07
-1.083274e-06
-2.814625e-07
-1.223344e-06
-4.691107e-07
-1.281778e-06
-8.793561e-07
-1.262729e-06
-1.290816e-06
-3.983376e-06
3.980436e-06
5.269991e-06
6.149387e-06
6.619446e-06
6.901578e-06
7.082464e-06
7.206012e-06
7.294846e-06
7.361274e-06
7.412373e-06
7.452447e-06
7.48425e-06
7.509625e-06
7.529845e-06
7.545809e-06
7.55816e-06
7.567359e-06
7.573726e-06
7.577474e-06
7.578723e-06
7.577513e-06
7.573806e-06
7.567482e-06
7.558331e-06
7.546033e-06
7.530132e-06
7.509987e-06
7.484702e-06
7.453012e-06
7.413083e-06
7.362174e-06
7.295999e-06
7.207505e-06
7.084413e-06
6.904121e-06
6.622659e-06
6.153548e-06
5.274192e-06
3.983376e-06
)
;

boundaryField
{
    movingWall
    {
        type            calculated;
        value           uniform 0;
    }
    fixedWalls
    {
        type            calculated;
        value           uniform 0;
    }
    frontAndBack
    {
        type            empty;
    }
}


// ************************************************************************* //
