/*--------------------------------*- C++ -*----------------------------------*\
| =========                 |                                                 |
| \\      /  F ield         | OpenFOAM: The Open Source CFD Toolbox           |
|  \\    /   O peration     | Version:  2412                                  |
|   \\  /    A nd           | Website:  www.openfoam.com                      |
|    \\/     M anipulation  |                                                 |
\*---------------------------------------------------------------------------*/
FoamFile
{
    version     2.0;
    format      ascii;
    arch        "LSB;label=32;scalar=64";
    class       volVectorField;
    location    "0.1";
    object      U;
}
// * * * * * * * * * * * * * * * * * * * * * * * * * * * * * * * * * * * * * //

dimensions      [0 1 -1 0 0 0 0];

internalField   nonuniform List<vector> 
1600
(
(-1.090577e-06 1.090306e-06 0)
(-3.266521e-06 1.085029e-06 0)
(-5.423188e-06 1.071001e-06 0)
(-7.544878e-06 1.050104e-06 0)
(-9.618064e-06 1.022516e-06 0)
(-1.162959e-05 9.884704e-07 0)
(-1.356682e-05 9.48246e-07 0)
(-1.54177e-05 9.021655e-07 0)
(-1.71709e-05 8.505874e-07 0)
(-1.881579e-05 7.939003e-07 0)
(-2.034257e-05 7.325163e-07 0)
(-2.174228e-05 6.668653e-07 0)
(-2.300682e-05 5.973895e-07 0)
(-2.412899e-05 5.245386e-07 0)
(-2.510251e-05 4.487663e-07 0)
(-2.592197e-05 3.705272e-07 0)
(-2.658291e-05 2.902745e-07 0)
(-2.708174e-05 2.084597e-07 0)
(-2.74158e-05 1.255313e-07 0)
(-2.75833e-05 4.193554e-08 0)
(-2.758336e-05 -4.18829e-08 0)
(-2.741596e-05 -1.254799e-07 0)
(-2.7082e-05 -2.084108e-07 0)
(-2.658326e-05 -2.902293e-07 0)
(-2.592241e-05 -3.704866e-07 0)
(-2.510302e-05 -4.487315e-07 0)
(-2.412957e-05 -5.245104e-07 0)
(-2.300744e-05 -5.973686e-07 0)
(-2.174293e-05 -6.668523e-07 0)
(-2.034324e-05 -7.325115e-07 0)
(-1.881647e-05 -7.939038e-07 0)
(-1.717156e-05 -8.505993e-07 0)
(-1.541833e-05 -9.021855e-07 0)
(-1.35674e-05 -9.482736e-07 0)
(-1.163011e-05 -9.885049e-07 0)
(-9.618508e-06 -1.022557e-06 0)
(-7.545236e-06 -1.050149e-06 0)
(-5.42345e-06 -1.071051e-06 0)
(-3.266681e-06 -1.085082e-06 0)
(-1.09063e-06 -1.090359e-06 0)
(-1.099379e-06 3.279803e-06 0)
(-3.292869e-06 3.263914e-06 0)
(-5.466879e-06 3.221684e-06 0)
(-7.605556e-06 3.158778e-06 0)
(-9.695239e-06 3.075737e-06 0)
(-1.172265e-05 2.973261e-06 0)
(-1.367504e-05 2.852197e-06 0)
(-1.554028e-05 2.713519e-06 0)
(-1.730691e-05 2.558308e-06 0)
(-1.896426e-05 2.387738e-06 0)
(-2.050247e-05 2.203053e-06 0)
(-2.191253e-05 2.005546e-06 0)
(-2.318632e-05 1.796551e-06 0)
(-2.43166e-05 1.577422e-06 0)
(-2.529708e-05 1.349522e-06 0)
(-2.612235e-05 1.114219e-06 0)
(-2.678793e-05 8.728748e-07 0)
(-2.729025e-05 6.268439e-07 0)
(-2.762663e-05 3.774726e-07 0)
(-2.779529e-05 1.260999e-07 0)
(-2.779534e-05 -1.259407e-07 0)
(-2.762679e-05 -3.773172e-07 0)
(-2.729051e-05 -6.266959e-07 0)
(-2.678829e-05 -8.727379e-07 0)
(-2.61228e-05 -1.114097e-06 0)
(-2.52976e-05 -1.349417e-06 0)
(-2.431719e-05 -1.577336e-06 0)
(-2.318696e-05 -1.796488e-06 0)
(-2.191321e-05 -2.005507e-06 0)
(-2.050317e-05 -2.203038e-06 0)
(-1.896496e-05 -2.387749e-06 0)
(-1.730759e-05 -2.558344e-06 0)
(-1.554092e-05 -2.713579e-06 0)
(-1.367564e-05 -2.852281e-06 0)
(-1.172319e-05 -2.973366e-06 0)
(-9.695695e-06 -3.07586e-06 0)
(-7.605923e-06 -3.158916e-06 0)
(-5.467148e-06 -3.221834e-06 0)
(-3.293033e-06 -3.264072e-06 0)
(-1.099434e-06 -3.279965e-06 0)
(-1.113531e-06 5.492289e-06 0)
(-3.335227e-06 5.465626e-06 0)
(-5.537096e-06 5.394806e-06 0)
(-7.703025e-06 5.289317e-06 0)
(-9.81913e-06 5.150077e-06 0)
(-1.187193e-05 4.978271e-06 0)
(-1.384849e-05 4.775328e-06 0)
(-1.573652e-05 4.542893e-06 0)
(-1.752444e-05 4.282793e-06 0)
(-1.920146e-05 3.997004e-06 0)
(-2.075765e-05 3.687619e-06 0)
(-2.218393e-05 3.356817e-06 0)
(-2.347214e-05 3.006835e-06 0)
(-2.461503e-05 2.639942e-06 0)
(-2.560629e-05 2.258424e-06 0)
(-2.644053e-05 1.864565e-06 0)
(-2.711326e-05 1.460642e-06 0)
(-2.762093e-05 1.048913e-06 0)
(-2.796087e-05 6.316231e-07 0)
(-2.813131e-05 2.110014e-07 0)
(-2.813137e-05 -2.107319e-07 0)
(-2.796104e-05 -6.313599e-07 0)
(-2.762121e-05 -1.048663e-06 0)
(-2.711364e-05 -1.46041e-06 0)
(-2.6441e-05 -1.864358e-06 0)
(-2.560684e-05 -2.258246e-06 0)
(-2.461565e-05 -2.639797e-06 0)
(-2.347281e-05 -3.006728e-06 0)
(-2.218463e-05 -3.35675e-06 0)
(-2.075838e-05 -3.687594e-06 0)
(-1.920219e-05 -3.997022e-06 0)
(-1.752515e-05 -4.282853e-06 0)
(-1.57372e-05 -4.542995e-06 0)
(-1.384912e-05 -4.775469e-06 0)
(-1.187249e-05 -4.978448e-06 0)
(-9.819609e-06 -5.150285e-06 0)
(-7.70341e-06 -5.289551e-06 0)
(-5.537378e-06 -5.395061e-06 0)
(-3.3354e-06 -5.465895e-06 0)
(-1.113589e-06 -5.492564e-06 0)
(-1.134919e-06 7.740258e-06 0)
(-3.399237e-06 7.702566e-06 0)
(-5.643198e-06 7.602536e-06 0)
(-7.850291e-06 7.453553e-06 0)
(-1.000629e-05 7.256934e-06 0)
(-1.209741e-05 7.014371e-06 0)
(-1.411043e-05 6.727908e-06 0)
(-1.603282e-05 6.399893e-06 0)
(-1.785281e-05 6.032931e-06 0)
(-1.955945e-05 5.629835e-06 0)
(-2.114268e-05 5.193577e-06 0)
(-2.259334e-05 4.727247e-06 0)
(-2.390321e-05 4.23401e-06 0)
(-2.506504e-05 3.717072e-06 0)
(-2.607248e-05 3.179653e-06 0)
(-2.692015e-05 2.624967e-06 0)
(-2.760361e-05 2.056206e-06 0)
(-2.811929e-05 1.476539e-06 0)
(-2.846456e-05 8.891023e-07 0)
(-2.863767e-05 2.970136e-07 0)
(-2.863773e-05 -2.966272e-07 0)
(-2.846474e-05 -8.887251e-07 0)
(-2.811958e-05 -1.476179e-06 0)
(-2.760401e-05 -2.055874e-06 0)
(-2.692065e-05 -2.624669e-06 0)
(-2.607306e-05 -3.179397e-06 0)
(-2.50657e-05 -3.716864e-06 0)
(-2.390393e-05 -4.233856e-06 0)
(-2.259409e-05 -4.727151e-06 0)
(-2.114346e-05 -5.193541e-06 0)
(-1.956023e-05 -5.62986e-06 0)
(-1.785358e-05 -6.033018e-06 0)
(-1.603355e-05 -6.40004e-06 0)
(-1.41111e-05 -6.728111e-06 0)
(-1.209801e-05 -7.014625e-06 0)
(-1.000681e-05 -7.257233e-06 0)
(-7.850705e-06 -7.45389e-06 0)
(-5.643501e-06 -7.602902e-06 0)
(-3.399422e-06 -7.702952e-06 0)
(-1.134981e-06 -7.740654e-06 0)
(-1.163732e-06 1.003841e-05 0)
(-3.485465e-06 9.989321e-06 0)
(-5.786115e-06 9.859192e-06 0)
(-8.048627e-06 9.665411e-06 0)
(-1.025831e-05 9.409719e-06 0)
(-1.240096e-05 9.094359e-06 0)
(-1.446297e-05 8.722032e-06 0)
(-1.64315e-05 8.295835e-06 0)
(-1.82945e-05 7.819201e-06 0)
(-2.004082e-05 7.295826e-06 0)
(-2.166024e-05 6.729607e-06 0)
(-2.314349e-05 6.124586e-06 0)
(-2.448231e-05 5.48489e-06 0)
(-2.566939e-05 4.814687e-06 0)
(-2.66984e-05 4.118154e-06 0)
(-2.756397e-05 3.399447e-06 0)
(-2.826169e-05 2.662682e-06 0)
(-2.878803e-05 1.911935e-06 0)
(-2.91404e-05 1.151236e-06 0)
(-2.931704e-05 3.845784e-07 0)
(-2.931711e-05 -3.840662e-07 0)
(-2.914059e-05 -1.150736e-06 0)
(-2.878835e-05 -1.911459e-06 0)
(-2.826213e-05 -2.662241e-06 0)
(-2.756452e-05 -3.399051e-06 0)
(-2.669904e-05 -4.117815e-06 0)
(-2.567011e-05 -4.814411e-06 0)
(-2.448309e-05 -5.484685e-06 0)
(-2.314432e-05 -6.124457e-06 0)
(-2.166109e-05 -6.729559e-06 0)
(-2.004167e-05 -7.295859e-06 0)
(-1.829533e-05 -7.819316e-06 0)
(-1.643229e-05 -8.296029e-06 0)
(-1.44637e-05 -8.7223e-06 0)
(-1.240161e-05 -9.094696e-06 0)
(-1.025887e-05 -9.410116e-06 0)
(-8.04908e-06 -9.665859e-06 0)
(-5.786447e-06 -9.859679e-06 0)
(-3.485668e-06 -9.989834e-06 0)
(-1.1638e-06 -1.003894e-05 0)
(-1.20023e-06 1.240185e-05 0)
(-3.594685e-06 1.234087e-05 0)
(-5.967116e-06 1.217947e-05 0)
(-8.299764e-06 1.193916e-05 0)
(-1.057735e-05 1.162215e-05 0)
(-1.27851e-05 1.12313e-05 0)
(-1.490896e-05 1.077001e-05 0)
(-1.693566e-05 1.024221e-05 0)
(-1.885282e-05 9.652208e-06 0)
(-2.064905e-05 9.004658e-06 0)
(-2.231392e-05 8.304442e-06 0)
(-2.383806e-05 7.556604e-06 0)
(-2.521311e-05 6.76628e-06 0)
(-2.643177e-05 5.938638e-06 0)
(-2.748772e-05 5.078837e-06 0)
(-2.837563e-05 4.191989e-06 0)
(-2.909112e-05 3.283145e-06 0)
(-2.963074e-05 2.357288e-06 0)
(-2.999192e-05 1.419329e-06 0)
(-3.017297e-05 4.741313e-07 0)
(-3.017304e-05 -4.734811e-07 0)
(-2.999213e-05 -1.418694e-06 0)
(-2.963109e-05 -2.356683e-06 0)
(-2.90916e-05 -3.282585e-06 0)
(-2.837623e-05 -4.191486e-06 0)
(-2.748842e-05 -5.078404e-06 0)
(-2.643257e-05 -5.938287e-06 0)
(-2.521398e-05 -6.766019e-06 0)
(-2.383897e-05 -7.55644e-06 0)
(-2.231486e-05 -8.304379e-06 0)
(-2.064999e-05 -9.004699e-06 0)
(-1.885375e-05 -9.652352e-06 0)
(-1.693653e-05 -1.024245e-05 0)
(-1.490977e-05 -1.077035e-05 0)
(-1.278583e-05 -1.123173e-05 0)
(-1.057797e-05 -1.162266e-05 0)
(-8.300268e-06 -1.193973e-05 0)
(-5.967486e-06 -1.218009e-05 0)
(-3.594911e-06 -1.234152e-05 0)
(-1.200306e-06 -1.240252e-05 0)
(-1.24475e-06 1.484627e-05 0)
(-3.727898e-06 1.477278e-05 0)
(-6.187841e-06 1.45786e-05 0)
(-8.605941e-06 1.428957e-05 0)
(-1.096617e-05 1.390841e-05 0)
(-1.32531e-05 1.343865e-05 0)
(-1.545206e-05 1.28845e-05 0)
(-1.75493e-05 1.225077e-05 0)
(-1.953205e-05 1.154276e-05 0)
(-2.138858e-05 1.076616e-05 0)
(-2.310829e-05 9.926902e-06 0)
(-2.468166e-05 9.031114e-06 0)
(-2.610028e-05 8.084995e-06 0)
(-2.735683e-05 7.094757e-06 0)
(-2.844505e-05 6.066573e-06 0)
(-2.935966e-05 5.006534e-06 0)
(-3.009639e-05 3.92063e-06 0)
(-3.065185e-05 2.814745e-06 0)
(-3.102355e-05 1.694666e-06 0)
(-3.120985e-05 5.660996e-07 0)
(-3.120993e-05 -5.652963e-07 0)
(-3.102379e-05 -1.693881e-06 0)
(-3.065225e-05 -2.813998e-06 0)
(-3.009693e-05 -3.919937e-06 0)
(-2.936034e-05 -5.005913e-06 0)
(-2.844584e-05 -6.066038e-06 0)
(-2.735772e-05 -7.094322e-06 0)
(-2.610124e-05 -8.08467e-06 0)
(-2.468268e-05 -9.030909e-06 0)
(-2.310934e-05 -9.926822e-06 0)
(-2.138964e-05 -1.076621e-05 0)
(-1.953308e-05 -1.154294e-05 0)
(-1.755029e-05 -1.225107e-05 0)
(-1.545298e-05 -1.288492e-05 0)
(-1.325392e-05 -1.343918e-05 0)
(-1.096688e-05 -1.390904e-05 0)
(-8.606508e-06 -1.429027e-05 0)
(-6.188257e-06 -1.457937e-05 0)
(-3.728152e-06 -1.477359e-05 0)
(-1.244835e-06 -1.48471e-05 0)
(-1.297712e-06 1.738814e-05 0)
(-3.886357e-06 1.730135e-05 0)
(-6.450341e-06 1.707254e-05 0)
(-8.969956e-06 1.673207e-05 0)
(-1.142827e-05 1.628325e-05 0)
(-1.380902e-05 1.573037e-05 0)
(-1.609684e-05 1.507854e-05 0)
(-1.827739e-05 1.433359e-05 0)
(-2.033743e-05 1.35019e-05 0)
(-2.22649e-05 1.259031e-05 0)
(-2.404896e-05 1.16059e-05 0)
(-2.567996e-05 1.055596e-05 0)
(-2.714947e-05 9.447838e-06 0)
(-2.845019e-05 8.288834e-06 0)
(-2.957594e-05 7.086176e-06 0)
(-3.052157e-05 5.846955e-06 0)
(-3.128291e-05 4.578105e-06 0)
(-3.18567e-05 3.286405e-06 0)
(-3.224056e-05 1.978494e-06 0)
(-3.243293e-05 6.608988e-07 0)
(-3.243302e-05 -6.599236e-07 0)
(-3.224084e-05 -1.977541e-06 0)
(-3.185715e-05 -3.285497e-06 0)
(-3.128352e-05 -4.577263e-06 0)
(-3.052233e-05 -5.846199e-06 0)
(-2.957683e-05 -7.085525e-06 0)
(-2.84512e-05 -8.288303e-06 0)
(-2.715056e-05 -9.447441e-06 0)
(-2.568112e-05 -1.055571e-05 0)
(-2.405015e-05 -1.16058e-05 0)
(-2.22661e-05 -1.259036e-05 0)
(-2.033861e-05 -1.350212e-05 0)
(-1.827851e-05 -1.433395e-05 0)
(-1.609788e-05 -1.507905e-05 0)
(-1.380995e-05 -1.573101e-05 0)
(-1.142907e-05 -1.628401e-05 0)
(-8.970601e-06 -1.673293e-05 0)
(-6.450815e-06 -1.707348e-05 0)
(-3.886647e-06 -1.730234e-05 0)
(-1.29781e-06 -1.738915e-05 0)
(-1.359636e-06 2.004483e-05 0)
(-4.071603e-06 1.994379e-05 0)
(-6.757138e-06 1.967809e-05 0)
(-9.395237e-06 1.928286e-05 0)
(-1.196787e-05 1.876211e-05 0)
(-1.445781e-05 1.8121e-05 0)
(-1.684884e-05 1.736569e-05 0)
(-1.912594e-05 1.650313e-05 0)
(-2.127533e-05 1.554096e-05 0)
(-2.328459e-05 1.448726e-05 0)
(-2.514263e-05 1.335044e-05 0)
(-2.683972e-05 1.213902e-05 0)
(-2.836741e-05 1.086157e-05 0)
(-2.971849e-05 9.52658e-06 0)
(-3.088693e-05 8.142359e-06 0)
(-3.186774e-05 6.717018e-06 0)
(-3.265694e-05 5.25844e-06 0)
(-3.325146e-05 3.774284e-06 0)
(-3.364906e-05 2.272011e-06 0)
(-3.384827e-05 7.589274e-07 0)
(-3.384837e-05 -7.577577e-07 0)
(-3.364937e-05 -2.270868e-06 0)
(-3.325197e-05 -3.773195e-06 0)
(-3.265763e-05 -5.257429e-06 0)
(-3.18686e-05 -6.716109e-06 0)
(-3.088794e-05 -8.141574e-06 0)
(-2.971964e-05 -9.52594e-06 0)
(-2.836865e-05 -1.086109e-05 0)
(-2.684104e-05 -1.213871e-05 0)
(-2.514399e-05 -1.335031e-05 0)
(-2.328596e-05 -1.448733e-05 0)
(-2.127668e-05 -1.554121e-05 0)
(-1.912722e-05 -1.650357e-05 0)
(-1.685003e-05 -1.73663e-05 0)
(-1.445888e-05 -1.812178e-05 0)
(-1.196879e-05 -1.876303e-05 0)
(-9.395979e-06 -1.928389e-05 0)
(-6.757683e-06 -1.967922e-05 0)
(-4.071936e-06 -1.994498e-05 0)
(-1.359748e-06 -2.004606e-05 0)
(-1.43115e-06 2.283491e-05 0)
(-4.285508e-06 2.271843e-05 0)
(-7.111289e-06 2.24131e-05 0)
(-9.885939e-06 2.195911e-05 0)
(-1.259012e-05 2.136129e-05 0)
(-1.520544e-05 2.062582e-05 0)
(-1.771471e-05 1.976005e-05 0)
(-2.010212e-05 1.877228e-05 0)
(-2.23533e-05 1.767154e-05 0)
(-2.445543e-05 1.646736e-05 0)
(-2.639721e-05 1.516957e-05 0)
(-2.816882e-05 1.378811e-05 0)
(-2.976191e-05 1.233288e-05 0)
(-3.116941e-05 1.081358e-05 0)
(-3.23855e-05 9.23968e-06 0)
(-3.340549e-05 7.620335e-06 0)
(-3.422564e-05 5.964369e-06 0)
(-3.484313e-05 4.280292e-06 0)
(-3.525592e-05 2.576346e-06 0)
(-3.54627e-05 8.605598e-07 0)
(-3.546282e-05 -8.591687e-07 0)
(-3.525627e-05 -2.574987e-06 0)
(-3.484371e-05 -4.278996e-06 0)
(-3.422643e-05 -5.963165e-06 0)
(-3.340647e-05 -7.619252e-06 0)
(-3.238666e-05 -9.238743e-06 0)
(-3.117072e-05 -1.081281e-05 0)
(-2.976334e-05 -1.23323e-05 0)
(-2.817034e-05 -1.378774e-05 0)
(-2.639877e-05 -1.516942e-05 0)
(-2.445701e-05 -1.646743e-05 0)
(-2.235485e-05 -1.767184e-05 0)
(-2.01036e-05 -1.87728e-05 0)
(-1.771609e-05 -1.976078e-05 0)
(-1.520668e-05 -2.062674e-05 0)
(-1.259118e-05 -2.136238e-05 0)
(-9.886796e-06 -2.196035e-05 0)
(-7.111919e-06 -2.241445e-05 0)
(-4.285893e-06 -2.271985e-05 0)
(-1.43128e-06 -2.283637e-05 0)
(-1.513015e-06 2.577828e-05 0)
(-4.530327e-06 2.564494e-05 0)
(-7.516476e-06 2.529669e-05 0)
(-1.044705e-05 2.477912e-05 0)
(-1.330116e-05 2.409806e-05 0)
(-1.605905e-05 2.326089e-05 0)
(-1.870238e-05 2.227639e-05 0)
(-2.121445e-05 2.115439e-05 0)
(-2.358025e-05 1.990556e-05 0)
(-2.578656e-05 1.854108e-05 0)
(-2.782188e-05 1.70724e-05 0)
(-2.967642e-05 1.551101e-05 0)
(-3.134194e-05 1.386826e-05 0)
(-3.281169e-05 1.21552e-05 0)
(-3.408017e-05 1.038247e-05 0)
(-3.514305e-05 8.560298e-06 0)
(-3.599698e-05 6.698427e-06 0)
(-3.663948e-05 4.806185e-06 0)
(-3.706879e-05 2.89253e-06 0)
(-3.728378e-05 9.661373e-07 0)
(-3.728392e-05 -9.644932e-07 0)
(-3.706919e-05 -2.890923e-06 0)
(-3.664014e-05 -4.804651e-06 0)
(-3.599789e-05 -6.697001e-06 0)
(-3.514418e-05 -8.559014e-06 0)
(-3.40815e-05 -1.038136e-05 0)
(-3.281319e-05 -1.215429e-05 0)
(-3.134359e-05 -1.386758e-05 0)
(-2.967816e-05 -1.551057e-05 0)
(-2.782368e-05 -1.707221e-05 0)
(-2.578838e-05 -1.854116e-05 0)
(-2.358204e-05 -1.990591e-05 0)
(-2.121616e-05 -2.1155e-05 0)
(-1.870398e-05 -2.227725e-05 0)
(-1.606048e-05 -2.326199e-05 0)
(-1.33024e-05 -2.409936e-05 0)
(-1.044805e-05 -2.478059e-05 0)
(-7.51721e-06 -2.529829e-05 0)
(-4.530776e-06 -2.564664e-05 0)
(-1.513166e-06 -2.578002e-05 0)
(-1.606147e-06 2.889655e-05 0)
(-4.80878e-06 2.874461e-05 0)
(-7.977127e-06 2.834946e-05 0)
(-1.108457e-05 2.776256e-05 0)
(-1.410835e-05 2.699087e-05 0)
(-1.702711e-05 2.604327e-05 0)
(-1.982122e-05 2.493019e-05 0)
(-2.247295e-05 2.366332e-05 0)
(-2.496661e-05 2.225523e-05 0)
(-2.728859e-05 2.071901e-05 0)
(-2.942727e-05 1.906796e-05 0)
(-3.137296e-05 1.731531e-05 0)
(-3.311772e-05 1.5474e-05 0)
(-3.46552e-05 1.355652e-05 0)
(-3.59804e-05 1.157475e-05 0)
(-3.708953e-05 9.539986e-06 0)
(-3.797975e-05 7.462879e-06 0)
(-3.864903e-05 5.353508e-06 0)
(-3.909597e-05 3.221462e-06 0)
(-3.931972e-05 1.075957e-06 0)
(-3.931988e-05 -1.074023e-06 0)
(-3.909643e-05 -3.21957e-06 0)
(-3.864979e-05 -5.351702e-06 0)
(-3.798079e-05 -7.461199e-06 0)
(-3.709083e-05 -9.53847e-06 0)
(-3.598194e-05 -1.157344e-05 0)
(-3.465693e-05 -1.355543e-05 0)
(-3.311962e-05 -1.547318e-05 0)
(-3.137498e-05 -1.731478e-05 0)
(-2.942936e-05 -1.906773e-05 0)
(-2.72907e-05 -2.07191e-05 0)
(-2.496869e-05 -2.225563e-05 0)
(-2.247494e-05 -2.366404e-05 0)
(-1.982308e-05 -2.49312e-05 0)
(-1.702879e-05 -2.604456e-05 0)
(-1.410979e-05 -2.699241e-05 0)
(-1.108573e-05 -2.77643e-05 0)
(-7.977984e-06 -2.835137e-05 0)
(-4.809305e-06 -2.874663e-05 0)
(-1.606324e-06 -2.889862e-05 0)
(-1.711649e-06 3.221333e-05 0)
(-5.124135e-06 3.204068e-05 0)
(-8.498557e-06 3.159386e-05 0)
(-1.180565e-05 3.093067e-05 0)
(-1.502045e-05 3.005953e-05 0)
(-1.811973e-05 2.899106e-05 0)
(-2.108232e-05 2.773775e-05 0)
(-2.38894e-05 2.631348e-05 0)
(-2.652456e-05 2.473305e-05 0)
(-2.897383e-05 2.30118e-05 0)
(-3.122558e-05 2.116515e-05 0)
(-3.327037e-05 1.920831e-05 0)
(-3.510074e-05 1.715597e-05 0)
(-3.671094e-05 1.502216e-05 0)
(-3.80967e-05 1.282007e-05 0)
(-3.925492e-05 1.056205e-05 0)
(-4.018346e-05 8.259625e-06 0)
(-4.08809e-05 5.923528e-06 0)
(-4.134634e-05 3.563865e-06 0)
(-4.157927e-05 1.190254e-06 0)
(-4.157944e-05 -1.187988e-06 0)
(-4.134687e-05 -3.561648e-06 0)
(-4.088177e-05 -5.921408e-06 0)
(-4.018466e-05 -8.257651e-06 0)
(-3.925642e-05 -1.056027e-05 0)
(-3.809846e-05 -1.281852e-05 0)
(-3.671294e-05 -1.502088e-05 0)
(-3.510293e-05 -1.7155e-05 0)
(-3.32727e-05 -1.920767e-05 0)
(-3.1228e-05 -2.116487e-05 0)
(-2.897628e-05 -2.301189e-05 0)
(-2.652698e-05 -2.473351e-05 0)
(-2.389173e-05 -2.631431e-05 0)
(-2.108449e-05 -2.773894e-05 0)
(-1.812168e-05 -2.899258e-05 0)
(-1.502214e-05 -3.006134e-05 0)
(-1.180701e-05 -3.093273e-05 0)
(-8.499563e-06 -3.159611e-05 0)
(-5.124751e-06 -3.204307e-05 0)
(-1.711857e-06 -3.221578e-05 0)
(-1.830853e-06 3.575466e-05 0)
(-5.480335e-06 3.555871e-05 0)
(-9.087164e-06 3.505445e-05 0)
(-1.26189e-05 3.430662e-05 0)
(-1.604796e-05 3.332542e-05 0)
(-1.934889e-05 3.212364e-05 0)
(-2.24988e-05 3.071626e-05 0)
(-2.547765e-05 2.911978e-05 0)
(-2.826829e-05 2.735172e-05 0)
(-3.085649e-05 2.543003e-05 0)
(-3.323076e-05 2.337259e-05 0)
(-3.538214e-05 2.119685e-05 0)
(-3.730387e-05 1.891947e-05 0)
(-3.89911e-05 1.655613e-05 0)
(-4.044051e-05 1.412136e-05 0)
(-4.164998e-05 1.162858e-05 0)
(-4.261828e-05 9.090075e-06 0)
(-4.334479e-05 6.517139e-06 0)
(-4.382924e-05 3.920232e-06 0)
(-4.407158e-05 1.309189e-06 0)
(-4.407178e-05 -1.306541e-06 0)
(-4.382985e-05 -3.91764e-06 0)
(-4.334579e-05 -6.514659e-06 0)
(-4.261965e-05 -9.087762e-06 0)
(-4.16517e-05 -1.162649e-05 0)
(-4.044254e-05 -1.411953e-05 0)
(-3.899341e-05 -1.655461e-05 0)
(-3.730641e-05 -1.891832e-05 0)
(-3.538485e-05 -2.119609e-05 0)
(-3.323358e-05 -2.337224e-05 0)
(-3.085935e-05 -2.543011e-05 0)
(-2.827111e-05 -2.735225e-05 0)
(-2.548037e-05 -2.912074e-05 0)
(-2.250135e-05 -3.071764e-05 0)
(-1.935118e-05 -3.212542e-05 0)
(-1.604994e-05 -3.332755e-05 0)
(-1.26205e-05 -3.430905e-05 0)
(-9.08835e-06 -3.505711e-05 0)
(-5.481061e-06 -3.556154e-05 0)
(-1.831098e-06 -3.575756e-05 0)
(-1.965372e-06 3.954951e-05 0)
(-5.882154e-06 3.932709e-05 0)
(-9.750677e-06 3.875838e-05 0)
(-1.353468e-05 3.791581e-05 0)
(-1.720343e-05 3.681177e-05 0)
(-2.072889e-05 3.546177e-05 0)
(-2.408618e-05 3.388383e-05 0)
(-2.725394e-05 3.209768e-05 0)
(-3.021431e-05 3.012407e-05 0)
(-3.295296e-05 2.798405e-05 0)
(-3.545875e-05 2.569841e-05 0)
(-3.772349e-05 2.328712e-05 0)
(-3.974147e-05 2.076903e-05 0)
(-4.150905e-05 1.816158e-05 0)
(-4.302424e-05 1.548073e-05 0)
(-4.42862e-05 1.274088e-05 0)
(-4.52949e-05 9.954999e-06 0)
(-4.605074e-05 7.134752e-06 0)
(-4.655429e-05 4.290754e-06 0)
(-4.680604e-05 1.432817e-06 0)
(-4.680627e-05 -1.429731e-06 0)
(-4.655499e-05 -4.287731e-06 0)
(-4.605189e-05 -7.131858e-06 0)
(-4.529648e-05 -9.952294e-06 0)
(-4.428819e-05 -1.273843e-05 0)
(-4.302659e-05 -1.547859e-05 0)
(-4.151173e-05 -1.81598e-05 0)
(-3.97444e-05 -2.076765e-05 0)
(-3.772663e-05 -2.328619e-05 0)
(-3.546203e-05 -2.569797e-05 0)
(-3.295629e-05 -2.798413e-05 0)
(-3.021762e-05 -3.012466e-05 0)
(-2.725712e-05 -3.209879e-05 0)
(-2.408917e-05 -3.388544e-05 0)
(-2.073159e-05 -3.546386e-05 0)
(-1.720577e-05 -3.681428e-05 0)
(-1.353657e-05 -3.791868e-05 0)
(-9.752079e-06 -3.876153e-05 0)
(-5.883014e-06 -3.933044e-05 0)
(-1.965661e-06 -3.955294e-05 0)
(-2.117173e-06 4.363042e-05 0)
(-6.335403e-06 4.337762e-05 0)
(-1.049848e-05 4.273591e-05 0)
(-1.456551e-05 4.17863e-05 0)
(-1.8502e-05 4.054395e-05 0)
(-2.227683e-05 3.902778e-05 0)
(-2.58629e-05 3.725959e-05 0)
(-2.923741e-05 3.526306e-05 0)
(-3.238191e-05 3.306288e-05 0)
(-3.528215e-05 3.06838e-05 0)
(-3.79277e-05 2.814996e-05 0)
(-4.031152e-05 2.548428e-05 0)
(-4.242941e-05 2.270802e-05 0)
(-4.427939e-05 1.984054e-05 0)
(-4.586121e-05 1.689918e-05 0)
(-4.717571e-05 1.389929e-05 0)
(-4.822441e-05 1.085433e-05 0)
(-4.900903e-05 7.776152e-06 0)
(-4.953118e-05 4.675233e-06 0)
(-4.979206e-05 1.561064e-06 0)
(-4.979233e-05 -1.557476e-06 0)
(-4.953198e-05 -4.671717e-06 0)
(-4.901035e-05 -7.77278e-06 0)
(-4.822623e-05 -1.085118e-05 0)
(-4.717799e-05 -1.389641e-05 0)
(-4.586391e-05 -1.689666e-05 0)
(-4.428248e-05 -1.983843e-05 0)
(-4.243281e-05 -2.270639e-05 0)
(-4.031517e-05 -2.548317e-05 0)
(-3.793151e-05 -2.814942e-05 0)
(-3.528603e-05 -3.068385e-05 0)
(-3.238578e-05 -3.306354e-05 0)
(-2.924115e-05 -3.526434e-05 0)
(-2.586641e-05 -3.726146e-05 0)
(-2.228002e-05 -3.903022e-05 0)
(-1.850476e-05 -4.054689e-05 0)
(-1.456776e-05 -4.178967e-05 0)
(-1.050014e-05 -4.273963e-05 0)
(-6.336424e-06 -4.338157e-05 0)
(-2.117517e-06 -4.363449e-05 0)
(-2.28867e-06 4.803429e-05 0)
(-6.847202e-06 4.774623e-05 0)
(-1.134204e-05 4.702101e-05 0)
(-1.572663e-05 4.59493e-05 0)
(-1.996195e-05 4.454981e-05 0)
(-2.401325e-05 4.284575e-05 0)
(-2.78509e-05 4.086367e-05 0)
(-3.145065e-05 3.863216e-05 0)
(-3.479358e-05 3.618066e-05 0)
(-3.786587e-05 3.353841e-05 0)
(-4.065827e-05 3.073349e-05 0)
(-4.316543e-05 2.779215e-05 0)
(-4.538521e-05 2.473835e-05 0)
(-4.731789e-05 2.159348e-05 0)
(-4.896549e-05 1.837625e-05 0)
(-5.033105e-05 1.510282e-05 0)
(-5.141804e-05 1.178695e-05 0)
(-5.222984e-05 8.44033e-06 0)
(-5.276938e-05 5.072984e-06 0)
(-5.303875e-05 1.69369e-06 0)
(-5.303906e-05 -1.689528e-06 0)
(-5.277029e-05 -5.068902e-06 0)
(-5.223135e-05 -8.436409e-06 0)
(-5.142012e-05 -1.178327e-05 0)
(-5.033367e-05 -1.509947e-05 0)
(-4.896861e-05 -1.83733e-05 0)
(-4.732145e-05 -2.159099e-05 0)
(-4.538914e-05 -2.473641e-05 0)
(-4.316966e-05 -2.779081e-05 0)
(-4.066271e-05 -3.07328e-05 0)
(-3.787041e-05 -3.353842e-05 0)
(-3.479811e-05 -3.61814e-05 0)
(-3.145505e-05 -3.863361e-05 0)
(-2.785505e-05 -4.086584e-05 0)
(-2.401702e-05 -4.28486e-05 0)
(-1.996522e-05 -4.455326e-05 0)
(-1.572931e-05 -4.595328e-05 0)
(-1.134402e-05 -4.70254e-05 0)
(-6.848419e-06 -4.775091e-05 0)
(-2.28908e-06 -4.803911e-05 0)
(-2.482847e-06 5.280339e-05 0)
(-7.42634e-06 5.247395e-05 0)
(-1.229546e-05 5.16522e-05 0)
(-1.703671e-05 5.04398e-05 0)
(-2.160554e-05 4.886005e-05 0)
(-2.596297e-05 4.694168e-05 0)
(-3.007649e-05 4.471719e-05 0)
(-3.392041e-05 4.222131e-05 0)
(-3.747565e-05 3.948934e-05 0)
(-4.072932e-05 3.655586e-05 0)
(-4.367396e-05 3.34536e-05 0)
(-4.630666e-05 3.021264e-05 0)
(-4.862808e-05 2.685991e-05 0)
(-5.064149e-05 2.341889e-05 0)
(-5.235186e-05 1.990964e-05 0)
(-5.376502e-05 1.634888e-05 0)
(-5.48869e-05 1.275037e-05 0)
(-5.5723e-05 9.125274e-06 0)
(-5.627782e-05 5.482705e-06 0)
(-5.655457e-05 1.830249e-06 0)
(-5.655492e-05 -1.825431e-06 0)
(-5.627886e-05 -5.477977e-06 0)
(-5.572472e-05 -9.120725e-06 0)
(-5.488928e-05 -1.274609e-05 0)
(-5.376802e-05 -1.634496e-05 0)
(-5.235544e-05 -1.990617e-05 0)
(-5.064559e-05 -2.341596e-05 0)
(-4.863262e-05 -2.685759e-05 0)
(-4.631157e-05 -3.021101e-05 0)
(-4.367913e-05 -3.345273e-05 0)
(-4.073463e-05 -3.655581e-05 0)
(-3.748097e-05 -3.949014e-05 0)
(-3.392559e-05 -4.222297e-05 0)
(-3.008139e-05 -4.47197e-05 0)
(-2.596744e-05 -4.694499e-05 0)
(-2.160944e-05 -4.886411e-05 0)
(-1.70399e-05 -5.044449e-05 0)
(-1.229782e-05 -5.165739e-05 0)
(-7.427795e-06 -5.24795e-05 0)
(-2.483338e-06 -5.280911e-05 0)
(-2.703428e-06 5.798666e-05 0)
(-8.083763e-06 5.760809e-05 0)
(-1.337624e-05 5.667351e-05 0)
(-1.851878e-05 5.529729e-05 0)
(-2.346007e-05 5.350874e-05 0)
(-2.815611e-05 5.134364e-05 0)
(-3.257127e-05 4.884217e-05 0)
(-3.66785e-05 4.604669e-05 0)
(-4.045903e-05 4.299972e-05 0)
(-4.390162e-05 3.97423e-05 0)
(-4.700149e-05 3.631261e-05 0)
(-4.975912e-05 3.27451e-05 0)
(-5.217895e-05 2.906991e-05 0)
(-5.426816e-05 2.531269e-05 0)
(-5.603551e-05 2.149463e-05 0)
(-5.749032e-05 1.763277e-05 0)
(-5.864164e-05 1.374042e-05 0)
(-5.949751e-05 9.827732e-06 0)
(-6.00644e-05 5.902337e-06 0)
(-6.034688e-05 1.970037e-06 0)
(-6.034728e-05 -1.964473e-06 0)
(-6.006559e-05 -5.896872e-06 0)
(-5.949946e-05 -9.822465e-06 0)
(-5.864435e-05 -1.373545e-05 0)
(-5.749375e-05 -1.76282e-05 0)
(-5.603961e-05 -2.149056e-05 0)
(-5.427287e-05 -2.530922e-05 0)
(-5.21842e-05 -2.906714e-05 0)
(-4.97648e-05 -3.274312e-05 0)
(-4.70075e-05 -3.631151e-05 0)
(-4.390782e-05 -3.974215e-05 0)
(-4.046527e-05 -4.300057e-05 0)
(-3.668461e-05 -4.604855e-05 0)
(-3.257708e-05 -4.884505e-05 0)
(-2.816143e-05 -5.13475e-05 0)
(-2.346472e-05 -5.351349e-05 0)
(-1.852259e-05 -5.530282e-05 0)
(-1.337908e-05 -5.667966e-05 0)
(-8.085512e-06 -5.761468e-05 0)
(-2.704019e-06 -5.799346e-05 0)
(-2.955106e-06 6.364138e-05 0)
(-8.833235e-06 6.320378e-05 0)
(-1.460631e-05 6.213578e-05 0)
(-2.020148e-05 6.05667e-05 0)
(-2.55592e-05 5.853373e-05 0)
(-3.062953e-05 5.608193e-05 0)
(-3.537344e-05 5.326127e-05 0)
(-3.976286e-05 5.012376e-05 0)
(-4.378004e-05 4.672083e-05 0)
(-4.741644e-05 4.310129e-05 0)
(-5.067117e-05 3.930972e-05 0)
(-5.354936e-05 3.538547e-05 0)
(-5.606049e-05 3.136215e-05 0)
(-5.821677e-05 2.726748e-05 0)
(-6.003178e-05 2.312355e-05 0)
(-6.151923e-05 1.894724e-05 0)
(-6.269194e-05 1.475087e-05 0)
(-6.356108e-05 1.054293e-05 0)
(-6.413551e-05 6.328888e-06 0)
(-6.442138e-05 2.11204e-06 0)
(-6.442183e-05 -2.105633e-06 0)
(-6.413685e-05 -6.322588e-06 0)
(-6.35633e-05 -1.053684e-05 0)
(-6.269502e-05 -1.474511e-05 0)
(-6.152313e-05 -1.894191e-05 0)
(-6.003646e-05 -2.311878e-05 0)
(-5.822217e-05 -2.726338e-05 0)
(-5.606652e-05 -3.135884e-05 0)
(-5.355593e-05 -3.538307e-05 0)
(-5.067815e-05 -3.930832e-05 0)
(-4.742368e-05 -4.310099e-05 0)
(-4.378737e-05 -4.67217e-05 0)
(-3.977008e-05 -5.012583e-05 0)
(-3.538034e-05 -5.326457e-05 0)
(-3.063587e-05 -5.608641e-05 0)
(-2.556477e-05 -5.85393e-05 0)
(-2.020607e-05 -6.057322e-05 0)
(-1.460973e-05 -6.214307e-05 0)
(-8.835348e-06 -6.321161e-05 0)
(-2.955821e-06 -6.364948e-05 0)
(-3.243859e-06 6.983541e-05 0)
(-9.692249e-06 6.932596e-05 0)
(-1.601338e-05 6.809825e-05 0)
(-2.212082e-05 6.629945e-05 0)
(-2.794483e-05 6.397732e-05 0)
(-3.342857e-05 6.118909e-05 0)
(-3.852945e-05 5.799743e-05 0)
(-4.321894e-05 5.446655e-05 0)
(-4.748149e-05 5.065892e-05 0)
(-5.131273e-05 4.663269e-05 0)
(-5.471731e-05 4.243985e-05 0)
(-5.770669e-05 3.812521e-05 0)
(-6.029695e-05 3.372595e-05 0)
(-6.250676e-05 2.927169e-05 0)
(-6.435575e-05 2.478494e-05 0)
(-6.5863e-05 2.028182e-05 0)
(-6.704595e-05 1.577292e-05 0)
(-6.791948e-05 1.126426e-05 0)
(-6.849529e-05 6.758268e-06 0)
(-6.878141e-05 2.254877e-06 0)
(-6.878191e-05 -2.247519e-06 0)
(-6.84968e-05 -6.751024e-06 0)
(-6.792198e-05 -1.125724e-05 0)
(-6.704943e-05 -1.576626e-05 0)
(-6.586742e-05 -2.027563e-05 0)
(-6.436108e-05 -2.477935e-05 0)
(-6.251293e-05 -2.926684e-05 0)
(-6.030388e-05 -3.372198e-05 0)
(-5.771429e-05 -3.812226e-05 0)
(-5.472542e-05 -4.243805e-05 0)
(-5.132119e-05 -4.663217e-05 0)
(-4.749011e-05 -5.065977e-05 0)
(-4.322748e-05 -5.446884e-05 0)
(-3.853765e-05 -5.800118e-05 0)
(-3.343616e-05 -6.119427e-05 0)
(-2.795153e-05 -6.398384e-05 0)
(-2.212636e-05 -6.630715e-05 0)
(-1.601752e-05 -6.810691e-05 0)
(-9.694816e-06 -6.93353e-05 0)
(-3.244728e-06 -6.984509e-05 0)
(-3.577398e-06 7.665018e-05 0)
(-1.06833e-05 7.605209e-05 0)
(-1.763289e-05 7.463065e-05 0)
(-2.432242e-05 7.255484e-05 0)
(-3.066955e-05 6.988674e-05 0)
(-3.660942e-05 6.669978e-05 0)
(-4.209599e-05 6.307313e-05 0)
(-4.710136e-05 5.908656e-05 0)
(-5.16139e-05 5.481614e-05 0)
(-5.563551e-05 5.033118e-05 0)
(-5.917865e-05 4.569218e-05 0)
(-6.226326e-05 4.094988e-05 0)
(-6.491401e-05 3.614497e-05 0)
(-6.715778e-05 3.130852e-05 0)
(-6.902164e-05 2.646281e-05 0)
(-7.053124e-05 2.16223e-05 0)
(-7.170951e-05 1.679485e-05 0)
(-7.257574e-05 1.198298e-05 0)
(-7.314489e-05 7.185099e-06 0)
(-7.342717e-05 2.396733e-06 0)
(-7.342773e-05 -2.388312e-06 0)
(-7.314657e-05 -7.176797e-06 0)
(-7.257854e-05 -1.197492e-05 0)
(-7.171341e-05 -1.678715e-05 0)
(-7.053622e-05 -2.161511e-05 0)
(-6.902767e-05 -2.645627e-05 0)
(-6.716479e-05 -3.130279e-05 0)
(-6.492194e-05 -3.614021e-05 0)
(-6.2272e-05 -4.094626e-05 0)
(-5.918805e-05 -4.568988e-05 0)
(-5.56454e-05 -5.033033e-05 0)
(-5.162404e-05 -5.48169e-05 0)
(-4.711148e-05 -5.908903e-05 0)
(-4.210578e-05 -6.307737e-05 0)
(-3.661854e-05 -6.670576e-05 0)
(-3.067764e-05 -6.989437e-05 0)
(-2.432915e-05 -7.256395e-05 0)
(-1.763794e-05 -7.464097e-05 0)
(-1.068644e-05 -7.606326e-05 0)
(-3.578461e-06 -7.666178e-05 0)
(-3.965804e-06 8.418466e-05 0)
(-1.183569e-05 8.347561e-05 0)
(-1.951069e-05 8.181588e-05 0)
(-2.686474e-05 7.940169e-05 0)
(-3.379989e-05 7.631478e-05 0)
(-4.024217e-05 7.265039e-05 0)
(-4.614266e-05 6.850933e-05 0)
(-5.147593e-05 6.399112e-05 0)
(-5.623688e-05 5.91886e-05 0)
(-6.043668e-05 5.418431e-05 0)
(-6.40986e-05 4.904831e-05 0)
(-6.725391e-05 4.38375e-05 0)
(-6.993831e-05 3.859574e-05 0)
(-7.218892e-05 3.335484e-05 0)
(-7.404198e-05 2.813571e-05 0)
(-7.553096e-05 2.294992e-05 0)
(-7.668527e-05 1.780138e-05 0)
(-7.752923e-05 1.268784e-05 0)
(-7.808154e-05 7.602498e-06 0)
(-7.835482e-05 2.535295e-06 0)
(-7.835544e-05 -2.525691e-06 0)
(-7.80834e-05 -7.593014e-06 0)
(-7.753234e-05 -1.267861e-05 0)
(-7.668962e-05 -1.779252e-05 0)
(-7.553654e-05 -2.294159e-05 0)
(-7.404876e-05 -2.812806e-05 0)
(-7.219687e-05 -3.334806e-05 0)
(-6.994735e-05 -3.859002e-05 0)
(-6.726395e-05 -4.383304e-05 0)
(-6.410949e-05 -4.904533e-05 0)
(-6.044822e-05 -5.418301e-05 0)
(-5.624881e-05 -5.918918e-05 0)
(-5.148794e-05 -6.399372e-05 0)
(-4.615438e-05 -6.851406e-05 0)
(-4.025317e-05 -7.265726e-05 0)
(-3.380973e-05 -7.632371e-05 0)
(-2.687296e-05 -7.941247e-05 0)
(-1.95169e-05 -8.18282e-05 0)
(-1.183956e-05 -8.348903e-05 0)
(-3.967117e-06 -8.419863e-05 0)
(-4.422461e-06 9.256093e-05 0)
(-1.318817e-05 9.171083e-05 0)
(-2.170689e-05 8.97535e-05 0)
(-2.982352e-05 8.692022e-05 0)
(-3.742085e-05 8.332018e-05 0)
(-4.441487e-05 7.907818e-05 0)
(-5.075526e-05 7.432356e-05 0)
(-5.642209e-05 6.918098e-05 0)
(-6.142071e-05 6.376379e-05 0)
(-6.57758e-05 5.816989e-05 0)
(-6.952546e-05 5.247979e-05 0)
(-7.271583e-05 4.675644e-05 0)
(-7.539666e-05 4.10461e-05 0)
(-7.761781e-05 3.537985e-05 0)
(-7.942656e-05 2.977566e-05 0)
(-8.086557e-05 2.424064e-05 0)
(-8.197159e-05 1.877313e-05 0)
(-8.277462e-05 1.33647e-05 0)
(-8.329744e-05 8.00185e-06 0)
(-8.355536e-05 2.667674e-06 0)
(-8.355604e-05 -2.656766e-06 0)
(-8.329949e-05 -7.991061e-06 0)
(-8.277804e-05 -1.335415e-05 0)
(-8.19764e-05 -1.876297e-05 0)
(-8.087177e-05 -2.4231e-05 0)
(-7.943414e-05 -2.976673e-05 0)
(-7.762675e-05 -3.537183e-05 0)
(-7.540692e-05 -4.103921e-05 0)
(-7.272731e-05 -4.675093e-05 0)
(-6.953802e-05 -5.247593e-05 0)
(-6.578925e-05 -5.816795e-05 0)
(-6.143475e-05 -6.376403e-05 0)
(-5.643636e-05 -6.918363e-05 0)
(-5.076931e-05 -7.432877e-05 0)
(-4.442819e-05 -7.908603e-05 0)
(-3.743286e-05 -8.33306e-05 0)
(-2.983364e-05 -8.6933e-05 0)
(-2.171457e-05 -8.976825e-05 0)
(-1.319298e-05 -9.1727e-05 0)
(-4.424097e-06 -9.257783e-05 0)
(-4.96545e-06 0.000101932 0)
(-1.479275e-05 0.0001008994 0)
(-2.430138e-05 9.856427e-05 0)
(-3.329806e-05 9.520433e-05 0)
(-4.164193e-05 9.096765e-05 0)
(-4.923879e-05 8.60196e-05 0)
(-5.603986e-05 8.052717e-05 0)
(-6.203571e-05 7.46469e-05 0)
(-6.724797e-05 6.851691e-05 0)
(-7.172068e-05 6.225254e-05 0)
(-7.551205e-05 5.594521e-05 0)
(-7.86876e-05 4.966315e-05 0)
(-8.13149e-05 4.345314e-05 0)
(-8.345936e-05 3.734346e-05 0)
(-8.518119e-05 3.134698e-05 0)
(-8.653349e-05 2.546425e-05 0)
(-8.756121e-05 1.968612e-05 0)
(-8.830052e-05 1.399616e-05 0)
(-8.877856e-05 8.372654e-06 0)
(-8.901343e-05 2.790354e-06 0)
(-8.901417e-05 -2.778025e-06 0)
(-8.878079e-05 -8.360435e-06 0)
(-8.830425e-05 -1.398417e-05 0)
(-8.756647e-05 -1.967449e-05 0)
(-8.654031e-05 -2.545314e-05 0)
(-8.518958e-05 -3.133657e-05 0)
(-8.346935e-05 -3.733397e-05 0)
(-8.132646e-05 -4.344484e-05 0)
(-7.870067e-05 -4.965632e-05 0)
(-7.552651e-05 -5.59402e-05 0)
(-7.173632e-05 -6.224969e-05 0)
(-6.726449e-05 -6.851658e-05 0)
(-6.205269e-05 -7.464942e-05 0)
(-5.605678e-05 -8.053279e-05 0)
(-4.925499e-05 -8.602849e-05 0)
(-4.165669e-05 -9.097978e-05 0)
(-3.331061e-05 -9.521948e-05 0)
(-2.431099e-05 -9.858199e-05 0)
(-1.479879e-05 -0.000100919 0)
(-4.967511e-06 -0.0001019525 0)
(-5.619687e-06 0.0001124927 0)
(-1.672063e-05 0.0001112195 0)
(-2.740206e-05 0.000108396 0)
(-3.742013e-05 0.0001043639 0)
(-4.660557e-05 9.932717e-05 0)
(-5.485536e-05 9.35072e-05 0)
(-6.212796e-05 8.712077e-05 0)
(-6.843235e-05 8.036455e-05 0)
(-7.381508e-05 7.340589e-05 0)
(-7.83475e-05 6.637931e-05 0)
(-8.211485e-05 5.938668e-05 0)
(-8.52079e-05 5.249909e-05 0)
(-8.771635e-05 4.576095e-05 0)
(-8.972397e-05 3.919471e-05 0)
(-9.130577e-05 3.280524e-05 0)
(-9.252644e-05 2.658376e-05 0)
(-9.343968e-05 2.051131e-05 0)
(-9.408809e-05 1.456141e-05 0)
(-9.450325e-05 8.70239e-06 0)
(-9.470604e-05 2.899159e-06 0)
(-9.470683e-05 -2.885299e-06 0)
(-9.450563e-05 -8.688623e-06 0)
(-9.40921e-05 -1.454784e-05 0)
(-9.344537e-05 -2.049806e-05 0)
(-9.253385e-05 -2.657099e-05 0)
(-9.131497e-05 -3.279312e-05 0)
(-8.973502e-05 -3.91835e-05 0)
(-8.772927e-05 -4.575094e-05 0)
(-8.522267e-05 -5.249061e-05 0)
(-8.213139e-05 -5.938016e-05 0)
(-7.836563e-05 -6.63752e-05 0)
(-7.383449e-05 -7.340467e-05 0)
(-6.845258e-05 -8.036668e-05 0)
(-6.214838e-05 -8.712667e-05 0)
(-5.487518e-05 -9.351713e-05 0)
(-4.662385e-05 -9.934123e-05 0)
(-3.743585e-05 -0.0001043819 0)
(-2.74142e-05 -0.0001084174 0)
(-1.672831e-05 -0.0001112434 0)
(-5.622318e-06 -0.0001125179 0)
(-6.420338e-06 0.0001244964 0)
(-1.907125e-05 0.0001228987 0)
(-3.11571e-05 0.0001194313 0)
(-4.236691e-05 0.0001145271 0)
(-5.249865e-05 0.0001084717 0)
(-6.144519e-05 0.0001015643 0)
(-6.918251e-05 9.408745e-05 0)
(-7.575059e-05 8.628726e-05 0)
(-8.123321e-05 7.836477e-05 0)
(-8.57399e-05 7.047434e-05 0)
(-8.939228e-05 6.272525e-05 0)
(-9.231333e-05 5.518734e-05 0)
(-9.461927e-05 4.789827e-05 0)
(-9.641508e-05 4.087029e-05 0)
(-9.779214e-05 3.409628e-05 0)
(-9.882742e-05 2.755484e-05 0)
(-9.958357e-05 2.121434e-05 0)
(-0.0001001094 1.503604e-05 0)
(-0.0001004408 8.976488e-06 0)
(-0.0001006011 2.98924e-06 0)
(-0.000100602 -2.973755e-06 0)
(-0.0001004433 -8.96107e-06 0)
(-0.0001001137 -1.502077e-05 0)
(-9.958962e-05 -2.119932e-05 0)
(-9.883537e-05 -2.754021e-05 0)
(-9.78021e-05 -3.408223e-05 0)
(-9.642716e-05 -4.085706e-05 0)
(-9.463357e-05 -4.788619e-05 0)
(-9.232989e-05 -5.517681e-05 0)
(-8.941109e-05 -6.271677e-05 0)
(-8.576083e-05 -7.04685e-05 0)
(-8.125597e-05 -7.836219e-05 0)
(-7.577469e-05 -8.62886e-05 0)
(-6.920724e-05 -9.409333e-05 0)
(-6.146956e-05 -0.0001015753 0)
(-5.252146e-05 -0.0001084879 0)
(-4.238678e-05 -0.0001145484 0)
(-3.117263e-05 -0.0001194572 0)
(-1.908116e-05 -0.0001229281 0)
(-6.423749e-06 -0.0001245276 0)
(-7.418461e-06 0.0001382792 0)
(-2.19869e-05 0.000136232 0)
(-3.577378e-05 0.0001318969 0)
(-4.837976e-05 0.0001258415 0)
(-5.956834e-05 0.000118472 0)
(-6.92396e-05 0.0001101962 0)
(-7.740504e-05 0.0001013821 0)
(-8.415502e-05 9.23357e-05 0)
(-8.962799e-05 8.329527e-05 0)
(-9.398702e-05 7.443168e-05 0)
(-9.740185e-05 6.585561e-05 0)
(-0.0001000349 5.762907e-05 0)
(-0.0001020334 4.977625e-05 0)
(-0.000103526 4.229318e-05 0)
(-0.0001046212 3.515568e-05 0)
(-0.0001054084 2.832562e-05 0)
(-0.0001059585 2.17556e-05 0)
(-0.0001063259 1.539221e-05 0)
(-0.00010655 9.178432e-06 0)
(-0.0001066563 3.055119e-06 0)
(-0.0001066571 -3.03794e-06 0)
(-0.0001065527 -9.161284e-06 0)
(-0.0001063303 -1.537514e-05 0)
(-0.0001059648 -2.173867e-05 0)
(-0.0001054168 -2.830895e-05 0)
(-0.0001046318 -3.513943e-05 0)
(-0.000103539 -4.227761e-05 0)
(-0.000102049 -4.976171e-05 0)
(-0.0001000533 -5.761601e-05 0)
(-9.742307e-05 -6.584461e-05 0)
(-9.401104e-05 -7.442346e-05 0)
(-8.965459e-05 -8.329067e-05 0)
(-8.418372e-05 -9.233563e-05 0)
(-7.743504e-05 -0.0001013875 0)
(-6.926973e-05 -0.0001102079 0)
(-5.959704e-05 -0.0001184904 0)
(-4.840519e-05 -0.0001258667 0)
(-3.579393e-05 -0.0001319285 0)
(-2.199991e-05 -0.0001362684 0)
(-7.422966e-06 -0.0001383182 0)
(-8.690841e-06 0.0001542986 0)
(-2.567697e-05 0.0001516082 0)
(-4.154781e-05 0.0001460753 0)
(-5.579186e-05 0.0001384724 0)
(-6.814386e-05 0.0001293862 0)
(-7.853506e-05 0.0001193749 0)
(-8.704306e-05 0.0001089154 0)
(-9.383744e-05 9.83843e-05 0)
(-9.913723e-05 8.805524e-05 0)
(-0.0001031796 7.810666e-05 0)
(-0.0001061949 6.864042e-05 0)
(-0.0001083927 5.970002e-05 0)
(-0.0001099552 5.128658e-05 0)
(-0.0001110357 4.337194e-05 0)
(-0.0001117597 3.59086e-05 0)
(-0.0001122275 2.883703e-05 0)
(-0.000112517 2.209064e-05 0)
(-0.0001126866 1.559904e-05 0)
(-0.0001127779 9.29005e-06 0)
(-0.0001128175 3.090785e-06 0)
(-0.0001128184 -3.071884e-06 0)
(-0.0001127805 -9.271128e-06 0)
(-0.0001126911 -1.558009e-05 0)
(-0.0001125234 -2.207168e-05 0)
(-0.0001122361 -2.881815e-05 0)
(-0.0001117708 -3.588992e-05 0)
(-0.0001110494 -4.335369e-05 0)
(-0.000109972 -5.126911e-05 0)
(-0.0001084128 -5.968382e-05 0)
(-0.0001062185 -6.862618e-05 0)
(-0.0001032069 -7.809524e-05 0)
(-9.916814e-05 -8.804772e-05 0)
(-9.387154e-05 -9.838192e-05 0)
(-8.707951e-05 -0.0001089195 0)
(-7.857249e-05 -0.0001193868 0)
(-6.81803e-05 -0.0001294069 0)
(-5.582481e-05 -0.0001385022 0)
(-4.157441e-05 -0.0001461139 0)
(-2.56944e-05 -0.0001516537 0)
(-8.696934e-06 -0.000154348 0)
(-1.035813e-05 0.000173196 0)
(-3.045957e-05 0.0001695462 0)
(-4.890973e-05 0.0001623168 0)
(-6.506885e-05 0.0001525953 0)
(-7.866582e-05 0.00014124 0)
(-8.971043e-05 0.0001290142 0)
(-9.839563e-05 0.0001165308 0)
(-0.0001050152 0.0001042421 0)
(-0.0001099056 9.24441e-05 0)
(-0.0001134018 8.130637e-05 0)
(-0.0001158085 7.090446e-05 0)
(-0.0001173887 6.124747e-05 0)
(-0.0001183615 5.230042e-05 0)
(-0.0001189039 4.400089e-05 0)
(-0.0001191561 3.627072e-05 0)
(-0.0001192263 2.902386e-05 0)
(-0.0001191965 2.217123e-05 0)
(-0.0001191265 1.562346e-05 0)
(-0.0001190583 9.29208e-06 0)
(-0.0001190182 3.089902e-06 0)
(-0.0001190191 -3.069299e-06 0)
(-0.0001190609 -9.271391e-06 0)
(-0.0001191309 -1.560261e-05 0)
(-0.0001192029 -2.215018e-05 0)
(-0.000119235 -2.900262e-05 0)
(-0.0001191674 -3.624936e-05 0)
(-0.0001189182 -4.397961e-05 0)
(-0.0001183792 -5.227953e-05 0)
(-0.0001174103 -6.122748e-05 0)
(-0.0001158345 -7.08861e-05 0)
(-0.0001134326 -8.129068e-05 0)
(-0.0001099413 -9.243241e-05 0)
(-0.0001050555 -0.0001042361 0)
(-9.84399e-05 -0.0001165323 0)
(-8.975712e-05 -0.0001290254 0)
(-7.87125e-05 -0.0001412625 0)
(-6.511214e-05 -0.0001526302 0)
(-4.89455e-05 -0.000162364 0)
(-3.048351e-05 -0.0001696037 0)
(-1.036661e-05 -0.0001732596 0)
(-1.26204e-05 0.000195902 0)
(-3.683607e-05 0.0001907454 0)
(-5.849886e-05 0.0001810487 0)
(-7.686864e-05 0.0001683738 0)
(-9.172489e-05 0.0001539891 0)
(-0.0001032443 0.0001389298 0)
(-0.0001118152 0.0001239719 0)
(-0.0001179241 0.000109627 0)
(-0.000122073 9.618583e-05 0)
(-0.0001247192 8.377943e-05 0)
(-0.0001262538 7.242958e-05 0)
(-0.0001269967 6.208876e-05 0)
(-0.0001272017 5.266906e-05 0)
(-0.0001270654 4.406183e-05 0)
(-0.0001267367 3.615027e-05 0)
(-0.000126327 2.88169e-05 0)
(-0.0001259174 2.194733e-05 0)
(-0.0001255657 1.543174e-05 0)
(-0.0001253115 9.165069e-06 0)
(-0.0001251789 3.046096e-06 0)
(-0.0001251797 -3.023875e-06 0)
(-0.0001253138 -9.142683e-06 0)
(-0.0001255699 -1.540904e-05 0)
(-0.0001259234 -2.192418e-05 0)
(-0.0001263353 -2.879323e-05 0)
(-0.0001267477 -3.612607e-05 0)
(-0.0001270796 -4.403719e-05 0)
(-0.0001272198 -5.264424e-05 0)
(-0.0001270194 -6.206423e-05 0)
(-0.0001262818 -7.24061e-05 0)
(-0.0001247532 -8.375814e-05 0)
(-0.0001221136 -9.616834e-05 0)
(-0.0001179715 -0.0001096154 0)
(-0.0001118688 -0.0001239689 0)
(-0.0001033026 -0.0001389384 0)
(-9.178517e-05 -0.0001540124 0)
(-7.692633e-05 -0.0001684141 0)
(-5.854799e-05 -0.0001811068 0)
(-3.686993e-05 -0.000190819 0)
(-1.263267e-05 -0.0001959856 0)
(-1.583106e-05 0.0002238243 0)
(-4.562936e-05 0.0002161492 0)
(-7.128153e-05 0.0002027729 0)
(-9.21285e-05 0.0001859102 0)
(-0.0001081098 0.0001674511 0)
(-0.0001197276 0.0001487815 0)
(-0.0001276984 0.0001308354 0)
(-0.0001328013 0.000114134 0)
(-0.0001357532 9.891026e-05 0)
(-0.0001371581 8.520684e-05 0)
(-0.0001374992 7.295209e-05 0)
(-0.0001371492 6.201253e-05 0)
(-0.0001363884 5.222711e-05 0)
(-0.0001354227 4.342801e-05 0)
(-0.000134401 3.545224e-05 0)
(-0.0001334293 2.814665e-05 0)
(-0.0001325816 2.136979e-05 0)
(-0.0001319088 1.499134e-05 0)
(-0.0001314439 8.890462e-06 0)
(-0.0001312072 2.953317e-06 0)
(-0.0001312078 -2.929643e-06 0)
(-0.000131446 -8.86653e-06 0)
(-0.0001319124 -1.49669e-05 0)
(-0.0001325871 -2.134462e-05 0)
(-0.0001334369 -2.812055e-05 0)
(-0.0001344113 -3.542508e-05 0)
(-0.0001354363 -4.339976e-05 0)
(-0.0001364062 -5.219789e-05 0)
(-0.0001371722 -6.198269e-05 0)
(-0.0001375284 -7.292234e-05 0)
(-0.0001371948 -8.517834e-05 0)
(-0.0001357986 -9.888483e-05 0)
(-0.0001328561 -0.0001141143 0)
(-0.0001277629 -0.0001308249 0)
(-0.0001198006 -0.0001487847 0)
(-0.0001081882 -0.0001674729 0)
(-9.22065e-05 -0.0001859553 0)
(-7.135053e-05 -0.0002028439 0)
(-4.567895e-05 -0.0002162444 0)
(-1.584967e-05 -0.000223937 0)
(-2.065673e-05 0.0002592004 0)
(-5.824898e-05 0.0002470094 0)
(-8.873813e-05 0.0002280256 0)
(-0.0001121904 0.0002051366 0)
(-0.0001288535 0.0001811939 0)
(-0.00013986 0.000157984 0)
(-0.0001464627 0.0001365083 0)
(-0.0001498493 0.0001171988 0)
(-0.0001510002 0.0001001352 0)
(-0.0001506774 8.519698e-05 0)
(-0.0001494481 7.216517e-05 0)
(-0.0001477217 6.078471e-05 0)
(-0.0001457863 5.079986e-05 0)
(-0.0001438402 4.197163e-05 0)
(-0.0001420181 3.408457e-05 0)
(-0.0001404094 2.694799e-05 0)
(-0.0001390727 2.039388e-05 0)
(-0.0001380451 1.42733e-05 0)
(-0.0001373495 8.452042e-06 0)
(-0.000136999 2.806321e-06 0)
(-0.0001369995 -2.78145e-06 0)
(-0.0001373511 -8.426812e-06 0)
(-0.0001380479 -1.424736e-05 0)
(-0.0001390771 -2.036688e-05 0)
(-0.0001404158 -2.691959e-05 0)
(-0.000142027 -3.405449e-05 0)
(-0.0001438524 -4.193964e-05 0)
(-0.0001458028 -5.076588e-05 0)
(-0.0001477438 -6.074887e-05 0)
(-0.0001494774 -7.212797e-05 0)
(-0.0001507157 -8.515946e-05 0)
(-0.0001510495 -0.0001000992 0)
(-0.0001499115 -0.0001171674 0)
(-0.0001465392 -0.000136486 0)
(-0.0001399507 -0.0001579769 0)
(-0.0001289557 -0.0001812098 0)
(-0.0001122973 -0.0002051841 0)
(-8.88373e-05 -0.0002281115 0)
(-5.83247e-05 -0.0002471335 0)
(-2.068676e-05 -0.0002593573 0)
(-2.844017e-05 0.0003056579 0)
(-7.722257e-05 0.0002848948 0)
(-0.0001131545 0.0002572436 0)
(-0.0001389603 0.0002255844 0)
(-0.0001552625 0.0001943613 0)
(-0.0001644132 0.0001655749 0)
(-0.0001684836 0.0001400918 0)
(-0.0001691744 0.0001180605 0)
(-0.0001677551 9.925598e-05 0)
(-0.0001651281 8.328993e-05 0)
(-0.0001619114 6.972998e-05 0)
(-0.0001585145 5.816241e-05 0)
(-0.0001552015 4.821677e-05 0)
(-0.000152138 3.957441e-05 0)
(-0.0001494247 3.196621e-05 0)
(-0.00014712 2.516628e-05 0)
(-0.0001452563 1.898385e-05 0)
(-0.0001438506 1.325544e-05 0)
(-0.0001429109 7.837761e-06 0)
(-0.0001424406 2.601266e-06 0)
(-0.000142441 -2.575555e-06 0)
(-0.0001429119 -7.811586e-06 0)
(-0.0001438525 -1.322834e-05 0)
(-0.0001452593 -1.895533e-05 0)
(-0.0001471245 -2.513586e-05 0)
(-0.0001494314 -3.193342e-05 0)
(-0.0001521477 -3.953877e-05 0)
(-0.0001552154 -4.817789e-05 0)
(-0.0001585343 -5.812007e-05 0)
(-0.000161939 -6.968426e-05 0)
(-0.0001651661 -8.32415e-05 0)
(-0.0001678065 -9.920644e-05 0)
(-0.0001692428 -0.0001180129 0)
(-0.0001685723 -0.0001400514 0)
(-0.0001645245 -0.0001655499 0)
(-0.0001553955 -0.0001943633 0)
(-0.0001391082 -0.0002256281 0)
(-0.0001133002 -0.0002573443 0)
(-7.734351e-05 -0.000285057 0)
(-2.849203e-05 -0.0003058875 0)
(-4.191249e-05 0.0003707955 0)
(-0.0001071567 0.0003316384 0)
(-0.0001480487 0.000290394 0)
(-0.0001750728 0.0002460325 0)
(-0.000188863 0.0002053883 0)
(-0.0001941295 0.0001700443 0)
(-0.0001939771 0.0001403174 0)
(-0.0001906851 0.0001157369 0)
(-0.0001857707 9.555262e-05 0)
(-0.0001802034 7.897965e-05 0)
(-0.0001745756 6.530361e-05 0)
(-0.0001692349 5.391836e-05 0)
(-0.0001643743 4.43296e-05 0)
(-0.0001600908 3.614126e-05 0)
(-0.0001564262 2.903759e-05 0)
(-0.0001533918 2.276527e-05 0)
(-0.0001509835 1.711835e-05 0)
(-0.0001491912 1.192585e-05 0)
(-0.0001480037 7.041687e-06 0)
(-0.0001474123 2.336338e-06 0)
(-0.0001474124 -2.310247e-06 0)
(-0.0001480039 -7.015035e-06 0)
(-0.0001491917 -1.189806e-05 0)
(-0.0001509846 -1.708881e-05 0)
(-0.0001533939 -2.273333e-05 0)
(-0.0001564299 -2.900254e-05 0)
(-0.0001600969 -3.610234e-05 0)
(-0.0001643841 -4.428602e-05 0)
(-0.0001692502 -5.386941e-05 0)
(-0.0001745988 -6.52487e-05 0)
(-0.0001802379 -7.891868e-05 0)
(-0.0001858209 -9.548638e-05 0)
(-0.0001907565 -0.0001156679 0)
(-0.0001940762 -0.0001402509 0)
(-0.0001942626 -0.00016999 0)
(-0.0001890339 -0.0002053623 0)
(-0.0001752783 -0.0002460588 0)
(-0.0001482666 -0.0002905028 0)
(-0.0001073614 -0.0003318445 0)
(-4.201088e-05 -0.0003711357 0)
(-6.819285e-05 0.0004558484 0)
(-0.0001582222 0.0003865783 0)
(-0.0001987604 0.0003258879 0)
(-0.0002239661 0.0002637409 0)
(-0.0002312507 0.0002115272 0)
(-0.0002294841 0.0001691149 0)
(-0.000222791 0.00013548 0)
(-0.0002139392 0.0001090357 0)
(-0.0002045123 8.82406e-05 0)
(-0.0001953772 7.177228e-05 0)
(-0.0001869727 5.858365e-05 0)
(-0.0001794886 4.787298e-05 0)
(-0.0001729786 3.903623e-05 0)
(-0.00016743 3.161824e-05 0)
(-0.0001628007 2.527339e-05 0)
(-0.0001590392 1.973564e-05 0)
(-0.0001560957 1.479611e-05 0)
(-0.0001539273 1.028637e-05 0)
(-0.0001525004 6.065914e-06 0)
(-0.0001517926 2.01236e-06 0)
(-0.0001517923 -1.986448e-06 0)
(-0.0001524997 -6.03936e-06 0)
(-0.0001539262 -1.02585e-05 0)
(-0.0001560946 -1.47662e-05 0)
(-0.0001590382 -1.970287e-05 0)
(-0.0001628004 -2.523683e-05 0)
(-0.0001674312 -3.15768e-05 0)
(-0.0001729825 -3.898868e-05 0)
(-0.0001794969 -4.781792e-05 0)
(-0.0001869883 -5.851962e-05 0)
(-0.0001954038 -7.169792e-05 0)
(-0.0002045557 -8.815511e-05 0)
(-0.0002140073 -0.0001089397 0)
(-0.0002228944 -0.0001353772 0)
(-0.0002296359 -0.0001690149 0)
(-0.0002314642 -0.0002114497 0)
(-0.0002242485 -0.0002637225 0)
(-0.0001990866 -0.0003259886 0)
(-0.0001585729 -0.0003868304 0)
(-6.838166e-05 -0.0004564885 0)
(-0.0001119132 0.0006435153 0)
(-0.0002378654 0.0004607964 0)
(-0.0002708854 0.0003659343 0)
(-0.000289434 0.0002749852 0)
(-0.0002834891 0.0002087887 0)
(-0.0002701767 0.0001596862 0)
(-0.0002540563 0.0001234959 0)
(-0.0002379244 9.66918e-05 0)
(-0.0002230341 7.659304e-05 0)
(-0.0002098603 6.12703e-05 0)
(-0.0001984749 4.93679e-05 0)
(-0.0001887823 3.993773e-05 0)
(-0.000180629 3.231162e-05 0)
(-0.0001738536 2.601286e-05 0)
(-0.0001683088 2.069551e-05 0)
(-0.0001638691 1.610321e-05 0)
(-0.0001604328 1.204096e-05 0)
(-0.0001579214 8.355624e-06 0)
(-0.0001562777 4.92213e-06 0)
(-0.0001554647 1.633276e-06 0)
(-0.0001554641 -1.608198e-06 0)
(-0.0001562759 -4.896356e-06 0)
(-0.0001579185 -8.328418e-06 0)
(-0.000160429 -1.20115e-05 0)
(-0.0001638645 -1.607056e-05 0)
(-0.0001683038 -2.065853e-05 0)
(-0.0001738487 -2.597016e-05 0)
(-0.0001806252 -3.22615e-05 0)
(-0.0001887811 -3.987806e-05 0)
(-0.0001984788 -4.929611e-05 0)
(-0.0002098734 -6.11834e-05 0)
(-0.0002230627 -7.648782e-05 0)
(-0.0002379786 -9.656559e-05 0)
(-0.0002541514 -0.0001233483 0)
(-0.000270335 -0.0001595225 0)
(-0.0002837415 -0.0002086279 0)
(-0.0002898167 -0.0002748856 0)
(-0.000271376 -0.0003660133 0)
(-0.0002385955 -0.0004611106 0)
(-0.0001124201 -0.0006443074 0)
(-0.0002519084 0.0007177946 0)
(-0.0004368413 0.0004761993 0)
(-0.0003845587 0.0003686876 0)
(-0.0003811104 0.000260825 0)
(-0.000346548 0.0001875698 0)
(-0.0003147755 0.000136878 0)
(-0.0002857841 0.0001019692 0)
(-0.0002608408 7.756272e-05 0)
(-0.0002399325 6.010481e-05 0)
(-0.000222601 4.729379e-05 0)
(-0.000208304 3.763993e-05 0)
(-0.0001965435 3.017076e-05 0)
(-0.0001869021 2.424117e-05 0)
(-0.0001790448 1.941385e-05 0)
(-0.000172709 1.538457e-05 0)
(-0.0001676924 1.193551e-05 0)
(-0.0001638419 8.905551e-06 0)
(-0.0001610447 6.17101e-06 0)
(-0.0001592214 3.632649e-06 0)
(-0.0001583215 1.20655e-06 0)
(-0.0001583206 -1.18279e-06 0)
(-0.0001592185 -3.608169e-06 0)
(-0.00016104 -6.145043e-06 0)
(-0.0001638353 -8.877226e-06 0)
(-0.0001676838 -1.190379e-05 0)
(-0.0001726986 -1.534816e-05 0)
(-0.0001790328 -1.937109e-05 0)
(-0.0001868889 -2.418989e-05 0)
(-0.0001965301 -3.010806e-05 0)
(-0.0002082921 -3.756191e-05 0)
(-0.000222594 -4.719521e-05 0)
(-0.0002399364 -5.997881e-05 0)
(-0.0002608662 -7.740056e-05 0)
(-0.0002858498 -0.0001017607 0)
(-0.0003149141 -0.0001366129 0)
(-0.0003468262 -0.0001872441 0)
(-0.0003816324 -0.0002604299 0)
(-0.0003853226 -0.000368425 0)
(-0.0004378607 -0.0004757726 0)
(-0.0002526111 -0.0007198863 0)
(-0.000355218 0.001616829 0)
(-0.000587059 0.0005899525 0)
(-0.0004844198 0.0004138003 0)
(-0.0004683802 0.0002377926 0)
(-0.0004050964 0.0001500614 0)
(-0.0003533513 9.996901e-05 0)
(-0.0003108973 7.013538e-05 0)
(-0.0002772854 5.131958e-05 0)
(-0.0002507807 3.879278e-05 0)
(-0.0002297899 3.003614e-05 0)
(-0.0002130533 2.364928e-05 0)
(-0.0001996294 1.881633e-05 0)
(-0.0001888288 1.50388e-05 0)
(-0.0001801487 1.199795e-05 0)
(-0.000173222 9.481065e-06 0)
(-0.0001677799 7.340355e-06 0)
(-0.0001636264 5.468925e-06 0)
(-0.000160621 3.786096e-06 0)
(-0.0001586666 2.227977e-06 0)
(-0.0001577024 7.410474e-07 0)
(-0.000157699 -7.22563e-07 0)
(-0.0001586563 -2.208904e-06 0)
(-0.0001606035 -3.765801e-06 0)
(-0.0001636012 -5.446683e-06 0)
(-0.0001677462 -7.315282e-06 0)
(-0.0001731788 -9.452041e-06 0)
(-0.0001800945 -1.196349e-05 0)
(-0.0001887618 -1.49969e-05 0)
(-0.0001995473 -1.876418e-05 0)
(-0.0002129532 -2.358295e-05 0)
(-0.0002296681 -2.995013e-05 0)
(-0.0002506329 -3.86796e-05 0)
(-0.0002771064 -5.116996e-05 0)
(-0.0003106805 -6.994071e-05 0)
(-0.0003530867 -9.972927e-05 0)
(-0.0004047404 -0.0001498211 0)
(-0.000468011 -0.0002375468 0)
(-0.0004834001 -0.0004139987 0)
(-0.0005871846 -0.0005912913 0)
(-0.0003520484 -0.001619879 0)
(0.00190536 0.001292641 0)
(0.001550216 0.000368203 0)
(0.002454278 0.0002395831 0)
(0.002547488 0.0001165669 0)
(0.002707915 6.496557e-05 0)
(0.00279772 3.937612e-05 0)
(0.00285804 2.592852e-05 0)
(0.002900313 1.825958e-05 0)
(0.002931289 1.350608e-05 0)
(0.002954763 1.033107e-05 0)
(0.002972983 8.077243e-06 0)
(0.002987351 6.398801e-06 0)
(0.002998783 5.099686e-06 0)
(0.003007899 4.060616e-06 0)
(0.003015135 3.204463e-06 0)
(0.003020797 2.478702e-06 0)
(0.003025106 1.845842e-06 0)
(0.003028219 1.277849e-06 0)
(0.003030242 7.526724e-07 0)
(0.003031241 2.51934e-07 0)
(0.003031249 -2.407528e-07 0)
(0.003030265 -7.411289e-07 0)
(0.003028259 -1.265552e-06 0)
(0.003025165 -1.832341e-06 0)
(0.003020875 -2.463442e-06 0)
(0.003015236 -3.186726e-06 0)
(0.003008028 -4.039436e-06 0)
(0.002998944 -5.073714e-06 0)
(0.002987552 -6.366082e-06 0)
(0.002973235 -8.034866e-06 0)
(0.00295508 -1.027458e-05 0)
(0.002931692 -1.342854e-05 0)
(0.002900829 -1.815012e-05 0)
(0.002858705 -2.577041e-05 0)
(0.002798564 -3.914375e-05 0)
(0.002709138 -6.46367e-05 0)
(0.002548411 -0.0001159764 0)
(0.002456896 -0.0002391315 0)
(0.001550746 -0.0003671504 0)
(0.001907673 -0.001291447 0)
)
;

boundaryField
{
    movingWall
    {
        type            fixedValue;
        value           uniform (1 0 0);
    }
    fixedWalls
    {
        type            fixedValue;
        value           uniform (0 0 0);
    }
    frontAndBack
    {
        type            empty;
    }
}


// ************************************************************************* //
