/*--------------------------------*- C++ -*----------------------------------*\
| =========                 |                                                 |
| \\      /  F ield         | OpenFOAM: The Open Source CFD Toolbox           |
|  \\    /   O peration     | Version:  2412                                  |
|   \\  /    A nd           | Website:  www.openfoam.com                      |
|    \\/     M anipulation  |                                                 |
\*---------------------------------------------------------------------------*/
FoamFile
{
    version     2.0;
    format      ascii;
    arch        "LSB;label=32;scalar=64";
    class       volVectorField;
    location    "0.1";
    object      vorticity;
}
// * * * * * * * * * * * * * * * * * * * * * * * * * * * * * * * * * * * * * //

dimensions      [0 0 -1 0 0 0 0];

internalField   nonuniform List<vector> 
1600
(
(0 -0 8.730582e-05)
(0 -0 0.0001308017)
(0 -0 0.0002171028)
(0 -0 0.000302039)
(0 -0 0.0003850334)
(0 -0 0.0004655594)
(0 -0 0.0005431111)
(0 -0 0.0006172064)
(0 -0 0.0006873909)
(0 -0 0.0007532396)
(0 -0 0.0008143601)
(0 -0 0.0008703937)
(0 -0 0.0009210163)
(0 -0 0.0009659393)
(0 -0 0.001004912)
(0 -0 0.001037717)
(0 -0 0.001064175)
(0 -0 0.001084145)
(0 -0 0.001097518)
(0 -0 0.001104224)
(0 -0 0.001104226)
(0 -0 0.001097524)
(0 -0 0.001084155)
(0 -0 0.001064189)
(0 -0 0.001037734)
(0 -0 0.001004932)
(0 -0 0.0009659625)
(0 -0 0.0009210412)
(0 -0 0.0008704199)
(0 -0 0.0008143872)
(0 -0 0.0007532668)
(0 -0 0.0006874174)
(0 -0 0.0006172315)
(0 -0 0.0005431344)
(0 -0 0.0004655803)
(0 -0 0.0003850512)
(0 -0 0.0003020533)
(0 -0 0.0002171133)
(0 -0 0.0001308081)
(0 -0 8.73101e-05)
(0 -0 0.0001313334)
(0 -0 2.1174e-07)
(0 -0 1.7544e-07)
(0 -0 2.44e-07)
(0 -0 3.1098e-07)
(0 -0 3.76e-07)
(0 -0 4.3856e-07)
(0 -0 4.9862e-07)
(0 -0 5.5518e-07)
(0 -0 6.083e-07)
(0 -0 6.5776e-07)
(0 -0 7.0296e-07)
(0 -0 7.4392e-07)
(0 -0 7.8022e-07)
(0 -0 8.1154e-07)
(0 -0 8.38256e-07)
(0 -0 8.59498e-07)
(0 -0 8.75756e-07)
(0 -0 8.8652e-07)
(0 -0 8.91934e-07)
(0 -0 8.91858e-07)
(0 -0 8.86496e-07)
(0 -0 8.75786e-07)
(0 -0 8.59578e-07)
(0 -0 8.38218e-07)
(0 -0 8.1162e-07)
(0 -0 7.8018e-07)
(0 -0 7.4398e-07)
(0 -0 7.03e-07)
(0 -0 6.5796e-07)
(0 -0 6.0828e-07)
(0 -0 5.552e-07)
(0 -0 4.9866e-07)
(0 -0 4.3866e-07)
(0 -0 3.7602e-07)
(0 -0 3.1102e-07)
(0 -0 2.44e-07)
(0 -0 1.7544e-07)
(0 -0 2.1176e-07)
(0 -0 0.0001313399)
(0 -0 0.0002198691)
(0 -0 1.777e-07)
(0 -0 2e-10)
(0 -0 1.2e-10)
(0 -0 1e-10)
(0 -0 2.2e-10)
(0 -0 2.4e-10)
(0 -0 1e-10)
(0 -0 2.2e-10)
(0 -0 3.2e-10)
(0 -0 4.6e-10)
(0 -0 5.2e-10)
(0 -0 3e-10)
(0 -0 5.8e-10)
(0 -0 4.6e-10)
(0 -0 3.6e-10)
(0 -0 5.6e-10)
(0 -0 4.22e-10)
(0 -0 3.68e-10)
(0 -0 5e-10)
(0 -0 5.74e-10)
(0 -0 3.78e-10)
(0 -0 3.98e-10)
(0 -0 5e-10)
(0 -0 2.8e-10)
(0 -0 4.2e-10)
(0 -0 5.6e-10)
(0 -0 3.4e-10)
(0 -0 2.8e-10)
(0 -0 3.6e-10)
(0 -0 2.2e-10)
(0 -0 3.4e-10)
(0 -0 2.8e-10)
(0 -0 1.4e-10)
(0 -0 8e-11)
(0 -0 2.4e-10)
(0 -0 1.2e-10)
(0 -0 1.8e-10)
(0 -0 1.7772e-07)
(0 -0 0.0002198801)
(0 -0 0.0003098605)
(0 -0 2.5032e-07)
(0 -0 1.2e-10)
(0 -0 5.336308e-20)
(0 -0 -4e-11)
(0 -0 8e-11)
(0 -0 4e-11)
(0 -0 6e-11)
(0 -0 4e-11)
(0 -0 1.2e-10)
(0 -0 4e-11)
(0 -0 -1.4e-10)
(0 -0 -1e-10)
(0 -0 6e-11)
(0 -0 1e-10)
(0 -0 -1.4e-10)
(0 -0 4e-11)
(0 -0 -7.4e-11)
(0 -0 9.2e-11)
(0 -0 1e-11)
(0 -0 2.6e-11)
(0 -0 -3.6e-11)
(0 -0 -1.78e-10)
(0 -0 -1.592422e-19)
(0 -0 -6e-11)
(0 -0 1e-10)
(0 -0 2e-11)
(0 -0 -1.4e-10)
(0 -0 1e-10)
(0 -0 2e-11)
(0 -0 6e-11)
(0 -0 1.084202e-19)
(0 -0 -6e-11)
(0 -0 -1e-10)
(0 -0 -4e-11)
(0 -0 -8e-11)
(0 -0 2e-11)
(0 -0 1.4e-10)
(0 -0 2.5032e-07)
(0 -0 0.0003098763)
(0 -0 0.0004018608)
(0 -0 3.246e-07)
(0 -0 1.6e-10)
(0 -0 -5.251604e-20)
(0 -0 1.6e-10)
(0 -0 6e-11)
(0 -0 1.2e-10)
(0 -0 1.8e-10)
(0 -0 2e-11)
(0 -0 1.2e-10)
(0 -0 5.421011e-20)
(0 -0 6e-11)
(0 -0 2e-11)
(0 -0 -1.2e-10)
(0 -0 5.421011e-20)
(0 -0 1.6e-10)
(0 -0 -4e-11)
(0 -0 8e-11)
(0 -0 6.8e-11)
(0 -0 -4.4e-11)
(0 -0 -8.8e-11)
(0 -0 -5.6e-11)
(0 -0 1e-10)
(0 -0 -4e-11)
(0 -0 1.2e-10)
(0 -0 -1.592422e-19)
(0 -0 2.371692e-20)
(0 -0 8e-11)
(0 -0 1.2e-10)
(0 -0 -4e-11)
(0 -0 6e-11)
(0 -0 1.050321e-19)
(0 -0 -8e-11)
(0 -0 6e-11)
(0 -0 8e-11)
(0 -0 -6e-11)
(0 -0 5.251604e-20)
(0 -0 2e-10)
(0 -0 3.2456e-07)
(0 -0 0.000401882)
(0 -0 0.0004964748)
(0 -0 4.0106e-07)
(0 -0 3.2e-10)
(0 -0 -1.2e-10)
(0 -0 -5.251604e-20)
(0 -0 -5.421011e-20)
(0 -0 2.134523e-19)
(0 -0 -4e-11)
(0 -0 -4e-11)
(0 -0 -1.2e-10)
(0 -0 -8e-11)
(0 -0 1.6e-10)
(0 -0 8e-11)
(0 -0 -6e-11)
(0 -0 2e-11)
(0 -0 -4e-11)
(0 -0 -2e-11)
(0 -0 8e-11)
(0 -0 -1.34e-10)
(0 -0 -2e-12)
(0 -0 -1.06e-10)
(0 -0 -3.8e-11)
(0 -0 1.8e-10)
(0 -0 -6e-11)
(0 -0 2e-11)
(0 -0 -2e-11)
(0 -0 -1e-10)
(0 -0 -6e-11)
(0 -0 2.100642e-19)
(0 -0 -1.8e-10)
(0 -0 -6e-11)
(0 -0 -2e-11)
(0 -0 4e-11)
(0 -0 1.050321e-19)
(0 -0 -1.592422e-19)
(0 -0 2e-10)
(0 -0 -4e-11)
(0 -0 4e-10)
(0 -0 4.0108e-07)
(0 -0 0.0004965015)
(0 -0 0.0005943306)
(0 -0 4.8004e-07)
(0 -0 3e-10)
(0 -0 4e-11)
(0 -0 -5.421011e-20)
(0 -0 2e-10)
(0 -0 0)
(0 -0 -2e-10)
(0 -0 5.421011e-20)
(0 -0 -1.6e-10)
(0 -0 -1.2e-10)
(0 -0 -1.4e-10)
(0 -0 6e-11)
(0 -0 -4e-11)
(0 -0 -6e-11)
(0 -0 -6e-11)
(0 -0 2e-11)
(0 -0 -8e-11)
(0 -0 -1.08e-10)
(0 -0 -4.6e-11)
(0 -0 -1.2e-11)
(0 -0 1.66e-10)
(0 -0 8e-11)
(0 -0 1e-10)
(0 -0 -2e-11)
(0 -0 2e-11)
(0 -0 -4e-11)
(0 -0 -1.4e-10)
(0 -0 -4e-11)
(0 -0 -2.2e-10)
(0 -0 -1.6e-10)
(0 -0 3.184844e-19)
(0 -0 1.050321e-19)
(0 -0 -3.184844e-19)
(0 -0 0)
(0 -0 2e-10)
(0 -0 6e-11)
(0 -0 1.8e-10)
(0 -0 4.8012e-07)
(0 -0 0.0005943639)
(0 -0 0.0006960875)
(0 -0 5.621e-07)
(0 -0 3.4e-10)
(0 -0 1.2e-10)
(0 -0 1.084202e-19)
(0 -0 1.050321e-19)
(0 -0 1.050321e-19)
(0 -0 0)
(0 -0 1.084202e-19)
(0 -0 2e-10)
(0 -0 -2e-10)
(0 -0 -4e-11)
(0 -0 8e-11)
(0 -0 -4e-11)
(0 -0 2e-11)
(0 -0 1.8e-10)
(0 -0 4.540097e-19)
(0 -0 -2e-11)
(0 -0 7.6e-11)
(0 -0 4.8e-11)
(0 -0 4e-12)
(0 -0 1.32e-10)
(0 -0 -4e-11)
(0 -0 -4e-11)
(0 -0 -4e-11)
(0 -0 -8e-11)
(0 -0 8e-11)
(0 -0 6e-11)
(0 -0 2e-11)
(0 -0 1.084202e-19)
(0 -0 0)
(0 -0 2e-10)
(0 -0 0)
(0 -0 -2e-10)
(0 -0 1.050321e-19)
(0 -0 -2e-10)
(0 -0 2e-11)
(0 -0 3.2e-10)
(0 -0 5.6228e-07)
(0 -0 0.0006961281)
(0 -0 0.0008024412)
(0 -0 6.4822e-07)
(0 -0 3.6e-10)
(0 -0 6e-11)
(0 -0 -2e-10)
(0 -0 -2.100642e-19)
(0 -0 0)
(0 -0 1.084202e-19)
(0 -0 1.01644e-19)
(0 -0 2e-10)
(0 -0 2e-10)
(0 -0 -2e-10)
(0 -0 -1.558541e-19)
(0 -0 1.8e-10)
(0 -0 -4e-11)
(0 -0 2e-11)
(0 -0 -8e-11)
(0 -0 2e-11)
(0 -0 6.8e-11)
(0 -0 2.6e-11)
(0 -0 9.2e-11)
(0 -0 -1.46e-10)
(0 -0 -2e-11)
(0 -0 -8e-11)
(0 -0 -1e-10)
(0 -0 -2e-11)
(0 -0 8e-11)
(0 -0 2e-10)
(0 -0 1.084202e-19)
(0 -0 0)
(0 -0 2e-10)
(0 -0 1.084202e-19)
(0 -0 1.084202e-19)
(0 -0 0)
(0 -0 -1.084202e-19)
(0 -0 0)
(0 -0 1e-10)
(0 -0 2.8e-10)
(0 -0 6.4812e-07)
(0 -0 0.0008024902)
(0 -0 0.0009141344)
(0 -0 7.3828e-07)
(0 -0 3.6e-10)
(0 -0 6e-11)
(0 -0 1.050321e-19)
(0 -0 1.084202e-19)
(0 -0 1.084202e-19)
(0 -0 -2.100642e-19)
(0 -0 -1.084202e-19)
(0 -0 1.084202e-19)
(0 -0 -1.084202e-19)
(0 -0 2e-10)
(0 -0 -1.084202e-19)
(0 -0 1.084202e-19)
(0 -0 -1e-10)
(0 -0 -2e-11)
(0 -0 -6e-11)
(0 -0 -6e-11)
(0 -0 -4.4e-11)
(0 -0 -9.4e-11)
(0 -0 6.4e-11)
(0 -0 -1.46e-10)
(0 -0 -1.6e-10)
(0 -0 8e-11)
(0 -0 4e-11)
(0 -0 4e-11)
(0 -0 -1.4e-10)
(0 -0 2e-10)
(0 -0 4.201283e-19)
(0 -0 1.084202e-19)
(0 -0 -8.470329e-19)
(0 -0 -2e-10)
(0 -0 0)
(0 -0 2e-10)
(0 -0 -1.084202e-19)
(0 -0 0)
(0 -0 2e-11)
(0 -0 5.4e-10)
(0 -0 7.384e-07)
(0 -0 0.0009141928)
(0 -0 0.001031964)
(0 -0 8.3364e-07)
(0 -0 3.6e-10)
(0 -0 2e-11)
(0 -0 -1.050321e-19)
(0 -0 -2.100642e-19)
(0 -0 2e-10)
(0 -0 0)
(0 -0 -1.084202e-19)
(0 -0 -1.01644e-19)
(0 -0 -2e-10)
(0 -0 2.168404e-19)
(0 -0 0)
(0 -0 1.490778e-19)
(0 -0 -4e-11)
(0 -0 -6e-11)
(0 -0 -6e-11)
(0 -0 6e-11)
(0 -0 4.6e-11)
(0 -0 -6.4e-11)
(0 -0 -6e-12)
(0 -0 4.4e-11)
(0 -0 4e-11)
(0 -0 -6e-11)
(0 -0 2e-11)
(0 -0 8e-11)
(0 -0 -2e-10)
(0 -0 5.285486e-19)
(0 -0 2e-10)
(0 -0 2.100642e-19)
(0 -0 -2e-10)
(0 -0 0)
(0 -0 2.100642e-19)
(0 -0 -1.084202e-19)
(0 -0 -1.01644e-19)
(0 -0 2e-10)
(0 -0 8e-11)
(0 -0 3e-10)
(0 -0 8.3364e-07)
(0 -0 0.001032034)
(0 -0 0.001156796)
(0 -0 9.3436e-07)
(0 -0 6.2e-10)
(0 -0 2e-10)
(0 -0 1.084202e-19)
(0 -0 2.168404e-19)
(0 -0 -2e-10)
(0 -0 -2e-10)
(0 -0 6.369688e-19)
(0 -0 9.486769e-20)
(0 -0 1.084202e-19)
(0 -0 -2e-10)
(0 -0 2e-10)
(0 -0 1.084202e-19)
(0 -0 -8e-11)
(0 -0 -2e-11)
(0 -0 4e-11)
(0 -0 6e-11)
(0 -0 -2e-11)
(0 -0 1e-10)
(0 -0 -1.4e-10)
(0 -0 2e-11)
(0 -0 2e-11)
(0 -0 4e-11)
(0 -0 -2e-11)
(0 -0 -5.421011e-20)
(0 -0 2e-10)
(0 -0 -2e-10)
(0 -0 -2e-10)
(0 -0 -2.032879e-19)
(0 -0 1.084202e-19)
(0 -0 -3.184844e-19)
(0 -0 2.168404e-19)
(0 -0 -2e-10)
(0 -0 -2e-10)
(0 -0 0)
(0 -0 1.592422e-19)
(0 -0 4.6e-10)
(0 -0 9.345e-07)
(0 -0 0.001156879)
(0 -0 0.001289574)
(0 -0 1.0417e-06)
(0 -0 5.4e-10)
(0 -0 2.642743e-19)
(0 -0 -1.084202e-19)
(0 -0 -1.084202e-19)
(0 -0 0)
(0 -0 2.100642e-19)
(0 -0 -2.168404e-19)
(0 -0 0)
(0 -0 0)
(0 -0 2.168404e-19)
(0 -0 -2.168404e-19)
(0 -0 6.369688e-19)
(0 -0 4.743385e-19)
(0 -0 1e-10)
(0 -0 1.6e-10)
(0 -0 -2.710505e-20)
(0 -0 -8e-11)
(0 -0 1.4e-10)
(0 -0 -4e-11)
(0 -0 6.369688e-19)
(0 -0 -6e-11)
(0 -0 -4e-11)
(0 -0 2e-11)
(0 -0 -2e-10)
(0 -0 8.402567e-19)
(0 -0 1.084202e-19)
(0 -0 -9.486769e-20)
(0 -0 0)
(0 -0 2e-10)
(0 -0 2.032879e-19)
(0 -0 -1.084202e-19)
(0 -0 3.184844e-19)
(0 -0 -2e-10)
(0 -0 1.01644e-19)
(0 -0 1.084202e-19)
(0 -0 5.2e-10)
(0 -0 1.04172e-06)
(0 -0 0.001289672)
(0 -0 0.001431342)
(0 -0 1.15618e-06)
(0 -0 6e-10)
(0 -0 -3.184844e-19)
(0 -0 0)
(0 -0 0)
(0 -0 -1.084202e-19)
(0 -0 -4.201283e-19)
(0 -0 2.168404e-19)
(0 -0 0)
(0 -0 -2e-10)
(0 -0 -2.168404e-19)
(0 -0 2e-10)
(0 -0 1.084202e-19)
(0 -0 -2e-10)
(0 -0 -1e-10)
(0 -0 -2e-11)
(0 -0 -6e-11)
(0 -0 6.776264e-20)
(0 -0 -6e-11)
(0 -0 2e-11)
(0 -0 4e-11)
(0 -0 -4e-11)
(0 -0 -2.2e-10)
(0 -0 4e-11)
(0 -0 2e-10)
(0 -0 -8.538092e-19)
(0 -0 -2e-10)
(0 -0 2e-10)
(0 -0 2e-10)
(0 -0 -4.201283e-19)
(0 -0 2e-10)
(0 -0 6.369688e-19)
(0 -0 -5.285486e-19)
(0 -0 -8.470329e-19)
(0 -0 -1.084202e-19)
(0 -0 -4.269046e-19)
(0 -0 5.2e-10)
(0 -0 1.15626e-06)
(0 -0 0.001431458)
(0 -0 0.001583258)
(0 -0 1.27876e-06)
(0 -0 7.2e-10)
(0 -0 1.084202e-19)
(0 -0 0)
(0 -0 1.01644e-19)
(0 -0 2e-10)
(0 -0 -2.168404e-19)
(0 -0 -2e-10)
(0 -0 2.168404e-19)
(0 -0 2e-10)
(0 -0 0)
(0 -0 0)
(0 -0 -2e-10)
(0 -0 4.201283e-19)
(0 -0 -2e-11)
(0 -0 4e-11)
(0 -0 -1e-10)
(0 -0 1e-10)
(0 -0 -1e-10)
(0 -0 4e-11)
(0 -0 6e-11)
(0 -0 -6e-11)
(0 -0 1.6e-10)
(0 -0 -1.2e-10)
(0 -0 3.252607e-19)
(0 -0 2e-10)
(0 -0 2e-10)
(0 -0 9.486769e-20)
(0 -0 -2e-10)
(0 -0 -2e-10)
(0 -0 2e-10)
(0 -0 -2.168404e-19)
(0 -0 -2e-10)
(0 -0 -3.184844e-19)
(0 -0 4.269046e-19)
(0 -0 2e-10)
(0 -0 6e-10)
(0 -0 1.27906e-06)
(0 -0 0.001583396)
(0 -0 0.001746627)
(0 -0 1.41076e-06)
(0 -0 8.6e-10)
(0 -0 -2e-10)
(0 -0 0)
(0 -0 5.285486e-19)
(0 -0 6.369688e-19)
(0 -0 -2.168404e-19)
(0 -0 2e-10)
(0 -0 -2e-10)
(0 -0 -4.201283e-19)
(0 -0 4.336809e-19)
(0 -0 -1.084202e-19)
(0 -0 6.234162e-19)
(0 -0 -2.168404e-19)
(0 -0 -5.285486e-19)
(0 -0 4e-11)
(0 -0 6e-11)
(0 -0 4e-11)
(0 -0 2e-11)
(0 -0 1.8e-10)
(0 -0 -8e-11)
(0 -0 -6e-11)
(0 -0 2e-10)
(0 -0 -1.084202e-19)
(0 -0 -6.369688e-19)
(0 -0 -2e-10)
(0 -0 -2.168404e-19)
(0 -0 4.201283e-19)
(0 -0 2.168404e-19)
(0 -0 -4.336809e-19)
(0 -0 2.032879e-19)
(0 -0 2e-10)
(0 -0 0)
(0 -0 0)
(0 -0 0)
(0 -0 3.184844e-19)
(0 -0 8.2e-10)
(0 -0 1.4109e-06)
(0 -0 0.00174679)
(0 -0 0.001922924)
(0 -0 1.55314e-06)
(0 -0 1e-09)
(0 -0 -3.184844e-19)
(0 -0 -2e-10)
(0 -0 -5.421011e-19)
(0 -0 2.032879e-19)
(0 -0 -2e-10)
(0 -0 -2e-10)
(0 -0 -8.402567e-19)
(0 -0 0)
(0 -0 -4.201283e-19)
(0 -0 -7.318365e-19)
(0 -0 1.084202e-19)
(0 -0 -2e-10)
(0 -0 2e-10)
(0 -0 -1.084202e-19)
(0 -0 8e-11)
(0 -0 -8.131516e-19)
(0 -0 -4e-11)
(0 -0 -4e-11)
(0 -0 -2e-11)
(0 -0 4e-11)
(0 -0 -2.2e-10)
(0 -0 4.065758e-19)
(0 -0 2e-10)
(0 -0 4.336809e-19)
(0 -0 -2e-10)
(0 -0 2e-10)
(0 -0 2e-10)
(0 -0 -2.032879e-19)
(0 -0 -6.234162e-19)
(0 -0 2.032879e-19)
(0 -0 -2e-10)
(0 -0 -2.168404e-19)
(0 -0 0)
(0 -0 -3.184844e-19)
(0 -0 1e-09)
(0 -0 1.55322e-06)
(0 -0 0.001923117)
(0 -0 0.002113842)
(0 -0 1.70742e-06)
(0 -0 1e-09)
(0 -0 -1.084202e-19)
(0 -0 4.201283e-19)
(0 -0 -2.168404e-19)
(0 -0 2.032879e-19)
(0 -0 4.201283e-19)
(0 -0 0)
(0 -0 2e-10)
(0 -0 -2.168404e-19)
(0 -0 6.234162e-19)
(0 -0 -2e-10)
(0 -0 7.318365e-19)
(0 -0 2e-10)
(0 -0 3.252607e-19)
(0 -0 -1.2e-10)
(0 -0 1e-10)
(0 -0 -1e-10)
(0 -0 -1.2e-10)
(0 -0 -1.2e-10)
(0 -0 1.2e-10)
(0 -0 -6e-11)
(0 -0 -1e-10)
(0 -0 8.131516e-20)
(0 -0 -7.318365e-19)
(0 -0 5.14996e-19)
(0 -0 2e-10)
(0 -0 -2.168404e-19)
(0 -0 -2e-10)
(0 -0 0)
(0 -0 4.201283e-19)
(0 -0 1.057097e-18)
(0 -0 2e-10)
(0 -0 -2.032879e-19)
(0 -0 5.285486e-19)
(0 -0 3.184844e-19)
(0 -0 1e-09)
(0 -0 1.70746e-06)
(0 -0 0.002114071)
(0 -0 0.00232134)
(0 -0 1.8749e-06)
(0 -0 1e-09)
(0 -0 3.252607e-19)
(0 -0 2e-10)
(0 -0 -2e-10)
(0 -0 4.336809e-19)
(0 -0 -8.402567e-19)
(0 -0 0)
(0 -0 2e-10)
(0 -0 2e-10)
(0 -0 -4.336809e-19)
(0 -0 -4.336809e-19)
(0 -0 2.168404e-19)
(0 -0 -4.065758e-19)
(0 -0 -5.421011e-19)
(0 -0 4e-11)
(0 -0 -6e-11)
(0 -0 -1e-10)
(0 -0 -3.794708e-19)
(0 -0 2e-11)
(0 -0 -4e-11)
(0 -0 4e-11)
(0 -0 1e-10)
(0 -0 1.897354e-19)
(0 -0 1.084202e-19)
(0 -0 7.589415e-19)
(0 -0 0)
(0 -0 -2e-10)
(0 -0 -2e-10)
(0 -0 -2e-10)
(0 -0 -8.402567e-19)
(0 -0 2e-10)
(0 -0 -2.168404e-19)
(0 -0 -2e-10)
(0 -0 2e-10)
(0 -0 5.285486e-19)
(0 -0 1e-09)
(0 -0 1.87506e-06)
(0 -0 0.002321612)
(0 -0 0.002547712)
(0 -0 2.05772e-06)
(0 -0 1.2e-09)
(0 -0 -2e-10)
(0 -0 -2e-10)
(0 -0 -2.032879e-19)
(0 -0 2e-10)
(0 -0 6.505213e-19)
(0 -0 -2e-10)
(0 -0 6.234162e-19)
(0 -0 2.168404e-19)
(0 -0 4.336809e-19)
(0 -0 2e-10)
(0 -0 1.897354e-19)
(0 -0 0)
(0 -0 3.252607e-19)
(0 -0 5.421011e-19)
(0 -0 -2.4e-10)
(0 -0 -1.084202e-19)
(0 -0 1.8e-10)
(0 -0 4e-11)
(0 -0 6e-11)
(0 -0 -4e-11)
(0 -0 2e-10)
(0 -0 -5.421011e-19)
(0 -0 4.336809e-19)
(0 -0 -6.234162e-19)
(0 -0 -2e-10)
(0 -0 2e-10)
(0 -0 2.168404e-19)
(0 -0 -2e-10)
(0 -0 1.057097e-18)
(0 -0 -1.057097e-18)
(0 -0 -2e-10)
(0 -0 6.234162e-19)
(0 -0 0)
(0 -0 -2.168404e-19)
(0 -0 1e-09)
(0 -0 2.05788e-06)
(0 -0 0.002548036)
(0 -0 0.002795673)
(0 -0 2.2581e-06)
(0 -0 1.4e-09)
(0 -0 2e-10)
(0 -0 -2e-10)
(0 -0 -2.032879e-19)
(0 -0 2e-10)
(0 -0 -2e-10)
(0 -0 -4.065758e-19)
(0 -0 -2.168404e-19)
(0 -0 4.065758e-19)
(0 -0 6.505213e-19)
(0 -0 -2.168404e-19)
(0 -0 1.057097e-18)
(0 -0 -2e-10)
(0 -0 -2e-10)
(0 -0 2e-10)
(0 -0 1.6e-10)
(0 -0 -6e-11)
(0 -0 6e-11)
(0 -0 -2e-11)
(0 -0 -2e-11)
(0 -0 8e-11)
(0 -0 1.057097e-18)
(0 -0 1.084202e-19)
(0 -0 4.065758e-19)
(0 -0 -2e-10)
(0 -0 -2.168404e-19)
(0 -0 1.897354e-19)
(0 -0 -2e-10)
(0 -0 2.168404e-19)
(0 -0 1.897354e-19)
(0 -0 -2e-10)
(0 -0 2e-10)
(0 -0 2e-10)
(0 -0 -2e-10)
(0 -0 2e-10)
(0 -0 1.2e-09)
(0 -0 2.25824e-06)
(0 -0 0.002796061)
(0 -0 0.003068484)
(0 -0 2.47822e-06)
(0 -0 1.2e-09)
(0 -0 2e-10)
(0 -0 -1.057097e-18)
(0 -0 -2e-10)
(0 -0 -2e-10)
(0 -0 -1.057097e-18)
(0 -0 2e-10)
(0 -0 -2e-10)
(0 -0 -2e-10)
(0 -0 2e-10)
(0 -0 -1.057097e-18)
(0 -0 -2.168404e-19)
(0 -0 2e-10)
(0 -0 -1.680513e-18)
(0 -0 -7.318365e-19)
(0 -0 -2e-11)
(0 -0 6e-11)
(0 -0 -2e-11)
(0 -0 -1.192622e-18)
(0 -0 -1.6e-10)
(0 -0 1.4e-10)
(0 -0 -7.318365e-19)
(0 -0 -3.252607e-19)
(0 -0 -1.057097e-18)
(0 -0 -1.490778e-18)
(0 -0 -6.234162e-19)
(0 -0 -2e-10)
(0 -0 -6.234162e-19)
(0 -0 2e-10)
(0 -0 4.336809e-19)
(0 -0 -2e-10)
(0 -0 -1.490778e-18)
(0 -0 2e-10)
(0 -0 2e-10)
(0 -0 -1.084202e-19)
(0 -0 1.4e-09)
(0 -0 2.47868e-06)
(0 -0 0.003068949)
(0 -0 0.003370107)
(0 -0 2.7218e-06)
(0 -0 1.6e-09)
(0 -0 -6.369688e-19)
(0 -0 1.057097e-18)
(0 -0 4.065758e-19)
(0 -0 6.234162e-19)
(0 -0 4.065758e-19)
(0 -0 8.402567e-19)
(0 -0 1.707618e-18)
(0 -0 -8.402567e-19)
(0 -0 1.057097e-18)
(0 -0 -2e-10)
(0 -0 -8.402567e-19)
(0 -0 0)
(0 -0 2.168404e-19)
(0 -0 1.707618e-18)
(0 -0 -4e-11)
(0 -0 1e-10)
(0 -0 2e-11)
(0 -0 2e-11)
(0 -0 2e-11)
(0 -0 -1.2e-10)
(0 -0 2e-10)
(0 -0 2e-10)
(0 -0 6.234162e-19)
(0 -0 0)
(0 -0 0)
(0 -0 1.463673e-18)
(0 -0 -1.897354e-18)
(0 -0 4.065758e-19)
(0 -0 -4.336809e-19)
(0 -0 0)
(0 -0 -2e-10)
(0 -0 0)
(0 -0 2e-10)
(0 -0 -4.201283e-19)
(0 -0 1.4e-09)
(0 -0 2.7222e-06)
(0 -0 0.003370666)
(0 -0 0.003705428)
(0 -0 2.9926e-06)
(0 -0 1.6e-09)
(0 -0 2.168404e-19)
(0 -0 4.065758e-19)
(0 -0 -2.168404e-19)
(0 -0 0)
(0 -0 2e-10)
(0 -0 -4.065758e-19)
(0 -0 0)
(0 -0 -1.273938e-18)
(0 -0 0)
(0 -0 -1.897354e-18)
(0 -0 1.057097e-18)
(0 -0 -1.680513e-18)
(0 -0 1.084202e-19)
(0 -0 -1.084202e-19)
(0 -0 2e-10)
(0 -0 -1.2e-10)
(0 -0 -1.2e-10)
(0 -0 -1e-10)
(0 -0 1.2e-10)
(0 -0 2e-11)
(0 -0 1.707618e-18)
(0 -0 2e-10)
(0 -0 -2e-10)
(0 -0 1.057097e-18)
(0 -0 2e-10)
(0 -0 0)
(0 -0 2.547875e-18)
(0 -0 -4.336809e-19)
(0 -0 1.707618e-18)
(0 -0 2e-10)
(0 -0 -1.707618e-18)
(0 -0 -2e-10)
(0 -0 -2e-10)
(0 -0 0)
(0 -0 1.8e-09)
(0 -0 2.993e-06)
(0 -0 0.003706104)
(0 -0 0.004080573)
(0 -0 3.2946e-06)
(0 -0 2e-09)
(0 -0 -2e-10)
(0 -0 -2e-10)
(0 -0 2e-10)
(0 -0 -4.336809e-19)
(0 -0 1.680513e-18)
(0 -0 2e-10)
(0 -0 3.794708e-19)
(0 -0 1.246832e-18)
(0 -0 4.336809e-19)
(0 -0 0)
(0 -0 2.168404e-19)
(0 -0 1.490778e-18)
(0 -0 2e-10)
(0 -0 -3.252607e-19)
(0 -0 8e-11)
(0 -0 8e-11)
(0 -0 2e-11)
(0 -0 2e-11)
(0 -0 -1e-10)
(0 -0 1e-10)
(0 -0 -8.131516e-20)
(0 -0 0)
(0 -0 -1.490778e-18)
(0 -0 8.673617e-19)
(0 -0 1.084202e-18)
(0 -0 -6.505213e-19)
(0 -0 1.246832e-18)
(0 -0 0)
(0 -0 2e-10)
(0 -0 2e-10)
(0 -0 -1.273938e-18)
(0 -0 -4.065758e-19)
(0 -0 8.402567e-19)
(0 -0 8.402567e-19)
(0 -0 2.2e-09)
(0 -0 3.2964e-06)
(0 -0 0.004081394)
(0 -0 0.004503342)
(0 -0 3.636e-06)
(0 -0 2.4e-09)
(0 -0 4e-10)
(0 -0 4e-10)
(0 -0 4.065758e-19)
(0 -0 4.336809e-19)
(0 -0 8.131516e-19)
(0 -0 3.794708e-19)
(0 -0 2e-10)
(0 -0 2e-10)
(0 -0 1.301043e-18)
(0 -0 -2e-10)
(0 -0 2e-10)
(0 -0 4.336809e-19)
(0 -0 5.421011e-19)
(0 -0 2e-10)
(0 -0 -8e-10)
(0 -0 -2.2e-10)
(0 -0 -3.8e-10)
(0 -0 9.6e-10)
(0 -0 -6.2e-10)
(0 -0 2.6e-10)
(0 -0 1.246832e-18)
(0 -0 1.084202e-18)
(0 -0 2e-10)
(0 -0 -2e-10)
(0 -0 -1.301043e-18)
(0 -0 -1.680513e-18)
(0 -0 -2e-10)
(0 -0 -4.336809e-19)
(0 -0 -4.336809e-19)
(0 -0 -1.246832e-18)
(0 -0 2e-10)
(0 -0 2e-10)
(0 -0 2.114194e-18)
(0 -0 4.065758e-19)
(0 -0 2.8e-09)
(0 -0 3.6374e-06)
(0 -0 0.004504351)
(0 -0 0.004983877)
(0 -0 4.0234e-06)
(0 -0 2.4e-09)
(0 -0 6e-10)
(0 -0 -6e-10)
(0 -0 -2e-10)
(0 -0 8e-10)
(0 -0 -2e-10)
(0 -0 -2e-10)
(0 -0 3.794708e-19)
(0 -0 -2.927346e-18)
(0 -0 4e-10)
(0 -0 -3.794708e-18)
(0 -0 8e-10)
(0 -0 -4e-10)
(0 -0 4e-10)
(0 -0 4e-10)
(0 -0 -8.4e-10)
(0 -0 -1e-09)
(0 -0 3.4e-10)
(0 -0 -8e-10)
(0 -0 1.1e-09)
(0 -0 -1e-09)
(0 -0 -2e-10)
(0 -0 8e-10)
(0 -0 -4e-10)
(0 -0 4e-10)
(0 -0 -4e-10)
(0 -0 1e-09)
(0 -0 -2e-10)
(0 -0 -2e-10)
(0 -0 8.673617e-19)
(0 -0 8.131516e-19)
(0 -0 -8e-10)
(0 -0 -4e-10)
(0 -0 1.8e-09)
(0 -0 8e-10)
(0 -0 6e-10)
(0 -0 4.024e-06)
(0 -0 0.004985127)
(0 -0 0.005535634)
(0 -0 4.4684e-06)
(0 -0 4.2e-09)
(0 -0 1e-09)
(0 -0 -1.8e-09)
(0 -0 -6e-10)
(0 -0 1e-09)
(0 -0 4e-10)
(0 -0 -4.336809e-19)
(0 -0 8e-10)
(0 -0 2e-10)
(0 -0 2e-10)
(0 -0 8e-10)
(0 -0 1e-09)
(0 -0 8.131516e-19)
(0 -0 4.336809e-19)
(0 -0 4e-10)
(0 -0 6.4e-10)
(0 -0 1.8e-10)
(0 -0 5.6e-10)
(0 -0 -6e-11)
(0 -0 8.673617e-19)
(0 -0 2.8e-10)
(0 -0 -6e-10)
(0 -0 -6e-10)
(0 -0 8e-10)
(0 -0 -8e-10)
(0 -0 6e-10)
(0 -0 2e-10)
(0 -0 -8e-10)
(0 -0 2e-10)
(0 -0 4.336809e-19)
(0 -0 4e-10)
(0 -0 -1.301043e-18)
(0 -0 6e-10)
(0 -0 8e-10)
(0 -0 -1.4e-09)
(0 -0 1.6e-09)
(0 -0 4.4708e-06)
(0 -0 0.005537196)
(0 -0 0.006176929)
(0 -0 4.9874e-06)
(0 -0 3e-09)
(0 -0 -2e-10)
(0 -0 -4e-10)
(0 -0 6e-10)
(0 -0 -2e-10)
(0 -0 4e-10)
(0 -0 -6e-10)
(0 -0 -8e-10)
(0 -0 2e-10)
(0 -0 -8e-10)
(0 -0 4e-10)
(0 -0 -1.6e-09)
(0 -0 -2e-10)
(0 -0 -1.2e-09)
(0 -0 2e-10)
(0 -0 2e-10)
(0 -0 9e-10)
(0 -0 -6.8e-10)
(0 -0 1.74e-09)
(0 -0 -1.2e-10)
(0 -0 9.6e-10)
(0 -0 8e-10)
(0 -0 -8e-10)
(0 -0 1.2e-09)
(0 -0 2e-10)
(0 -0 1.4e-09)
(0 -0 -1.4e-09)
(0 -0 2e-10)
(0 -0 4e-10)
(0 -0 6e-10)
(0 -0 -2.493665e-18)
(0 -0 -4e-10)
(0 -0 -2e-10)
(0 -0 1.2e-09)
(0 -0 -1e-09)
(0 -0 1.4e-09)
(0 -0 4.99e-06)
(0 -0 0.006178907)
(0 -0 0.006933435)
(0 -0 5.598e-06)
(0 -0 3e-09)
(0 -0 -4e-10)
(0 -0 -1.4e-09)
(0 -0 8e-10)
(0 -0 8e-10)
(0 -0 -8e-10)
(0 -0 8e-10)
(0 -0 -8e-10)
(0 -0 1.301043e-18)
(0 -0 -8e-10)
(0 -0 -1.6e-09)
(0 -0 -1.734723e-18)
(0 -0 -6e-10)
(0 -0 2e-10)
(0 -0 -5.421011e-19)
(0 -0 -1e-09)
(0 -0 8.4e-10)
(0 -0 4.2e-10)
(0 -0 1.4e-10)
(0 -0 -2.2e-10)
(0 -0 2.2e-10)
(0 -0 -2e-10)
(0 -0 4e-10)
(0 -0 -1.8e-09)
(0 -0 6e-10)
(0 -0 -1.4e-09)
(0 -0 6e-10)
(0 -0 2e-09)
(0 -0 -2e-10)
(0 -0 8e-10)
(0 -0 1.4e-09)
(0 -0 -2e-10)
(0 -0 -1.8e-09)
(0 -0 1.4e-09)
(0 -0 4e-10)
(0 -0 1.6e-09)
(0 -0 5.5986e-06)
(0 -0 0.006935981)
(0 -0 0.007842407)
(0 -0 6.3298e-06)
(0 -0 4e-09)
(0 -0 1e-09)
(0 -0 -4e-10)
(0 -0 -6e-10)
(0 -0 -6e-10)
(0 -0 6e-10)
(0 -0 6e-10)
(0 -0 1e-09)
(0 -0 6e-10)
(0 -0 -4e-10)
(0 -0 -6e-10)
(0 -0 2e-10)
(0 -0 -6e-10)
(0 -0 1.2e-09)
(0 -0 -1.2e-09)
(0 -0 7.8e-10)
(0 -0 -8.8e-10)
(0 -0 1.12e-09)
(0 -0 -1.58e-09)
(0 -0 -1.3e-09)
(0 -0 6e-11)
(0 -0 2e-10)
(0 -0 2e-10)
(0 -0 -1.2e-09)
(0 -0 -1.4e-09)
(0 -0 -8e-10)
(0 -0 8e-10)
(0 -0 -2e-10)
(0 -0 -8e-10)
(0 -0 8e-10)
(0 -0 8e-10)
(0 -0 -3.469447e-18)
(0 -0 -4e-10)
(0 -0 5.854692e-18)
(0 -0 -8e-10)
(0 -0 2.6e-09)
(0 -0 6.3328e-06)
(0 -0 0.007845753)
(0 -0 0.008960197)
(0 -0 7.2302e-06)
(0 -0 5.4e-09)
(0 -0 -8e-10)
(0 -0 -1.8e-09)
(0 -0 0)
(0 -0 7.589415e-19)
(0 -0 1.2e-09)
(0 -0 8e-10)
(0 -0 6e-10)
(0 -0 -2e-10)
(0 -0 4e-10)
(0 -0 1.6e-09)
(0 -0 -1.4e-09)
(0 -0 8e-10)
(0 -0 -1e-09)
(0 -0 -2e-10)
(0 -0 1.44e-09)
(0 -0 -4.6e-10)
(0 -0 -1e-10)
(0 -0 -9.4e-10)
(0 -0 8.6e-10)
(0 -0 -1.8e-09)
(0 -0 1e-09)
(0 -0 8e-10)
(0 -0 1.8e-09)
(0 -0 -2e-10)
(0 -0 1.4e-09)
(0 -0 -1e-09)
(0 -0 -1e-09)
(0 -0 2e-10)
(0 -0 -1.2e-09)
(0 -0 -1.4e-09)
(0 -0 -4.228388e-18)
(0 -0 2e-09)
(0 -0 -1.4e-09)
(0 -0 -6e-10)
(0 -0 4.2e-09)
(0 -0 7.2334e-06)
(0 -0 0.00896471)
(0 -0 0.01037638)
(0 -0 8.3682e-06)
(0 -0 3.4e-09)
(0 -0 2e-09)
(0 -0 2e-09)
(0 -0 -4.98733e-18)
(0 -0 -9.324139e-18)
(0 -0 8.673617e-19)
(0 -0 1.6e-09)
(0 -0 -6e-10)
(0 -0 -1.4e-09)
(0 -0 -2e-10)
(0 -0 4e-10)
(0 -0 2e-10)
(0 -0 1.2e-09)
(0 -0 2e-10)
(0 -0 2e-10)
(0 -0 -7.6e-10)
(0 -0 4.2e-10)
(0 -0 -1.84e-09)
(0 -0 1.34e-09)
(0 -0 -2e-10)
(0 -0 6.4e-10)
(0 -0 -6e-10)
(0 -0 -2e-10)
(0 -0 1e-09)
(0 -0 2e-10)
(0 -0 -6e-10)
(0 -0 2e-10)
(0 -0 2e-10)
(0 -0 1.4e-09)
(0 -0 -8e-10)
(0 -0 -2e-09)
(0 -0 -2e-09)
(0 -0 2e-09)
(0 -0 2e-09)
(0 -0 5.09575e-18)
(0 -0 5.4e-09)
(0 -0 8.3752e-06)
(0 -0 0.01038266)
(0 -0 0.01223617)
(0 -0 9.8684e-06)
(0 -0 3.4e-09)
(0 -0 2e-09)
(0 -0 2.602085e-18)
(0 -0 2.602085e-18)
(0 -0 5.963112e-18)
(0 -0 -4e-10)
(0 -0 -1.4e-09)
(0 -0 8.673617e-19)
(0 -0 -4e-10)
(0 -0 -2e-10)
(0 -0 -1.301043e-18)
(0 -0 8e-10)
(0 -0 -6e-10)
(0 -0 8e-10)
(0 -0 -8e-10)
(0 -0 2.2e-10)
(0 -0 5.2e-10)
(0 -0 -3.2e-10)
(0 -0 9.6e-10)
(0 -0 3e-10)
(0 -0 1.12e-09)
(0 -0 -4e-10)
(0 -0 2e-10)
(0 -0 -2e-10)
(0 -0 6e-10)
(0 -0 5.09575e-18)
(0 -0 6e-10)
(0 -0 -6e-10)
(0 -0 4e-10)
(0 -0 -4.336809e-19)
(0 -0 8e-10)
(0 -0 -6.830474e-18)
(0 -0 1.734723e-18)
(0 -0 4.119968e-18)
(0 -0 -3.252607e-18)
(0 -0 8e-09)
(0 -0 9.87e-06)
(0 -0 0.01224537)
(0 -0 0.01484373)
(0 -0 1.19626e-05)
(0 -0 4.119968e-18)
(0 -0 2e-09)
(0 -0 1.734723e-18)
(0 -0 8.673617e-19)
(0 -0 3.252607e-18)
(0 -0 4e-10)
(0 -0 -1e-09)
(0 -0 1.8e-09)
(0 -0 2e-10)
(0 -0 1.8e-09)
(0 -0 -5.963112e-19)
(0 -0 -2e-10)
(0 -0 2e-10)
(0 -0 -8e-10)
(0 -0 -4e-10)
(0 -0 7.4e-10)
(0 -0 -2.4e-10)
(0 -0 1.32e-09)
(0 -0 -1.46e-09)
(0 -0 -2.6e-10)
(0 -0 -1.5e-09)
(0 -0 6e-10)
(0 -0 -6e-10)
(0 -0 -2e-10)
(0 -0 4e-10)
(0 -0 6e-10)
(0 -0 -1.6e-09)
(0 -0 6e-10)
(0 -0 4e-10)
(0 -0 -4e-10)
(0 -0 -4e-10)
(0 -0 -1.257675e-17)
(0 -0 -1.084202e-17)
(0 -0 -2e-09)
(0 -0 -4e-09)
(0 -0 1.4e-08)
(0 -0 1.19298e-05)
(0 -0 0.0148574)
(0 -0 0.01824855)
(0 -0 1.4964e-05)
(0 -0 -1.4e-08)
(0 -0 1e-08)
(0 -0 2e-09)
(0 -0 -2.602085e-18)
(0 -0 -5.20417e-18)
(0 -0 -2e-09)
(0 -0 -4e-10)
(0 -0 -1e-09)
(0 -0 -2.547875e-18)
(0 -0 -4e-10)
(0 -0 -8e-10)
(0 -0 -8e-10)
(0 -0 -1.057097e-18)
(0 -0 4e-10)
(0 -0 6e-10)
(0 -0 8e-11)
(0 -0 -2e-10)
(0 -0 7.6e-10)
(0 -0 -4e-10)
(0 -0 -1.04e-09)
(0 -0 -8e-10)
(0 -0 6e-10)
(0 -0 -6e-10)
(0 -0 -6e-10)
(0 -0 -1e-09)
(0 -0 -4e-10)
(0 -0 -8e-10)
(0 -0 4.662069e-18)
(0 -0 2e-10)
(0 -0 4e-10)
(0 -0 2e-10)
(0 -0 -1.01915e-17)
(0 -0 -2e-09)
(0 -0 8.673617e-19)
(0 -0 -1e-08)
(0 -0 3e-08)
(0 -0 1.4684e-05)
(0 -0 0.01827456)
(0 -0 0.02576055)
(0 -0 2.0762e-05)
(0 -0 -2.58e-07)
(0 -0 -2.6e-08)
(0 -0 -3.4e-08)
(0 -0 -2.8e-08)
(0 -0 -2.6e-08)
(0 -0 -2.52e-08)
(0 -0 -2.6e-08)
(0 -0 -2.68e-08)
(0 -0 -2.54e-08)
(0 -0 -2.76e-08)
(0 -0 -2.74e-08)
(0 -0 -2.62e-08)
(0 -0 -2.7e-08)
(0 -0 -2.7e-08)
(0 -0 -2.772e-08)
(0 -0 -2.86e-08)
(0 -0 -2.696e-08)
(0 -0 -2.856e-08)
(0 -0 -2.664e-08)
(0 -0 -2.84e-08)
(0 -0 -2.688e-08)
(0 -0 -2.884e-08)
(0 -0 -2.86e-08)
(0 -0 -2.8e-08)
(0 -0 -2.74e-08)
(0 -0 -3e-08)
(0 -0 -2.82e-08)
(0 -0 -3.08e-08)
(0 -0 -3.02e-08)
(0 -0 -2.98e-08)
(0 -0 -3.16e-08)
(0 -0 -3.02e-08)
(0 -0 -2.8e-08)
(0 -0 -2.2e-08)
(0 -0 -3e-08)
(0 -0 2.2e-07)
(0 -0 1.9874e-05)
(0 -0 0.02579295)
(0 -0 0.02874597)
(0 -0 1.732e-06)
(0 -0 -3.6798e-05)
(0 -0 -4.3432e-05)
(0 -0 -4.6794e-05)
(0 -0 -4.852e-05)
(0 -0 -4.94856e-05)
(0 -0 -5.00678e-05)
(0 -0 -5.04466e-05)
(0 -0 -5.07056e-05)
(0 -0 -5.08926e-05)
(0 -0 -5.10332e-05)
(0 -0 -5.11422e-05)
(0 -0 -5.123e-05)
(0 -0 -5.13028e-05)
(0 -0 -5.136438e-05)
(0 -0 -5.1418e-05)
(0 -0 -5.146604e-05)
(0 -0 -5.15112e-05)
(0 -0 -5.155478e-05)
(0 -0 -5.159638e-05)
(0 -0 -5.163706e-05)
(0 -0 -5.168114e-05)
(0 -0 -5.173094e-05)
(0 -0 -5.178468e-05)
(0 -0 -5.1846e-05)
(0 -0 -5.19186e-05)
(0 -0 -5.20074e-05)
(0 -0 -5.21164e-05)
(0 -0 -5.2255e-05)
(0 -0 -5.2444e-05)
(0 -0 -5.2703e-05)
(0 -0 -5.30818e-05)
(0 -0 -5.36648e-05)
(0 -0 -5.4634e-05)
(0 -0 -5.6362e-05)
(0 -0 -5.9732e-05)
(0 -0 -6.6372e-05)
(0 -0 -5.7444e-05)
(0 -0 0.02870574)
(0 -0 0.000990262)
(0 -0 -0.06380172)
(0 -0 -0.06381993)
(0 -0 -0.06384675)
(0 -0 -0.06384573)
(0 -0 -0.06384843)
(0 -0 -0.06384947)
(0 -0 -0.06384993)
(0 -0 -0.0638501)
(0 -0 -0.06385015)
(0 -0 -0.06385014)
(0 -0 -0.0638501)
(0 -0 -0.06385007)
(0 -0 -0.06385003)
(0 -0 -0.06385003)
(0 -0 -0.06385003)
(0 -0 -0.06385004)
(0 -0 -0.06385009)
(0 -0 -0.06385017)
(0 -0 -0.06385026)
(0 -0 -0.06385039)
(0 -0 -0.06385053)
(0 -0 -0.06385074)
(0 -0 -0.063851)
(0 -0 -0.06385128)
(0 -0 -0.06385166)
(0 -0 -0.06385211)
(0 -0 -0.06385267)
(0 -0 -0.06385336)
(0 -0 -0.06385426)
(0 -0 -0.06385541)
(0 -0 -0.06385696)
(0 -0 -0.06385913)
(0 -0 -0.06386228)
(0 -0 -0.06386717)
(0 -0 -0.06387563)
(0 -0 -0.06388442)
(0 -0 -0.06391926)
(0 -0 -0.06388974)
(0 -0 0.001017724)
(0 -0 -39.93578)
(0 -0 -40.0018)
(0 -0 -39.96564)
(0 -0 -39.96191)
(0 -0 -39.95549)
(0 -0 -39.95189)
(0 -0 -39.94948)
(0 -0 -39.94779)
(0 -0 -39.94655)
(0 -0 -39.94561)
(0 -0 -39.94488)
(0 -0 -39.94431)
(0 -0 -39.94385)
(0 -0 -39.94348)
(0 -0 -39.94319)
(0 -0 -39.94297)
(0 -0 -39.94279)
(0 -0 -39.94267)
(0 -0 -39.94259)
(0 -0 -39.94255)
(0 -0 -39.94255)
(0 -0 -39.94259)
(0 -0 -39.94267)
(0 -0 -39.94279)
(0 -0 -39.94296)
(0 -0 -39.94319)
(0 -0 -39.94348)
(0 -0 -39.94384)
(0 -0 -39.9443)
(0 -0 -39.94487)
(0 -0 -39.9456)
(0 -0 -39.94654)
(0 -0 -39.94777)
(0 -0 -39.94946)
(0 -0 -39.95187)
(0 -0 -39.95545)
(0 -0 -39.96188)
(0 -0 -39.96555)
(0 -0 -40.00178)
(0 -0 -39.93572)
)
;

boundaryField
{
    movingWall
    {
        type            calculated;
        value           nonuniform List<vector> 
40
(
(0 -0 -79.81435)
(0 -0 -79.89704)
(0 -0 -79.80869)
(0 -0 -79.79969)
(0 -0 -79.78491)
(0 -0 -79.77696)
(0 -0 -79.77178)
(0 -0 -79.76822)
(0 -0 -79.76566)
(0 -0 -79.76373)
(0 -0 -79.76224)
(0 -0 -79.76107)
(0 -0 -79.76014)
(0 -0 -79.75941)
(0 -0 -79.75882)
(0 -0 -79.75836)
(0 -0 -79.75802)
(0 -0 -79.75776)
(0 -0 -79.7576)
(0 -0 -79.75752)
(0 -0 -79.75752)
(0 -0 -79.7576)
(0 -0 -79.75776)
(0 -0 -79.75801)
(0 -0 -79.75836)
(0 -0 -79.75881)
(0 -0 -79.7594)
(0 -0 -79.76013)
(0 -0 -79.76106)
(0 -0 -79.76222)
(0 -0 -79.7637)
(0 -0 -79.76562)
(0 -0 -79.76818)
(0 -0 -79.77172)
(0 -0 -79.77689)
(0 -0 -79.78481)
(0 -0 -79.79962)
(0 -0 -79.80847)
(0 -0 -79.89699)
(0 -0 -79.81421)
)
;
    }
    fixedWalls
    {
        type            calculated;
        value           nonuniform List<vector> 
120
(
(0 -0 0.0001310236)
(0 -0 0.0002628433)
(0 -0 0.0004400939)
(0 -0 0.0006202247)
(0 -0 0.000804379)
(0 -0 0.0009937684)
(0 -0 0.001189651)
(0 -0 0.001393349)
(0 -0 0.001606255)
(0 -0 0.00182986)
(0 -0 0.002065762)
(0 -0 0.002315697)
(0 -0 0.002581561)
(0 -0 0.002865447)
(0 -0 0.003169687)
(0 -0 0.0034969)
(0 -0 0.003850057)
(0 -0 0.004232566)
(0 -0 0.004648378)
(0 -0 0.005102119)
(0 -0 0.005599279)
(0 -0 0.006146453)
(0 -0 0.006751674)
(0 -0 0.007424867)
(0 -0 0.008178505)
(0 -0 0.009028514)
(0 -0 0.009995687)
(0 -0 0.01110775)
(0 -0 0.01240268)
(0 -0 0.01393427)
(0 -0 0.01578162)
(0 -0 0.01806667)
(0 -0 0.02098821)
(0 -0 0.02487775)
(0 -0 0.03045869)
(0 -0 0.03786789)
(0 -0 0.05515554)
(0 -0 0.06228966)
(0 -0 0.08620095)
(0 -0 -39.86559)
(0 -0 0.00013103)
(0 -0 0.0002628564)
(0 -0 0.0004401161)
(0 -0 0.0006202565)
(0 -0 0.0008044217)
(0 -0 0.0009938223)
(0 -0 0.001189718)
(0 -0 0.00139343)
(0 -0 0.001606354)
(0 -0 0.001829978)
(0 -0 0.002065902)
(0 -0 0.002315863)
(0 -0 0.002581758)
(0 -0 0.002865681)
(0 -0 0.003169964)
(0 -0 0.003497228)
(0 -0 0.003850445)
(0 -0 0.004233028)
(0 -0 0.004648926)
(0 -0 0.005102773)
(0 -0 0.00560006)
(0 -0 0.00614739)
(0 -0 0.006752803)
(0 -0 0.007426234)
(0 -0 0.008180164)
(0 -0 0.009030557)
(0 -0 0.009998221)
(0 -0 0.01111092)
(0 -0 0.01240671)
(0 -0 0.01393948)
(0 -0 0.01578851)
(0 -0 0.01807604)
(0 -0 0.02100143)
(0 -0 0.02489748)
(0 -0 0.03048865)
(0 -0 0.03792726)
(0 -0 0.05522918)
(0 -0 0.06238347)
(0 -0 0.08638464)
(0 -0 -39.86557)
(0 -0 0.0001307529)
(0 -0 0.0002609356)
(0 -0 0.0004331565)
(0 -0 0.0006026205)
(0 -0 0.0007682124)
(0 -0 0.0009288818)
(0 -0 0.00108362)
(0 -0 0.001231463)
(0 -0 0.001371507)
(0 -0 0.001502902)
(0 -0 0.001624865)
(0 -0 0.00173668)
(0 -0 0.001837699)
(0 -0 0.001927347)
(0 -0 0.002005121)
(0 -0 0.002070588)
(0 -0 0.002123391)
(0 -0 0.002163244)
(0 -0 0.002189934)
(0 -0 0.002203316)
(0 -0 0.00220332)
(0 -0 0.002189946)
(0 -0 0.002163265)
(0 -0 0.002123419)
(0 -0 0.002070623)
(0 -0 0.002005161)
(0 -0 0.001927393)
(0 -0 0.001837748)
(0 -0 0.001736732)
(0 -0 0.001624918)
(0 -0 0.001502956)
(0 -0 0.001371559)
(0 -0 0.001231513)
(0 -0 0.001083666)
(0 -0 0.0009289231)
(0 -0 0.0007682478)
(0 -0 0.000602649)
(0 -0 0.0004331773)
(0 -0 0.0002609483)
(0 -0 0.0001307592)
)
;
    }
    frontAndBack
    {
        type            empty;
    }
}


// ************************************************************************* //
