/*--------------------------------*- C++ -*----------------------------------*\
| =========                 |                                                 |
| \\      /  F ield         | OpenFOAM: The Open Source CFD Toolbox           |
|  \\    /   O peration     | Version:  2412                                  |
|   \\  /    A nd           | Website:  www.openfoam.com                      |
|    \\/     M anipulation  |                                                 |
\*---------------------------------------------------------------------------*/
FoamFile
{
    version     2.0;
    format      ascii;
    arch        "LSB;label=32;scalar=64";
    class       volScalarField;
    location    "0.35";
    object      p;
}
// * * * * * * * * * * * * * * * * * * * * * * * * * * * * * * * * * * * * * //

dimensions      [0 2 -2 0 0 0 0];

internalField   nonuniform List<scalar> 
1600
(
1.0174e-11
5.361296e-07
1.611625e-06
3.219202e-06
5.348533e-06
7.985942e-06
1.111455e-05
1.471439e-05
1.876261e-05
2.323362e-05
2.809929e-05
3.332917e-05
3.889066e-05
4.47493e-05
5.086893e-05
5.721195e-05
6.373951e-05
7.041177e-05
7.718811e-05
8.402734e-05
9.088794e-05
9.772825e-05
0.0001045067
0.0001111821
0.0001177137
0.0001240616
0.0001301868
0.0001360516
0.0001416197
0.0001468564
0.0001517291
0.000156207
0.0001602618
0.0001638679
0.0001670022
0.0001696445
0.000171778
0.0001733888
0.0001744664
0.0001750036
-5.350887e-07
4.441969e-09
1.086778e-06
2.704558e-06
4.84737e-06
7.501424e-06
1.06497e-05
1.427208e-05
1.834554e-05
2.284429e-05
2.774e-05
3.3002e-05
3.859751e-05
4.449181e-05
5.064854e-05
5.702987e-05
6.359674e-05
7.030908e-05
7.712606e-05
8.400626e-05
9.090795e-05
9.778925e-05
0.0001046084
0.0001113239
0.0001178949
0.0001242812
0.0001304437
0.0001363443
0.0001419465
0.0001472155
0.0001521183
0.0001566241
0.0001607044
0.0001643331
0.0001674872
0.0001701463
0.0001722934
0.0001739144
0.000174999
0.0001755396
-1.616471e-06
-1.070037e-06
2.613857e-08
1.664565e-06
3.834653e-06
6.52238e-06
9.710446e-06
1.337842e-05
1.75029e-05
2.205773e-05
2.701417e-05
3.234112e-05
3.800535e-05
4.397172e-05
5.020341e-05
5.666213e-05
6.33084e-05
7.010169e-05
7.700074e-05
8.396368e-05
9.094836e-05
9.791245e-05
0.0001048138
0.0001116104
0.0001182609
0.0001247249
0.0001309625
0.0001369354
0.0001426067
0.0001479409
0.0001529048
0.000157467
0.0001615985
0.0001652732
0.0001684673
0.0001711603
0.0001733348
0.0001749766
0.0001760751
0.0001766227
-3.250204e-06
-2.69332e-06
-1.576199e-06
9.347413e-08
2.304836e-06
5.04351e-06
8.29177e-06
1.202869e-05
1.623034e-05
2.086995e-05
2.591817e-05
3.134326e-05
3.711132e-05
4.318654e-05
4.953143e-05
5.610702e-05
6.287315e-05
6.978864e-05
7.681156e-05
8.38994e-05
9.100932e-05
9.809837e-05
0.0001051237
0.0001120427
0.0001188134
0.0001253945
0.0001317457
0.0001378279
0.0001436034
0.0001490363
0.0001540924
0.0001587398
0.000162949
0.000166693
0.0001699478
0.0001726921
0.0001749081
0.0001765814
0.000177701
0.0001782592
-5.446907e-06
-4.875934e-06
-3.730573e-06
-2.018782e-06
2.48205e-07
3.055528e-06
6.384874e-06
1.021465e-05
1.452018e-05
1.92739e-05
2.444562e-05
3.00027e-05
3.591037e-05
4.213191e-05
4.862891e-05
5.536151e-05
6.228864e-05
6.936825e-05
7.65575e-05
8.381303e-05
9.109113e-05
9.834797e-05
0.0001055398
0.0001126232
0.0001195553
0.0001262939
0.0001327977
0.0001390268
0.0001449425
0.000150508
0.0001556882
0.0001604504
0.0001647641
0.0001686016
0.0001719379
0.0001747514
0.0001770235
0.0001787392
0.0001798872
0.0001804596
-8.220818e-06
-7.63199e-06
-6.450846e-06
-4.685692e-06
-2.348246e-06
5.460062e-07
3.977999e-06
7.925277e-06
1.236221e-05
1.72602e-05
2.258799e-05
2.831182e-05
3.439578e-05
4.080201e-05
4.749094e-05
5.442159e-05
6.155176e-05
6.883827e-05
7.623721e-05
8.370411e-05
9.119417e-05
9.86625e-05
0.0001060643
0.000113355
0.0001204905
0.0001274277
0.0001341241
0.0001405386
0.0001466314
0.0001523645
0.0001577016
0.0001626089
0.0001670549
0.0001710106
0.0001744503
0.0001773513
0.0001796943
0.0001814638
0.0001826479
0.0001832383
-1.158998e-05
-1.097937e-05
-9.754571e-06
-7.924331e-06
-5.500969e-06
-2.500758e-06
1.056299e-06
5.146671e-06
9.743539e-06
1.481705e-05
2.03346e-05
2.626107e-05
3.255915e-05
3.918957e-05
4.61114e-05
5.328226e-05
6.065861e-05
6.819592e-05
7.584898e-05
8.3572e-05
9.131891e-05
9.904352e-05
0.0001066997
0.0001142416
0.000121624
0.0001288021
0.0001357322
0.0001423718
0.0001486797
0.0001546164
0.0001601444
0.0001652283
0.0001698351
0.0001739349
0.0001775006
0.0001805083
0.000182938
0.000184773
0.0001860012
0.0001866134
-1.557642e-05
-1.493989e-05
-1.366315e-05
-1.17555e-05
-9.229989e-06
-6.103854e-06
-2.398248e-06
1.86199e-06
6.648601e-06
1.19302e-05
1.767256e-05
2.383895e-05
3.039036e-05
3.728589e-05
4.448295e-05
5.193755e-05
5.960455e-05
6.743788e-05
7.539078e-05
8.341599e-05
9.146592e-05
9.949289e-05
0.0001074493
0.0001152878
0.0001229615
0.0001304242
0.0001376305
0.0001445363
0.0001510988
0.0001572767
0.0001630308
0.000168324
0.0001731219
0.0001773927
0.000181108
0.0001842426
0.0001867752
0.0001886884
0.0001899688
0.0001906073
-2.020633e-05
-1.953949e-05
-1.820203e-05
-1.62039e-05
-1.355905e-05
-1.028589e-05
-6.406946e-06
-1.94864e-06
3.059047e-06
8.582895e-06
1.458678e-05
2.1032e-05
2.787764e-05
3.508083e-05
4.259707e-05
5.038051e-05
5.83842e-05
6.656029e-05
7.486028e-05
8.323521e-05
9.163583e-05
0.0001000128
0.0001083167
0.0001164986
0.0001245098
0.0001323024
0.0001398291
0.0001470439
0.000153902
0.0001603603
0.0001663774
0.0001719145
0.000176935
0.0001814053
0.0001852953
0.0001885781
0.000191231
0.0001932354
0.0001945771
0.0001952461
-2.551035e-05
-2.48085e-05
-2.340092e-05
-2.129835e-05
-1.851583e-05
-1.507315e-05
-1.099452e-05
-6.308225e-06
-1.046305e-06
4.755855e-06
1.105989e-05
1.782484e-05
2.500751e-05
3.256281e-05
4.044405e-05
4.860327e-05
5.699145e-05
6.555878e-05
7.425482e-05
8.302872e-05
9.182935e-05
0.0001006055
0.000109306
0.0001178799
0.0001262767
0.0001344462
0.0001423394
0.0001499079
0.0001571047
0.0001638845
0.0001702037
0.0001760209
0.0001812975
0.0001859975
0.0001900888
0.0001935426
0.0001963343
0.0001984441
0.0001998566
0.0002005609
-3.152384e-05
-3.078192e-05
-2.929408e-05
-2.707203e-05
-2.413211e-05
-2.049579e-05
-1.618924e-05
-1.124301e-05
-5.691549e-06
4.272147e-07
7.072302e-06
1.420012e-05
2.176487e-05
2.97189e-05
3.801308e-05
4.659706e-05
5.541955e-05
6.442853e-05
7.357146e-05
8.279542e-05
9.204728e-05
0.0001012738
0.0001104218
0.0001194383
0.0001282705
0.0001368663
0.000145174
0.0001531431
0.0001607241
0.0001678689
0.0001745313
0.0001806674
0.0001862357
0.0001911978
0.0001955189
0.000199168
0.0002021186
0.0002043489
0.0002058424
0.0002065872
-3.828731e-05
-3.74998e-05
-3.592068e-05
-3.356282e-05
-3.044411e-05
-2.658804e-05
-2.202314e-05
-1.678262e-05
-1.090376e-05
-4.427503e-06
2.602153e-06
1.013858e-05
1.813299e-05
2.653487e-05
3.52923e-05
4.435231e-05
5.366109e-05
6.316426e-05
7.280698e-05
8.253414e-05
9.229045e-05
0.0001020205
0.000111669
0.0001211808
0.0001305007
0.0001395741
0.0001483471
0.0001567662
0.0001647792
0.0001723352
0.0001793848
0.000185881
0.0001917793
0.0001970381
0.0002016199
0.0002054908
0.0002086219
0.0002109894
0.0002125751
0.0002133659
-4.584682e-05
-4.500766e-05
-4.332517e-05
-4.08136e-05
-3.749274e-05
-3.338847e-05
-2.853216e-05
-2.296014e-05
-1.671309e-05
-9.835411e-06
-2.374647e-06
5.619091e-06
1.409364e-05
2.299522e-05
3.226886e-05
4.185867e-05
5.170814e-05
6.176032e-05
7.195795e-05
8.224361e-05
9.255973e-05
0.0001028487
0.000113053
0.0001231149
0.0001329771
0.0001425823
0.0001518738
0.0001607952
0.0001692911
0.0001773073
0.0001847911
0.0001916919
0.0001979614
0.0002035547
0.0002084306
0.0002125521
0.0002158875
0.0002184103
0.0002201005
0.0002209435
-5.425454e-05
-5.335702e-05
-5.155779e-05
-4.887275e-05
-4.532399e-05
-4.094027e-05
-3.575636e-05
-2.981231e-05
-2.315278e-05
-1.582626e-05
-7.884376e-06
6.187655e-07
9.627155e-06
1.908339e-05
2.892908e-05
3.91052e-05
4.955231e-05
6.021075e-05
7.102074e-05
8.192245e-05
9.285602e-05
0.0001037615
0.0001145791
0.0001252487
0.0001357103
0.0001459041
0.0001557703
0.0001652493
0.0001742823
0.0001828114
0.00019078
0.0001981332
0.0002048189
0.0002107878
0.0002159945
0.0002203984
0.0002239641
0.0002266623
0.0002284706
0.0002293726
-6.356941e-05
-6.260605e-05
-6.067511e-05
-5.77946e-05
-5.398933e-05
-4.929158e-05
-4.374016e-05
-3.737961e-05
-3.025927e-05
-2.243241e-05
-1.395541e-05
-4.886942e-06
4.712633e-06
1.478186e-05
2.525862e-05
3.608048e-05
4.71849e-05
5.85094e-05
6.999161e-05
8.156927e-05
9.31802e-05
0.0001047622
0.000116253
0.0001275903
0.0001387114
0.0001495535
0.0001600537
0.0001701492
0.0001797772
0.0001888756
0.0001973836
0.0002052415
0.0002123923
0.0002187818
0.0002243599
0.0002290814
0.0002329065
0.0002358026
0.0002377441
0.0002387129
-7.385795e-05
-7.282027e-05
-7.07408e-05
-6.764004e-05
-6.354621e-05
-5.849582e-05
-5.253259e-05
-4.57064e-05
-3.807215e-05
-2.968876e-05
-2.061807e-05
-1.092402e-05
-6.718659e-07
1.007244e-05
2.12427e-05
3.277284e-05
4.459708e-05
5.665005e-05
6.886677e-05
8.11826e-05
9.353311e-05
0.0001058539
0.0001180805
0.000130148
0.0001419913
0.0001535446
0.0001647418
0.0001755163
0.0001858013
0.0001955301
0.0002046366
0.0002130562
0.000220726
0.0002275861
0.0002335807
0.0002386589
0.0002427762
0.0002458953
0.0002479873
0.0002490314
-8.519516e-05
-8.407353e-05
-8.182635e-05
-7.847726e-05
-7.405862e-05
-6.861214e-05
-6.21875e-05
-5.4841e-05
-4.663419e-05
-3.763258e-05
-2.790441e-05
-1.751963e-05
-6.548997e-06
4.936541e-06
1.686639e-05
2.917062e-05
4.178009e-05
5.462655e-05
6.764248e-05
8.076099e-05
9.391554e-05
0.0001070397
0.0001200668
0.0001329299
0.0001455611
0.0001578919
0.0001698527
0.0001813729
0.0001923814
0.0002028064
0.0002125762
0.00022162
0.0002298683
0.0002372546
0.0002437162
0.0002491955
0.0002536419
0.0002570128
0.0002592749
0.0002604041
-9.766579e-05
-9.64491e-05
-9.401216e-05
-9.038254e-05
-8.559772e-05
-7.970584e-05
-7.276384e-05
-6.483579e-05
-5.599119e-05
-4.630334e-05
-3.58479e-05
-2.47017e-05
-1.294172e-05
-6.443563e-07
1.211505e-05
2.526252e-05
3.872557e-05
5.243309e-05
6.631523e-05
8.030303e-05
9.432813e-05
0.0001083223
0.0001222172
0.0001359436
0.0001494315
0.0001626093
0.0001754041
0.0001877413
0.0001995449
0.0002107377
0.0002212415
0.0002309785
0.0002398718
0.0002478466
0.0002548322
0.000260763
0.0002655808
0.0002692363
0.000271691
0.0002729167
-0.0001113657
-0.000110041
-0.0001073887
-0.0001034413
-9.824263e-05
-9.184886e-05
-8.432587e-05
-7.574718e-05
-6.619181e-05
-5.574229e-05
-4.448295e-05
-3.249845e-05
-1.987273e-05
-6.688194e-06
6.97478e-06
2.103808e-05
3.542589e-05
5.006445e-05
6.488182e-05
7.980738e-05
9.477134e-05
0.0001097041
0.0001245359
0.0001391959
0.0001536119
0.0001677097
0.0001814132
0.0001946435
0.0002073194
0.0002193577
0.0002306733
0.0002411802
0.0002507927
0.0002594265
0.000267001
0.000273441
0.000278679
0.0002826574
0.000285331
0.0002866665
-0.0001264038
-0.0001249559
-0.0001220581
-0.0001177492
-0.0001120813
-0.0001051203
-9.694337e-05
-8.763551e-05
-7.728723e-05
-6.599201e-05
-5.384425e-05
-4.093759e-05
-2.736374e-05
-1.321161e-05
1.433136e-06
1.648822e-05
3.187463e-05
4.751632e-05
6.333967e-05
7.927291e-05
9.524537e-05
0.0001111868
0.0001270264
0.0001426922
0.0001581105
0.0001732048
0.0001878957
0.0002021002
0.0002157318
0.0002287007
0.0002409138
0.000252276
0.0002626913
0.0002720642
0.0002803023
0.0002873184
0.0002930334
0.0002973795
0.0003003029
0.0003017639
-0.0001429043
-0.000141315
-0.0001381359
-0.0001334139
-0.0001272113
-0.000119607
-0.0001106918
-0.0001005648
-8.933063e-05
-7.709562e-05
-6.396595e-05
-5.004549e-05
-3.543455e-05
-2.022904e-05
-4.520094e-06
1.160593e-05
2.806718e-05
4.478575e-05
6.1687e-05
7.869871e-05
9.575011e-05
0.0001127709
0.0001296904
0.0001464361
0.0001629333
0.0001791037
0.000194865
0.0002101302
0.0002248075
0.0002387997
0.0002520052
0.0002643185
0.0002756314
0.0002858354
0.0002948234
0.0003024936
0.0003087527
0.0003135197
0.0003167298
0.000318335
-0.0001610095
-0.0001592568
-0.0001557532
-0.0001505562
-0.0001437415
-0.0001354041
-0.0001256522
-0.0001146025
-0.0001023764
-8.909576e-05
-7.488043e-05
-5.984584e-05
-4.410177e-05
-2.775155e-05
-1.089183e-05
6.38722e-06
2.400138e-05
4.187163e-05
5.992316e-05
7.808424e-05
9.628501e-05
0.0001144562
0.000132528
0.0001504286
0.000168083
0.0001854119
0.0002023308
0.0002187489
0.0002345688
0.000249686
0.0002639893
0.0002773613
0.0002896801
0.000300821
0.0003106598
0.0003190765
0.0003259595
0.0003312111
0.0003347525
0.0003365246
-0.0001808836
-0.0001789406
-0.0001750599
-0.0001693127
-0.0001617927
-0.0001526154
-0.000141911
-0.0001298183
-0.0001164788
-0.0001020331
-8.661672e-05
-7.035809e-05
-5.33773e-05
-3.578542e-05
-1.768452e-05
8.319262e-07
1.967819e-05
3.877513e-05
5.804889e-05
7.742942e-05
9.684902e-05
0.0001162408
0.0001355369
0.0001546674
0.0001735584
0.0001921306
0.0002102979
0.0002279666
0.0002450337
0.0002613872
0.0002769054
0.0002914578
0.0003049064
0.0003171075
0.0003279159
0.0003371889
0.000344792
0.0003506058
0.0003545331
0.0003565
-0.0002027178
-0.0002005509
-0.0001962277
-0.0001898382
-0.0001814994
-0.0001713538
-0.0001595598
-0.0001462832
-0.0001316908
-0.0001159446
-9.919843e-05
-8.159532e-05
-6.326638e-05
-4.433061e-05
-2.489491e-05
-5.055119e-06
1.510265e-05
3.550045e-05
5.606678e-05
7.673478e-05
9.744043e-05
0.0001181207
0.0001387115
0.0001591461
0.0001793532
0.0001992548
0.0002187646
0.0002377867
0.0002562135
0.000273925
0.0002907887
0.0003066594
0.0003213803
0.0003347858
0.0003467049
0.0003569665
0.000365407
0.0003718786
0.0003762595
0.0003784562
-0.0002267365
-0.000224303
-0.0002194552
-0.0002123084
-0.0002030111
-0.0001917414
-0.0001786936
-0.0001640677
-0.0001480607
-0.0001308602
-0.0001126409
-9.356173e-05
-7.376564e-05
-5.337888e-05
-3.251223e-05
-1.126261e-05
1.028502e-05
3.205559e-05
5.398173e-05
7.600162e-05
9.805677e-05
0.0001200899
0.0001420425
0.0001638531
0.0001854545
0.0002067719
0.0002277206
0.0002482036
0.0002681098
0.0002873124
0.000305667
0.0003230123
0.0003391708
0.0003539504
0.0003671489
0.0003785601
0.0003879827
0.0003952316
0.0004001517
0.0004026225
-0.0002532059
-0.000250451
-0.0002449733
-0.0002369237
-0.0002264938
-0.0002139089
-0.0001994097
-0.0001832387
-0.0001656296
-0.0001467999
-0.0001269478
-0.0001062499
-8.486014e-05
-6.291119e-05
-4.051615e-05
-1.777118e-05
5.241951e-06
2.845318e-05
5.180147e-05
7.523221e-05
9.869467e-05
0.0001221394
0.000145516
0.0001687701
0.0001918411
0.0002146596
0.0002371444
0.0002591997
0.0002807125
0.00030155
0.000321557
0.0003405549
0.0003583423
0.0003746968
0.0003893783
0.0004021368
0.0004127223
0.0004209
0.0004264693
0.0004292718
-0.0002824464
-0.0002792971
-0.0002730525
-0.0002639134
-0.0002521312
-0.0002379945
-0.0002218041
-0.0002038554
-0.0001844259
-0.0001637683
-0.0001421072
-0.0001196364
-9.65199e-05
-7.289485e-05
-4.887447e-05
-2.455159e-05
-2.160207e-09
2.471143e-05
4.953709e-05
7.443e-05
9.93497e-05
0.0001242573
0.0001491126
0.0001738713
0.0001984821
0.0002228836
0.0002470009
0.000270742
0.0002939947
0.000316622
0.0003384594
0.0003593115
0.0003789504
0.0003971183
0.0004135302
0.000427881
0.0004398581
0.0004491599
0.0004555221
0.0004587332
-0.000314849
-0.000311206
-0.0003040127
-0.00029354
-0.0002801248
-0.0002641407
-0.0002459663
-0.0002259626
-0.0002044593
-0.00018175
-0.0001580861
-0.0001336774
-0.0001086959
-8.328036e-05
-5.754063e-05
-3.156286e-05
-5.413778e-06
2.085508e-05
4.720365e-05
7.359983e-05
0.0001000163
0.0001264275
0.0001528064
0.0001791218
0.0002053347
0.0002313949
0.0002572375
0.0002827781
0.0003079082
0.0003324904
0.0003563533
0.0003792861
0.0004010348
0.0004213003
0.0004397444
0.0004559943
0.0004696559
0.0004803379
0.0004876847
0.0004914094
-0.0003509
-0.0003466227
-0.0003382347
-0.0003261037
-0.0003106925
-0.0002924888
-0.0002719715
-0.0002495814
-0.0002257124
-0.0002007005
-0.0001748227
-0.0001483025
-0.0001213156
-9.399778e-05
-6.645101e-05
-3.875023e-05
-1.094884e-05
1.691631e-05
4.482066e-05
7.274812e-05
0.0001006876
0.00012863
0.0001565646
0.0001844764
0.0002123424
0.0002401278
0.0002677814
0.0002952311
0.0003223775
0.0003490877
0.0003751874
0.0004004541
0.000424609
0.0004473113
0.0004681577
0.0004866932
0.000502419
0.0005148231
0.0005234149
0.000527803
-0.0003912169
-0.0003860975
-0.0003761765
-0.0003619464
-0.0003440647
-0.0003231693
-0.0002998669
-0.0002746988
-0.0002481294
-0.0002205362
-0.0001922188
-0.0001634083
-0.0001342777
-0.000104953
-7.552221e-05
-4.604334e-05
-1.65515e-05
1.293554e-05
4.241261e-05
7.18831e-05
0.0001013555
0.0001308402
0.0001603463
0.0001898786
0.0002194337
0.0002489966
0.0002785353
0.0003079956
0.0003372937
0.0003663081
0.0003948694
0.0004227494
0.0004496492
0.0004751879
0.0004988922
0.0005202038
0.0005384911
0.0005530831
0.0005632801
0.0005685551
-0.0004366044
-0.0004303184
-0.0004183922
-0.0004014512
-0.0003804735
-0.0003562841
-0.0003296551
-0.0003012492
-0.0002715997
-0.000241122
-0.0002101295
-0.0001788509
-0.0001474468
-0.0001160241
-8.464859e-05
-5.335461e-05
-2.215307e-05
8.962069e-06
4.000921e-05
7.101489e-05
0.0001020105
0.000133029
0.0001641026
0.0001952593
0.00022652
0.0002578938
0.0002893741
0.0003209316
0.0003525064
0.0003839981
0.0004152529
0.0004460483
0.0004760748
0.0005049171
0.0005320353
0.000556749
0.0005782544
0.0005956833
0.000607991
0.0006145049
-0.0004881564
-0.0004801562
-0.0004655575
-0.0004450348
-0.0004201319
-0.000391876
-0.0003612684
-0.0003290899
-0.000295939
-0.0002622558
-0.0002283521
-0.0001944384
-0.0001606484
-0.0001270579
-9.370033e-05
-6.057824e-05
-2.767205e-05
5.053691e-06
3.764518e-05
7.015552e-05
0.0001026419
0.0001351629
0.0001677765
0.0002005377
0.0002334953
0.0002666886
0.0003001423
0.0003338601
0.0003678167
0.0004019452
0.0004361226
0.0004701489
0.0005037222
0.0005364082
0.000567607
0.0005965235
0.0006221179
0.0006433106
0.0006584471
0.0006667982
-0.0005472959
-0.0005366889
-0.0005184926
-0.0004931203
-0.0004631879
-0.0004298965
-0.0003945281
-0.0003579689
-0.0003208635
-0.0002836506
-0.0002466138
-0.0002099227
-0.0001736643
-0.0001378679
-0.0001025231
-6.75912e-05
-3.301456e-05
1.276673e-06
3.536027e-05
6.931891e-05
0.000103238
0.0001372042
0.0001713038
0.0002056214
0.0002402376
0.0002752266
0.0003106517
0.0003465594
0.0003829699
0.0004198662
0.0004571758
0.0004947462
0.0005323116
0.0005694488
0.0006055224
0.0006396398
0.0006704836
0.0006967942
0.0007157632
0.0007269488
-0.0006168933
-0.0006014624
-0.0005782683
-0.0005460789
-0.0005096639
-0.0004701338
-0.0004290888
-0.0003874828
-0.000345961
-0.0003049152
-0.0002645608
-0.0002249936
-0.0001862301
-0.0001482354
-0.00011094
-7.425394e-05
-3.807527e-05
-2.295249e-06
3.319861e-05
6.852072e-05
0.0001037865
0.0001391121
0.0001746138
0.0002104078
0.0002466096
0.0002833323
0.000320684
0.000358763
0.0003976505
0.0004373968
0.0004780045
0.0005194023
0.0005614032
0.0006036462
0.0006455136
0.0006860636
0.0007236691
0.0007571949
0.000781508
0.0007979361
-0.0006952766
-0.0006745297
-0.0006455527
-0.0006039847
-0.0005593235
-0.0005120966
-0.0004643567
-0.0004170218
-0.0003706577
-0.0003255359
-0.0002817475
-0.0002392773
-0.0001980399
-0.0001579125
-0.0001187535
-8.041325e-05
-4.273998e-05
-5.582775e-06
3.120746e-05
6.777793e-05
0.0001042747
0.0001408436
0.0001776314
0.0002147871
0.0002524622
0.0002908118
0.0003299937
0.0003701659
0.0004114825
0.0004540836
0.0004980785
0.0005435147
0.0005903426
0.0006383416
0.0006870034
0.0007354579
0.0007816399
0.0008251784
0.0008557488
0.0008785729
-0.0008095309
-0.000765871
-0.0007268504
-0.000667882
-0.0006118459
-0.0005550178
-0.0004994479
-0.0004457339
-0.0003941902
-0.0003448608
-0.000297642
-0.0002523455
-0.0002087504
-0.0001666275
-0.0001257517
-8.590738e-05
-4.688961e-05
-8.503901e-06
2.943559e-05
6.710834e-05
0.00010469
0.0001423553
0.0001802803
0.0002186458
0.0002576396
0.0002974594
0.0003383149
0.0003804296
0.00042404
0.0004693928
0.000516735
0.0005662937
0.0006182302
0.0006725747
0.0007291187
0.0007873919
0.0008454
0.0009073322
0.0009487818
0.0009955391
-0.0009010026
-0.000848232
-0.000802976
-0.000730075
-0.0006639685
-0.0005966742
-0.000532721
-0.0004723272
-0.0004155484
-0.0003621118
-0.0003116366
-0.000263724
-0.0002179936
-0.0001740967
-0.0001317182
-9.05739e-05
-5.040605e-05
-1.097798e-05
2.79308e-05
6.652957e-05
0.0001050209
0.0001436055
0.0001824864
0.0002218733
0.0002619874
0.0003030672
0.0003453734
0.0003891953
0.0004348566
0.0004827207
0.0005331916
0.0005867065
0.0006437072
0.0007045626
0.0007693487
0.0008379893
0.0009057369
0.0009829515
0.001030112
0.001091788
-0.001155831
-0.0009934001
-0.0009297933
-0.0008060284
-0.0007215854
-0.0006377165
-0.0005632815
-0.0004956387
-0.0004336872
-0.0003764374
-0.0003230725
-0.0002729133
-0.0002253937
-0.0001800381
-0.0001364422
-9.42573e-05
-5.31775e-05
-1.292902e-05
2.673849e-05
6.605939e-05
0.000105258
0.0001445578
0.0001841835
0.0002243687
0.0002653633
0.0003074405
0.0003509063
0.0003961107
0.0004434616
0.0004934429
0.0005466376
0.000603759
0.0006656912
0.0007335647
0.000808952
0.0008948053
0.0009818428
0.001112378
0.001182391
0.001354901
-0.001240477
-0.001068141
-0.0009936699
-0.0008545077
-0.0007608186
-0.000667593
-0.0005859865
-0.0005129479
-0.0004470361
-0.0003868607
-0.0003313017
-0.0002794636
-0.0002306296
-0.0001842191
-0.0001397548
-9.683609e-05
-5.511913e-05
-1.430178e-05
2.588865e-05
6.570511e-05
0.0001053894
0.0001451776
0.0001853115
0.0002260421
0.0002676397
0.0003104031
0.0003546719
0.0004008416
0.0004493839
0.0005008739
0.0005560245
0.0006157311
0.0006811188
0.0007535885
0.0008342987
0.0009275266
0.001018068
0.001166717
0.001233221
0.001439569
-0.001959288
-0.001246977
-0.00115223
-0.0009168236
-0.0008003155
-0.0006912691
-0.0006010287
-0.0005232339
-0.000454448
-0.0003924229
-0.0003355966
-0.000282841
-0.0002333114
-0.0001863529
-0.0001414424
-9.814904e-05
-5.610843e-05
-1.500316e-05
2.545116e-05
6.551705e-05
0.0001054447
0.0001454792
0.0001858683
0.0002268725
0.0002687729
0.0003118816
0.0003565559
0.0004032173
0.0004523773
0.0005046774
0.0005609511
0.0006223261
0.0006903976
0.0007675675
0.0008572524
0.0009679338
0.001084296
0.001333424
0.001443699
0.002189491
)
;

boundaryField
{
    movingWall
    {
        type            zeroGradient;
    }
    fixedWalls
    {
        type            zeroGradient;
    }
    frontAndBack
    {
        type            empty;
    }
}


// ************************************************************************* //
