/*--------------------------------*- C++ -*----------------------------------*\
| =========                 |                                                 |
| \\      /  F ield         | OpenFOAM: The Open Source CFD Toolbox           |
|  \\    /   O peration     | Version:  2412                                  |
|   \\  /    A nd           | Website:  www.openfoam.com                      |
|    \\/     M anipulation  |                                                 |
\*---------------------------------------------------------------------------*/
FoamFile
{
    version     2.0;
    format      ascii;
    arch        "LSB;label=32;scalar=64";
    class       surfaceScalarField;
    location    "0.35";
    object      phi;
}
// * * * * * * * * * * * * * * * * * * * * * * * * * * * * * * * * * * * * * //

dimensions      [0 3 -1 0 0 0 0];

oriented        oriented;

internalField   nonuniform List<scalar> 
3120
(
-1.886661e-08
1.88666e-08
-3.77176e-08
1.8851e-08
-5.632538e-08
1.860777e-08
-7.457034e-08
1.824497e-08
-9.233622e-08
1.776588e-08
-1.095108e-07
1.717454e-08
-1.259866e-07
1.647584e-08
-1.41662e-07
1.56754e-08
-1.564415e-07
1.477946e-08
-1.702363e-07
1.37948e-08
-1.829648e-07
1.272857e-08
-1.945531e-07
1.158826e-08
-2.049346e-07
1.038154e-08
-2.140508e-07
9.116221e-09
-2.21851e-07
7.800175e-09
-2.282923e-07
6.44128e-09
-2.333397e-07
5.047393e-09
-2.36966e-07
3.626329e-09
-2.391519e-07
2.185858e-09
-2.398856e-07
7.337065e-10
-2.391632e-07
-7.224257e-10
-2.369883e-07
-2.174845e-09
-2.333725e-07
-3.615847e-09
-2.283348e-07
-5.037692e-09
-2.219022e-07
-6.432594e-09
-2.141095e-07
-7.792717e-09
-2.049993e-07
-9.110176e-09
-1.946222e-07
-1.037706e-08
-1.830368e-07
-1.158546e-08
-1.703092e-07
-1.272754e-08
-1.565137e-07
-1.379556e-08
-1.417317e-07
-1.478202e-08
-1.26052e-07
-1.567969e-08
-1.095702e-07
-1.648177e-08
-9.238824e-08
-1.718196e-08
-7.461363e-08
-1.777461e-08
-5.635883e-08
-1.82548e-08
-3.774037e-08
-1.861846e-08
-1.887811e-08
-1.886226e-08
-1.887811e-08
-1.909439e-08
3.796099e-08
-3.817244e-08
3.792904e-08
-5.700382e-08
3.743915e-08
-7.546726e-08
3.670841e-08
-9.34449e-08
3.574352e-08
-1.10823e-07
3.455267e-08
-1.274929e-07
3.314575e-08
-1.433517e-07
3.153415e-08
-1.583027e-07
2.973051e-08
-1.722564e-07
2.77485e-08
-1.851305e-07
2.560261e-08
-1.968501e-07
2.330791e-08
-2.073485e-07
2.087991e-08
-2.165666e-07
1.833431e-08
-2.244534e-07
1.568696e-08
-2.309658e-07
1.295369e-08
-2.360687e-07
1.015028e-08
-2.397348e-07
7.292406e-09
-2.419445e-07
4.395649e-09
-2.426863e-07
1.475491e-09
-2.419561e-07
-1.452642e-09
-2.397576e-07
-4.373341e-09
-2.361023e-07
-7.271172e-09
-2.310094e-07
-1.013063e-08
-2.245059e-07
-1.293609e-08
-2.166267e-07
-1.567185e-08
-2.074148e-07
-1.832206e-08
-1.969211e-07
-2.087083e-08
-1.852043e-07
-2.330224e-08
-1.723313e-07
-2.56005e-08
-1.583769e-07
-2.775004e-08
-1.434232e-07
-2.973567e-08
-1.275601e-07
-3.154283e-08
-1.108841e-07
-3.315775e-08
-9.349833e-08
-3.45677e-08
-7.551172e-08
-3.576122e-08
-5.703818e-08
-3.672834e-08
-3.819583e-08
-3.746081e-08
-1.910621e-08
-3.795187e-08
-3.798433e-08
-1.933984e-08
5.730084e-08
-3.866259e-08
5.725179e-08
-5.773439e-08
5.651095e-08
-7.643195e-08
5.540597e-08
-9.463554e-08
5.394711e-08
-1.122298e-07
5.214688e-08
-1.291044e-07
5.00204e-08
-1.451553e-07
4.758502e-08
-1.602848e-07
4.486001e-08
-1.744025e-07
4.186619e-08
-1.874254e-07
3.862557e-08
-1.992786e-07
3.516102e-08
-2.098947e-07
3.149601e-08
-2.192146e-07
2.76543e-08
-2.271875e-07
2.365979e-08
-2.337701e-07
1.953635e-08
-2.389276e-07
1.530772e-08
-2.426326e-07
1.099743e-08
-2.448658e-07
6.62888e-09
-2.456156e-07
2.225264e-09
-2.448779e-07
-2.190307e-09
-2.426565e-07
-6.594751e-09
-2.389628e-07
-1.096494e-08
-2.338157e-07
-1.527764e-08
-2.272424e-07
-1.950942e-08
-2.192776e-07
-2.363665e-08
-2.099641e-07
-2.763553e-08
-1.993529e-07
-3.148209e-08
-1.875028e-07
-3.515232e-08
-1.74481e-07
-3.862233e-08
-1.603625e-07
-4.186852e-08
-1.452303e-07
-4.48679e-08
-1.291748e-07
-4.759829e-08
-1.122938e-07
-5.003876e-08
-9.469161e-08
-5.216989e-08
-7.647862e-08
-5.397421e-08
-5.777046e-08
-5.543649e-08
-3.868715e-08
-5.654412e-08
-1.935226e-08
-5.728677e-08
-5.733659e-08
-1.971075e-08
7.701159e-08
-3.94032e-08
7.694424e-08
-5.883816e-08
7.594591e-08
-7.788926e-08
7.445708e-08
-9.643392e-08
7.249176e-08
-1.143541e-07
7.006711e-08
-1.315375e-07
6.720375e-08
-1.478778e-07
6.392538e-08
-1.632761e-07
6.025825e-08
-1.776405e-07
5.623065e-08
-1.908874e-07
5.187246e-08
-2.02941e-07
4.721464e-08
-2.137339e-07
4.228886e-08
-2.232067e-07
3.712715e-08
-2.313086e-07
3.176163e-08
-2.379965e-07
2.622429e-08
-2.432357e-07
2.054686e-08
-2.46999e-07
1.476079e-08
-2.492673e-07
8.897205e-09
-2.500291e-07
2.986999e-09
-2.492803e-07
-2.939109e-09
-2.470246e-07
-8.850444e-09
-2.432733e-07
-1.471626e-08
-2.380453e-07
-2.050563e-08
-2.313673e-07
-2.618735e-08
-2.232741e-07
-3.172989e-08
-2.138082e-07
-3.710139e-08
-2.030206e-07
-4.226973e-08
-1.909702e-07
-4.720265e-08
-1.777246e-07
-5.186796e-08
-1.633593e-07
-5.62338e-08
-1.479582e-07
-6.026901e-08
-1.31613e-07
-6.394354e-08
-1.144228e-07
-6.72289e-08
-9.649407e-08
-7.009865e-08
-7.793934e-08
-7.252894e-08
-5.887688e-08
-7.449896e-08
-3.942956e-08
-7.599144e-08
-1.972408e-08
-7.699225e-08
-7.706067e-08
-2.02106e-08
9.722218e-08
-4.040118e-08
9.713483e-08
-6.032532e-08
9.587005e-08
-7.985243e-08
9.398419e-08
-9.885602e-08
9.149535e-08
-1.172146e-07
8.84257e-08
-1.348127e-07
8.480185e-08
-1.515417e-07
8.065432e-08
-1.673002e-07
7.601684e-08
-1.819953e-07
7.092567e-08
-1.955418e-07
6.541899e-08
-2.078634e-07
5.953626e-08
-2.188923e-07
5.331772e-08
-2.28569e-07
4.680393e-08
-2.368428e-07
4.003541e-08
-2.436709e-07
3.305241e-08
-2.490188e-07
2.589474e-08
-2.528597e-07
1.860172e-08
-2.551747e-07
1.12122e-08
-2.559524e-07
3.764652e-09
-2.551888e-07
-3.702699e-09
-2.528875e-07
-1.11517e-08
-2.490597e-07
-1.85441e-08
-2.43724e-07
-2.584137e-08
-2.369067e-07
-3.300458e-08
-2.286424e-07
-3.999428e-08
-2.189732e-07
-4.677052e-08
-2.079501e-07
-5.329288e-08
-1.956321e-07
-5.952066e-08
-1.82087e-07
-6.541307e-08
-1.673911e-07
-7.092966e-08
-1.516294e-07
-7.60307e-08
-1.348952e-07
-8.067779e-08
-1.172897e-07
-8.483439e-08
-9.892179e-08
-8.846655e-08
-7.990721e-08
-9.154352e-08
-6.036769e-08
-9.403848e-08
-4.043003e-08
-9.592909e-08
-2.022518e-08
-9.71971e-08
-9.728585e-08
-2.084389e-08
1.180661e-07
-4.166547e-08
1.179564e-07
-6.220901e-08
1.164136e-07
-8.233847e-08
1.141136e-07
-1.019224e-07
1.110792e-07
-1.208347e-07
1.07338e-07
-1.389562e-07
1.029233e-07
-1.561749e-07
9.7873e-08
-1.72387e-07
9.222899e-08
-1.874975e-07
8.603616e-08
-2.014201e-07
7.934159e-08
-2.140776e-07
7.219378e-08
-2.254019e-07
6.464196e-08
-2.353335e-07
5.673558e-08
-2.438219e-07
4.852382e-08
-2.508249e-07
4.005535e-08
-2.563082e-07
3.137809e-08
-2.602458e-07
2.253924e-08
-2.626188e-07
1.358528e-08
-2.634163e-07
4.562127e-09
-2.626344e-07
-4.48466e-09
-2.602764e-07
-1.350963e-08
-2.563534e-07
-2.246717e-08
-2.508834e-07
-3.131131e-08
-2.438925e-07
-3.999546e-08
-2.354145e-07
-4.847228e-08
-2.254914e-07
-5.669367e-08
-2.141735e-07
-6.461076e-08
-2.015201e-07
-7.217411e-08
-1.875991e-07
-7.933404e-08
-1.724877e-07
-8.604102e-08
-1.562722e-07
-9.224623e-08
-1.390477e-07
-9.790229e-08
-1.209181e-07
-1.02964e-07
-1.019954e-07
-1.073892e-07
-8.239935e-08
-1.111396e-07
-6.225611e-08
-1.141817e-07
-4.169755e-08
-1.164876e-07
-2.086011e-08
-1.180345e-07
-1.18146e-07
-2.161646e-08
1.396825e-07
-4.320762e-08
1.395476e-07
-6.450619e-08
1.377122e-07
-8.536935e-08
1.349768e-07
-1.056594e-07
1.313693e-07
-1.252447e-07
1.269234e-07
-1.440014e-07
1.2168e-07
-1.618135e-07
1.156851e-07
-1.785744e-07
1.089898e-07
-1.941866e-07
1.016484e-07
-2.085625e-07
9.371752e-08
-2.216242e-07
8.525544e-08
-2.333032e-07
7.632096e-08
-2.435404e-07
6.697282e-08
-2.522858e-07
5.726918e-08
-2.594977e-07
4.726727e-08
-2.651428e-07
3.702322e-08
-2.691956e-07
2.659202e-08
-2.71638e-07
1.602764e-08
-2.724591e-07
5.383262e-09
-2.716553e-07
-5.288471e-09
-2.692298e-07
-1.593505e-08
-2.651932e-07
-2.650379e-08
-2.595631e-07
-3.694143e-08
-2.523647e-07
-4.719387e-08
-2.43631e-07
-5.720595e-08
-2.334034e-07
-6.692134e-08
-2.217316e-07
-7.628255e-08
-2.086745e-07
-8.523114e-08
-1.943005e-07
-9.370805e-08
-1.786874e-07
-1.016541e-07
-1.619229e-07
-1.090108e-07
-1.441043e-07
-1.157209e-07
-1.253385e-07
-1.217298e-07
-1.057416e-07
-1.269861e-07
-8.543792e-08
-1.314433e-07
-6.455926e-08
-1.350604e-07
-4.324378e-08
-1.378031e-07
-2.163475e-08
-1.396436e-07
-1.397807e-07
-2.253563e-08
1.622182e-07
-4.504209e-08
1.62054e-07
-6.72381e-08
1.599082e-07
-8.897251e-08
1.567112e-07
-1.101e-07
1.524967e-07
-1.304824e-07
1.473058e-07
-1.499899e-07
1.411875e-07
-1.685023e-07
1.341975e-07
-1.859092e-07
1.263967e-07
-2.021108e-07
1.1785e-07
-2.170181e-07
1.086248e-07
-2.305524e-07
9.878973e-08
-2.426453e-07
8.84139e-08
-2.532383e-07
7.756586e-08
-2.622823e-07
6.631311e-08
-2.697366e-07
5.472161e-08
-2.755691e-07
4.285573e-08
-2.797552e-07
3.077815e-08
-2.822777e-07
1.855013e-08
-2.831262e-07
6.231783e-09
-2.822973e-07
-6.11747e-09
-2.797939e-07
-1.843845e-08
-2.75626e-07
-3.067169e-08
-2.698104e-07
-4.275698e-08
-2.623714e-07
-5.463292e-08
-2.533407e-07
-6.623661e-08
-2.427586e-07
-7.750348e-08
-2.306739e-07
-8.836724e-08
-2.171449e-07
-9.876008e-08
-2.022399e-07
-1.08613e-07
-1.860374e-07
-1.178567e-07
-1.686264e-07
-1.264218e-07
-1.501068e-07
-1.342405e-07
-1.30589e-07
-1.412476e-07
-1.101936e-07
-1.473815e-07
-8.905057e-08
-1.525863e-07
-6.729855e-08
-1.568124e-07
-4.508329e-08
-1.600184e-07
-2.255647e-08
-1.621704e-07
-1.623372e-07
-2.361039e-08
1.858285e-07
-4.718668e-08
1.856303e-07
-7.043082e-08
1.831523e-07
-9.318159e-08
1.79462e-07
-1.152846e-07
1.745997e-07
-1.365936e-07
1.686149e-07
-1.569724e-07
1.615662e-07
-1.762952e-07
1.535203e-07
-1.944479e-07
1.445494e-07
-2.113282e-07
1.347303e-07
-2.268455e-07
1.241421e-07
-2.409208e-07
1.128651e-07
-2.534864e-07
1.009794e-07
-2.644845e-07
8.856404e-08
-2.738676e-07
7.569617e-08
-2.815967e-07
6.245072e-08
-2.876412e-07
4.890024e-08
-2.91978e-07
3.511495e-08
-2.94591e-07
2.116307e-08
-2.954705e-07
7.111261e-09
-2.946131e-07
-6.974796e-09
-2.920219e-07
-2.102972e-08
-2.877058e-07
-3.498778e-08
-2.816806e-07
-4.878219e-08
-2.739689e-07
-6.234458e-08
-2.64601e-07
-7.560451e-08
-2.536153e-07
-8.848916e-08
-2.410593e-07
-1.009232e-07
-2.269902e-07
-1.128292e-07
-2.114756e-07
-1.241276e-07
-1.945945e-07
-1.347378e-07
-1.764372e-07
-1.44579e-07
-1.571063e-07
-1.535714e-07
-1.367159e-07
-1.616379e-07
-1.15392e-07
-1.687055e-07
-9.327122e-08
-1.74707e-07
-7.050026e-08
-1.795834e-07
-4.723404e-08
-1.832846e-07
-2.363436e-08
-1.857701e-07
-1.859715e-07
-2.485168e-08
2.106802e-07
-4.966297e-08
2.104416e-07
-7.411592e-08
2.076053e-07
-9.803725e-08
2.033833e-07
-1.212617e-07
1.978241e-07
-1.436337e-07
1.909869e-07
-1.650092e-07
1.829417e-07
-1.852566e-07
1.737677e-07
-2.042575e-07
1.635504e-07
-2.219071e-07
1.523799e-07
-2.381135e-07
1.403486e-07
-2.527981e-07
1.275496e-07
-2.658938e-07
1.140751e-07
-2.77345e-07
1.000153e-07
-2.871062e-07
8.545734e-08
-2.951408e-07
7.048535e-08
-3.014205e-07
5.517996e-08
-3.059242e-07
3.961865e-08
-3.086373e-07
2.387614e-08
-3.095511e-07
8.025045e-09
-3.086626e-07
-7.863318e-09
-3.059742e-07
-2.371806e-08
-3.014942e-07
-3.946781e-08
-2.952366e-07
-5.503983e-08
-2.872219e-07
-7.035921e-08
-2.774782e-07
-8.534824e-08
-2.660414e-07
-9.992594e-08
-2.529568e-07
-1.140079e-07
-2.382796e-07
-1.275064e-07
-2.220765e-07
-1.403307e-07
-2.044261e-07
-1.523881e-07
-1.854202e-07
-1.63585e-07
-1.651635e-07
-1.738281e-07
-1.437748e-07
-1.830267e-07
-1.213857e-07
-1.910945e-07
-9.814088e-08
-1.979519e-07
-7.419627e-08
-2.03528e-07
-4.971779e-08
-2.077631e-07
-2.487943e-08
-2.106084e-07
-2.10851e-07
-2.62727e-08
2.369529e-07
-5.249702e-08
2.366659e-07
-7.833147e-08
2.334397e-07
-1.035883e-07
2.286402e-07
-1.280895e-07
2.223253e-07
-1.516684e-07
2.145658e-07
-1.741722e-07
2.054455e-07
-1.954626e-07
1.950581e-07
-2.154168e-07
1.835046e-07
-2.339275e-07
1.708905e-07
-2.509021e-07
1.573233e-07
-2.662628e-07
1.429103e-07
-2.799447e-07
1.27757e-07
-2.918947e-07
1.119653e-07
-3.020707e-07
9.563327e-08
-3.104393e-07
7.885399e-08
-3.169755e-07
6.171613e-08
-3.216608e-07
4.430394e-08
-3.244826e-07
2.669802e-08
-3.254338e-07
8.976175e-09
-3.245116e-07
-8.785543e-09
-3.21718e-07
-2.651163e-08
-3.170598e-07
-4.412597e-08
-3.10549e-07
-6.155063e-08
-3.022034e-07
-7.870482e-08
-2.920477e-07
-9.550399e-08
-2.801144e-07
-1.118592e-07
-2.664455e-07
-1.276768e-07
-2.510935e-07
-1.428584e-07
-2.34123e-07
-1.573012e-07
-2.156117e-07
-1.708994e-07
-1.95652e-07
-1.835447e-07
-1.743511e-07
-1.95129e-07
-1.518321e-07
-2.055457e-07
-1.282336e-07
-2.146931e-07
-1.037088e-07
-2.224766e-07
-7.842496e-08
-2.288118e-07
-5.256084e-08
-2.336272e-07
-2.630502e-08
-2.368642e-07
-2.37156e-07
-2.788936e-08
2.648423e-07
-5.572015e-08
2.644967e-07
-8.312314e-08
2.608427e-07
-1.098933e-07
2.554104e-07
-1.358374e-07
2.482693e-07
-1.607761e-07
2.395045e-07
-1.845464e-07
2.292158e-07
-2.070028e-07
2.175145e-07
-2.280178e-07
2.045196e-07
-2.47482e-07
1.903547e-07
-2.653032e-07
1.751444e-07
-2.814052e-07
1.590123e-07
-2.957263e-07
1.420781e-07
-3.082178e-07
1.244568e-07
-3.188418e-07
1.062573e-07
-3.275698e-07
8.758204e-08
-3.34381e-07
6.852728e-08
-3.392605e-07
4.918344e-08
-3.421986e-07
2.963613e-08
-3.431897e-07
9.967271e-09
-3.422318e-07
-9.743496e-09
-3.393261e-07
-2.941726e-08
-3.344778e-07
-4.89743e-08
-3.276959e-07
-6.833256e-08
-3.189944e-07
-8.740625e-08
-3.083938e-07
-1.061046e-07
-2.959219e-07
-1.243311e-07
-2.81616e-07
-1.419827e-07
-2.655244e-07
-1.589499e-07
-2.477084e-07
-1.751173e-07
-2.282438e-07
-1.90364e-07
-2.072227e-07
-2.045659e-07
-1.847545e-07
-2.175971e-07
-1.609668e-07
-2.293334e-07
-1.360055e-07
-2.396544e-07
-1.100341e-07
-2.484481e-07
-8.323241e-08
-2.556135e-07
-5.57948e-08
-2.610648e-07
-2.792717e-08
-2.647319e-07
-2.650832e-07
-2.97208e-08
2.945631e-07
-5.937006e-08
2.94146e-07
-8.854573e-08
2.900184e-07
-1.170222e-07
2.838869e-07
-1.445882e-07
2.758353e-07
-1.710495e-07
2.659658e-07
-1.962318e-07
2.543981e-07
-2.199817e-07
2.412643e-07
-2.421672e-07
2.267052e-07
-2.626776e-07
2.10865e-07
-2.814217e-07
1.938886e-07
-2.983269e-07
1.759175e-07
-3.133365e-07
1.570877e-07
-3.264075e-07
1.375278e-07
-3.375084e-07
1.173582e-07
-3.46617e-07
9.669062e-08
-3.53718e-07
7.562832e-08
-3.588016e-07
5.426703e-08
-3.618616e-07
3.269617e-08
-3.628948e-07
1.100039e-08
-3.618997e-07
-1.073858e-08
-3.588769e-07
-3.243998e-08
-3.538292e-07
-5.402202e-08
-3.467619e-07
-7.539991e-08
-3.376841e-07
-9.648402e-08
-3.266104e-07
-1.171783e-07
-3.135624e-07
-1.373791e-07
-2.985708e-07
-1.569742e-07
-2.816781e-07
-1.758427e-07
-2.629404e-07
-1.93855e-07
-2.424301e-07
-2.108743e-07
-2.202379e-07
-2.26758e-07
-1.964748e-07
-2.413603e-07
-1.712725e-07
-2.545356e-07
-1.44785e-07
-2.661419e-07
-1.171872e-07
-2.760459e-07
-8.867398e-08
-2.841267e-07
-5.945773e-08
-2.902811e-07
-2.976523e-08
-2.944244e-07
-2.948484e-07
-3.179015e-08
3.263532e-07
-6.349215e-08
3.25848e-07
-9.466514e-08
3.211914e-07
-1.250588e-07
3.142805e-07
-1.544404e-07
3.052169e-07
-1.825987e-07
2.941241e-07
-2.093464e-07
2.811458e-07
-2.345219e-07
2.664398e-07
-2.579891e-07
2.501724e-07
-2.796369e-07
2.325129e-07
-2.993773e-07
2.13629e-07
-3.171429e-07
1.936831e-07
-3.328842e-07
1.72829e-07
-3.465665e-07
1.512101e-07
-3.581669e-07
1.289586e-07
-3.676715e-07
1.061952e-07
-3.750725e-07
8.302936e-08
-3.803664e-07
5.956094e-08
-3.835518e-07
3.588157e-08
-3.846283e-07
1.207685e-08
-3.835955e-07
-1.177138e-08
-3.80453e-07
-3.558252e-08
-3.752003e-07
-5.927464e-08
-3.678382e-07
-8.276205e-08
-3.583693e-07
-1.059529e-07
-3.468006e-07
-1.28747e-07
-3.331452e-07
-1.510345e-07
-3.174253e-07
-1.726942e-07
-2.996748e-07
-1.935932e-07
-2.799425e-07
-2.135872e-07
-2.582954e-07
-2.325214e-07
-2.348212e-07
-2.502322e-07
-2.096307e-07
-2.665508e-07
-1.828602e-07
-2.813061e-07
-1.546716e-07
-2.943305e-07
-1.252528e-07
-3.054646e-07
-9.481619e-08
-3.145634e-07
-6.359551e-08
-3.215018e-07
-3.184256e-08
-3.261773e-07
-3.26691e-07
-3.412543e-08
3.604787e-07
-6.81414e-08
3.59864e-07
-1.015609e-07
3.546108e-07
-1.341037e-07
3.468234e-07
-1.65512e-07
3.366252e-07
-1.955543e-07
3.241665e-07
-2.240293e-07
3.096208e-07
-2.507667e-07
2.931771e-07
-2.756272e-07
2.750328e-07
-2.98501e-07
2.553867e-07
-3.193056e-07
2.344336e-07
-3.379816e-07
2.123591e-07
-3.544898e-07
1.893372e-07
-3.688068e-07
1.65527e-07
-3.809211e-07
1.410729e-07
-3.908296e-07
1.161037e-07
-3.985345e-07
9.073425e-08
-4.040402e-07
6.506669e-08
-4.073515e-07
3.919288e-08
-4.084717e-07
1.3197e-08
-4.074016e-07
-1.284146e-08
-4.041395e-07
-3.88446e-08
-3.986812e-07
-6.473289e-08
-3.910213e-07
-9.042204e-08
-3.811542e-07
-1.1582e-07
-3.690769e-07
-1.408243e-07
-3.547916e-07
-1.653198e-07
-3.383088e-07
-1.89177e-07
-3.196511e-07
-2.12251e-07
-2.988569e-07
-2.343814e-07
-2.759847e-07
-2.553935e-07
-2.511169e-07
-2.751001e-07
-2.243628e-07
-2.933048e-07
-1.958617e-07
-3.098072e-07
-1.657843e-07
-3.24408e-07
-1.343327e-07
-3.369162e-07
-1.017394e-07
-3.471567e-07
-6.826368e-08
-3.549775e-07
-3.418748e-08
-3.602535e-07
-3.608784e-07
-3.67608e-08
3.972395e-07
-7.338464e-08
3.964878e-07
-1.093292e-07
3.905554e-07
-1.442785e-07
3.817726e-07
-1.779442e-07
3.70291e-07
-2.100722e-07
3.562944e-07
-2.40445e-07
3.399936e-07
-2.688839e-07
3.216161e-07
-2.95248e-07
3.013969e-07
-3.194314e-07
2.795702e-07
-3.4136e-07
2.563621e-07
-3.609865e-07
2.319857e-07
-3.782857e-07
2.066364e-07
-3.932493e-07
1.804906e-07
-4.058809e-07
1.537045e-07
-4.161916e-07
1.264144e-07
-4.241961e-07
9.873874e-08
-4.299092e-07
7.077976e-08
-4.333432e-07
4.262689e-08
-4.345061e-07
1.435995e-08
-4.334005e-07
-1.394708e-08
-4.300229e-07
-4.222219e-08
-4.243645e-07
-7.039136e-08
-4.164118e-07
-9.837471e-08
-4.061491e-07
-1.260827e-07
-3.935608e-07
-1.534127e-07
-3.786345e-07
-1.802461e-07
-3.613656e-07
-2.064459e-07
-3.417614e-07
-2.318552e-07
-3.19846e-07
-2.562968e-07
-2.956659e-07
-2.795737e-07
-2.692944e-07
-3.014715e-07
-2.408369e-07
-3.217623e-07
-2.104344e-07
-3.402097e-07
-1.78266e-07
-3.565764e-07
-1.445496e-07
-3.706326e-07
-1.095409e-07
-3.821653e-07
-7.352982e-08
-3.909886e-07
-3.683452e-08
-3.969488e-07
-3.977129e-07
-3.973815e-08
4.369776e-07
-7.930369e-08
4.360533e-07
-1.180878e-07
4.293395e-07
-1.557305e-07
4.194153e-07
-1.919078e-07
4.064683e-07
-2.263385e-07
3.907252e-07
-2.587883e-07
3.724434e-07
-2.890706e-07
3.518984e-07
-3.170449e-07
3.293712e-07
-3.426131e-07
3.051383e-07
-3.657139e-07
2.79463e-07
-3.863171e-07
2.525888e-07
-4.044164e-07
2.247357e-07
-4.200236e-07
1.960978e-07
-4.331619e-07
1.668428e-07
-4.438605e-07
1.371131e-07
-4.521501e-07
1.070283e-07
-4.580583e-07
7.668796e-08
-4.616071e-07
4.617569e-08
-4.628104e-07
1.556323e-08
-4.616726e-07
-1.508486e-08
-4.581883e-07
-4.570643e-08
-4.523428e-07
-7.623691e-08
-4.44113e-07
-1.066045e-07
-4.3347e-07
-1.367256e-07
-4.203823e-07
-1.665004e-07
-4.048192e-07
-1.958092e-07
-3.867562e-07
-2.245088e-07
-3.661804e-07
-2.52431e-07
-3.430965e-07
-2.793806e-07
-3.175338e-07
-3.051364e-07
-2.895524e-07
-3.294529e-07
-2.592499e-07
-3.520648e-07
-2.267664e-07
-3.726932e-07
-1.922889e-07
-3.91054e-07
-1.560524e-07
-4.068691e-07
-1.183397e-07
-4.198781e-07
-7.947669e-08
-4.298516e-07
-3.982608e-08
-4.365994e-07
-4.37539e-07
-4.310929e-08
4.800869e-07
-8.599946e-08
4.789435e-07
-1.279809e-07
4.713209e-07
-1.686399e-07
4.600742e-07
-2.076093e-07
4.454377e-07
-2.445774e-07
4.276932e-07
-2.792915e-07
4.071575e-07
-3.115587e-07
3.841656e-07
-3.412428e-07
3.590553e-07
-3.682582e-07
3.321537e-07
-3.925629e-07
3.037677e-07
-4.141498e-07
2.741758e-07
-4.330386e-07
2.436245e-07
-4.492669e-07
2.123261e-07
-4.628831e-07
1.80459e-07
-4.739396e-07
1.481695e-07
-4.824866e-07
1.155753e-07
-4.885682e-07
8.27695e-08
-4.92218e-07
4.982551e-08
-4.934572e-07
1.680242e-08
-4.922926e-07
-1.624943e-08
-4.887165e-07
-4.928258e-08
-4.827066e-07
-8.224673e-08
-4.742283e-07
-1.150828e-07
-4.632364e-07
-1.477175e-07
-4.496792e-07
-1.800576e-07
-4.33503e-07
-2.119853e-07
-4.14658e-07
-2.433539e-07
-3.931046e-07
-2.739844e-07
-3.688218e-07
-3.036634e-07
-3.41815e-07
-3.321432e-07
-3.121249e-07
-3.59143e-07
-2.79836e-07
-3.843537e-07
-2.450841e-07
-4.074451e-07
-2.080621e-07
-4.28076e-07
-1.690234e-07
-4.459078e-07
-1.282817e-07
-4.606198e-07
-8.620642e-08
-4.719268e-07
-4.321459e-08
-4.795912e-07
-4.807536e-07
-4.693883e-08
5.270257e-07
-9.359743e-08
5.256021e-07
-1.391871e-07
5.169107e-07
-1.832279e-07
5.04115e-07
-2.253011e-07
4.875109e-07
-2.650595e-07
4.674516e-07
-3.022319e-07
4.443299e-07
-3.36622e-07
4.185557e-07
-3.68103e-07
3.905364e-07
-3.966096e-07
3.606603e-07
-4.221267e-07
3.292848e-07
-4.446794e-07
2.967284e-07
-4.643209e-07
2.63266e-07
-4.811228e-07
2.29128e-07
-4.951653e-07
1.945015e-07
-5.065295e-07
1.595337e-07
-5.152904e-07
1.243362e-07
-5.215116e-07
8.899074e-08
-5.252414e-07
5.355529e-08
-5.265096e-07
1.807062e-08
-5.253261e-07
-1.743295e-08
-5.216801e-07
-5.29286e-08
-5.155407e-07
-8.83861e-08
-5.068587e-07
-1.237648e-07
-4.955692e-07
-1.59007e-07
-4.815957e-07
-1.940311e-07
-4.648555e-07
-2.287255e-07
-4.452667e-07
-2.629428e-07
-4.227555e-07
-2.964955e-07
-3.972667e-07
-3.291523e-07
-3.687733e-07
-3.606366e-07
-3.372882e-07
-3.906281e-07
-3.028756e-07
-4.187664e-07
-2.65661e-07
-4.446597e-07
-2.258407e-07
-4.678963e-07
-1.836866e-07
-4.880619e-07
-1.395478e-07
-5.047586e-07
-9.384612e-08
-5.176285e-07
-4.706552e-08
-5.263718e-07
-5.278191e-07
-5.130816e-08
5.783339e-07
-1.022552e-07
5.765491e-07
-1.519296e-07
5.665851e-07
-1.997691e-07
5.519546e-07
-2.452929e-07
5.330347e-07
-2.881138e-07
5.102725e-07
-3.279426e-07
4.841587e-07
-3.645845e-07
4.551976e-07
-3.979307e-07
4.238825e-07
-4.279455e-07
3.906751e-07
-4.546524e-07
3.559918e-07
-4.781191e-07
3.201951e-07
-4.984432e-07
2.8359e-07
-5.157392e-07
2.46424e-07
-5.301275e-07
2.088898e-07
-5.417247e-07
1.711309e-07
-5.506359e-07
1.332474e-07
-5.569486e-07
9.530349e-08
-5.607285e-07
5.733516e-08
-5.620159e-07
1.9358e-08
-5.608241e-07
-1.862466e-08
-5.571391e-07
-5.661364e-08
-5.509195e-07
-9.460575e-08
-5.420986e-07
-1.325857e-07
-5.305876e-07
-1.70518e-07
-5.162799e-07
-2.083388e-07
-4.990571e-07
-2.459483e-07
-4.787966e-07
-2.832033e-07
-4.553814e-07
-3.199107e-07
-4.287113e-07
-3.558224e-07
-3.98716e-07
-3.906319e-07
-3.653694e-07
-4.239747e-07
-3.287048e-07
-4.554309e-07
-2.888297e-07
-4.845348e-07
-2.45938e-07
-5.10788e-07
-2.003198e-07
-5.336801e-07
-1.523641e-07
-5.527142e-07
-1.025555e-07
-5.674372e-07
-5.14614e-08
-5.774659e-07
-5.792805e-07
-5.632097e-08
6.346549e-07
-1.121725e-07
6.324006e-07
-1.664895e-07
6.209021e-07
-2.186065e-07
6.040716e-07
-2.67968e-07
5.823961e-07
-3.141424e-07
5.564469e-07
-3.568251e-07
5.268414e-07
-3.958312e-07
4.942037e-07
-4.310814e-07
4.591328e-07
-4.625843e-07
4.22178e-07
-4.90416e-07
3.838235e-07
-5.147012e-07
3.444803e-07
-5.355945e-07
3.044834e-07
-5.532652e-07
2.640946e-07
-5.678831e-07
2.235077e-07
-5.796083e-07
1.828562e-07
-5.885822e-07
1.422212e-07
-5.949208e-07
1.016421e-07
-5.987102e-07
6.112461e-08
-6.000033e-07
2.065111e-08
-5.988177e-07
-1.981028e-08
-5.951351e-07
-6.029626e-08
-5.889019e-07
-1.008389e-07
-5.800311e-07
-1.414566e-07
-5.684052e-07
-1.821439e-07
-5.538813e-07
-2.228627e-07
-5.362974e-07
-2.635322e-07
-5.15481e-07
-3.040197e-07
-4.912599e-07
-3.441317e-07
-4.634763e-07
-3.83606e-07
-4.320018e-07
-4.221064e-07
-3.967568e-07
-4.592197e-07
-3.577295e-07
-4.944582e-07
-3.149968e-07
-5.272675e-07
-2.687422e-07
-5.570426e-07
-2.192705e-07
-5.831517e-07
-1.670155e-07
-6.049692e-07
-1.125372e-07
-6.219155e-07
-5.650741e-08
-6.334957e-07
-6.35788e-07
-6.211087e-08
6.967657e-07
-1.236059e-07
6.938957e-07
-1.832249e-07
6.805211e-07
-2.401726e-07
6.610194e-07
-2.938039e-07
6.360274e-07
-3.436395e-07
6.062825e-07
-3.893655e-07
5.725674e-07
-4.308199e-07
5.356582e-07
-4.679707e-07
4.962836e-07
-5.008896e-07
4.550968e-07
-5.297248e-07
4.126588e-07
-5.546759e-07
3.694314e-07
-5.759709e-07
3.257783e-07
-5.938469e-07
2.819706e-07
-6.085345e-07
2.381953e-07
-6.202459e-07
1.945676e-07
-6.29166e-07
1.511413e-07
-6.354444e-07
1.079204e-07
-6.391908e-07
6.4871e-08
-6.404721e-07
2.193244e-08
-6.393107e-07
-2.097165e-08
-6.356839e-07
-6.392308e-08
-6.295242e-07
-1.069986e-07
-6.207211e-07
-1.502597e-07
-6.091237e-07
-1.937412e-07
-5.945458e-07
-2.374406e-07
-5.767726e-07
-2.813054e-07
-5.555708e-07
-3.252215e-07
-5.306997e-07
-3.690028e-07
-5.019272e-07
-4.123786e-07
-4.690492e-07
-4.549844e-07
-4.319125e-07
-4.963564e-07
-3.904408e-07
-5.359298e-07
-3.446625e-07
-5.730459e-07
-2.947368e-07
-6.069683e-07
-2.409774e-07
-6.369112e-07
-1.838655e-07
-6.620811e-07
-1.240517e-07
-6.817293e-07
-6.233929e-08
-6.952081e-07
-6.981272e-07
-6.885246e-08
7.656182e-07
-1.368885e-07
7.619317e-07
-2.025968e-07
7.462294e-07
-2.650181e-07
7.234407e-07
-3.234005e-07
6.944098e-07
-3.772162e-07
6.600982e-07
-4.261543e-07
6.215055e-07
-4.700964e-07
5.796003e-07
-5.090828e-07
5.352699e-07
-5.432746e-07
4.892887e-07
-5.729179e-07
4.42302e-07
-5.983097e-07
3.948232e-07
-6.197701e-07
3.472388e-07
-6.376196e-07
2.998201e-07
-6.521635e-07
2.527392e-07
-6.636769e-07
2.06081e-07
-6.723943e-07
1.598587e-07
-6.785031e-07
1.140293e-07
-6.821398e-07
6.850767e-08
-6.83387e-07
2.317969e-08
-6.822726e-07
-2.208607e-08
-6.787688e-07
-6.742692e-08
-6.727926e-07
-1.129748e-07
-6.642073e-07
-1.58845e-07
-6.528244e-07
-2.051242e-07
-6.384078e-07
-2.518572e-07
-6.206803e-07
-2.990329e-07
-5.993329e-07
-3.465689e-07
-5.740413e-07
-3.942945e-07
-5.4448e-07
-4.419398e-07
-5.103461e-07
-4.891183e-07
-4.713873e-07
-5.353153e-07
-4.274356e-07
-5.798815e-07
-3.784451e-07
-6.220364e-07
-3.245299e-07
-6.608835e-07
-2.659991e-07
-6.95442e-07
-2.033823e-07
-7.246979e-07
-1.374375e-07
-7.476741e-07
-6.913457e-08
-7.63511e-07
-7.672618e-07
-7.677739e-08
8.423956e-07
-1.524588e-07
8.376131e-07
-2.25206e-07
8.189766e-07
-2.938507e-07
7.920854e-07
-3.575165e-07
7.580755e-07
-4.156321e-07
7.182138e-07
-4.679113e-07
6.737847e-07
-5.143113e-07
6.260002e-07
-5.549808e-07
5.759394e-07
-5.902069e-07
5.245148e-07
-6.203656e-07
4.724607e-07
-6.458785e-07
4.203361e-07
-6.671807e-07
3.68541e-07
-6.846985e-07
3.173379e-07
-6.988253e-07
2.66866e-07
-7.099073e-07
2.17163e-07
-7.182351e-07
1.681865e-07
-7.240384e-07
1.198326e-07
-7.274828e-07
7.195207e-08
-7.286683e-07
2.436519e-08
-7.276285e-07
-2.312587e-08
-7.243303e-07
-7.072507e-08
-7.186742e-07
-1.186309e-07
-7.104945e-07
-1.670247e-07
-6.995609e-07
-2.160577e-07
-6.855816e-07
-2.658365e-07
-6.682079e-07
-3.164066e-07
-6.47043e-07
-3.677337e-07
-6.216556e-07
-4.196819e-07
-5.916041e-07
-4.719913e-07
-5.564595e-07
-5.242629e-07
-5.158373e-07
-5.759375e-07
-4.694412e-07
-6.262776e-07
-4.171137e-07
-6.743639e-07
-3.588906e-07
-7.191066e-07
-2.950542e-07
-7.592784e-07
-2.261765e-07
-7.935756e-07
-1.531409e-07
-8.207098e-07
-7.71291e-08
-8.395228e-07
-8.443909e-07
-8.619828e-08
9.285939e-07
-1.709033e-07
9.223181e-07
-2.518451e-07
8.999185e-07
-3.275896e-07
8.678299e-07
-3.971192e-07
8.276051e-07
-4.598354e-07
7.8093e-07
-5.155147e-07
7.29464e-07
-5.642388e-07
6.747243e-07
-6.063167e-07
6.180173e-07
-6.422094e-07
5.604075e-07
-6.724617e-07
5.027131e-07
-6.976554e-07
4.455298e-07
-7.183753e-07
3.892608e-07
-7.351708e-07
3.341334e-07
-7.485358e-07
2.80231e-07
-7.588967e-07
2.275239e-07
-7.666059e-07
1.758957e-07
-7.719383e-07
1.25165e-07
-7.750905e-07
7.510431e-08
-7.761807e-07
2.545536e-08
-7.752486e-07
-2.405799e-08
-7.722557e-07
-7.371798e-08
-7.670849e-07
-1.238017e-07
-7.595405e-07
-1.745692e-07
-7.493472e-07
-2.262509e-07
-7.361521e-07
-2.790316e-07
-7.195264e-07
-3.330323e-07
-6.989728e-07
-3.882874e-07
-6.739362e-07
-4.447185e-07
-6.438242e-07
-5.021032e-07
-6.080453e-07
-5.600418e-07
-5.660435e-07
-6.179393e-07
-5.173451e-07
-6.749759e-07
-4.616284e-07
-7.300806e-07
-3.988003e-07
-7.819347e-07
-3.290768e-07
-8.290019e-07
-2.530549e-07
-8.695975e-07
-1.717593e-07
-9.020053e-07
-8.664167e-08
-9.246404e-07
-9.310326e-07
-9.754566e-08
1.02614e-06
-1.930189e-07
1.017791e-06
-2.835746e-07
9.904742e-07
-3.674406e-07
9.516959e-07
-4.434502e-07
9.036147e-07
-5.110147e-07
8.484945e-07
-5.700369e-07
7.884862e-07
-6.207976e-07
7.254851e-07
-6.638384e-07
6.610581e-07
-6.998526e-07
5.964217e-07
-7.296093e-07
5.324698e-07
-7.539042e-07
4.698247e-07
-7.734967e-07
4.088533e-07
-7.890785e-07
3.497152e-07
-8.012567e-07
2.924092e-07
-8.105449e-07
2.368122e-07
-8.173606e-07
1.827114e-07
-8.220255e-07
1.298299e-07
-8.247674e-07
7.784621e-08
-8.257224e-07
2.641038e-08
-8.249365e-07
-2.484389e-08
-8.22366e-07
-7.628855e-08
-8.178766e-07
-1.28291e-07
-8.112422e-07
-1.812036e-07
-8.021419e-07
-2.353512e-07
-7.901581e-07
-2.910154e-07
-7.747755e-07
-3.484148e-07
-7.553837e-07
-4.076792e-07
-7.312849e-07
-4.688173e-07
-7.017111e-07
-5.31677e-07
-6.658548e-07
-5.958981e-07
-6.229314e-07
-6.608627e-07
-5.722309e-07
-7.256765e-07
-5.13193e-07
-7.891185e-07
-4.455194e-07
-8.496083e-07
-3.692933e-07
-9.05228e-07
-2.850978e-07
-9.53793e-07
-1.94106e-07
-9.929971e-07
-9.811208e-08
-1.020634e-06
-1.029145e-06
-1.114266e-07
1.137566e-06
-2.199085e-07
1.126273e-06
-3.218332e-07
1.092399e-06
-4.150022e-07
1.044865e-06
-4.981135e-07
9.86726e-07
-5.706626e-07
9.210436e-07
-6.327847e-07
8.506083e-07
-6.850698e-07
7.777702e-07
-7.28385e-07
7.043733e-07
-7.63739e-07
6.317757e-07
-7.922137e-07
5.609444e-07
-8.148577e-07
4.924687e-07
-8.326351e-07
4.266307e-07
-8.463983e-07
3.634784e-07
-8.568768e-07
3.028876e-07
-8.646748e-07
2.446102e-07
-8.70275e-07
1.883116e-07
-8.740441e-07
1.33599e-07
-8.762392e-07
8.004134e-08
-8.77013e-07
2.718422e-08
-8.764172e-07
-2.543971e-08
-8.744035e-07
-7.830231e-08
-8.708222e-07
-1.318723e-07
-8.654192e-07
-1.866067e-07
-8.578295e-07
-2.429409e-07
-8.475716e-07
-3.012733e-07
-8.340405e-07
-3.619459e-07
-8.16504e-07
-4.252158e-07
-7.941037e-07
-4.912176e-07
-7.658662e-07
-5.599144e-07
-7.307289e-07
-6.310355e-07
-6.875904e-07
-7.040012e-07
-6.354181e-07
-7.778487e-07
-5.733194e-07
-8.512172e-07
-5.006766e-07
-9.222511e-07
-4.173311e-07
-9.885736e-07
-3.237733e-07
-1.047351e-06
-2.213081e-07
-1.095462e-06
-1.121617e-07
-1.129781e-06
-1.141306e-06
-1.287212e-07
1.266287e-06
-2.531285e-07
1.250681e-06
-3.686041e-07
1.207875e-06
-4.724155e-07
1.148676e-06
-5.631924e-07
1.077503e-06
-6.406556e-07
9.985069e-07
-7.053428e-07
9.152954e-07
-7.58308e-07
8.307354e-07
-8.008662e-07
7.469315e-07
-8.344935e-07
6.654029e-07
-8.606502e-07
5.871012e-07
-8.806868e-07
5.125053e-07
-8.958001e-07
4.417439e-07
-9.070161e-07
3.746944e-07
-9.151899e-07
3.110615e-07
-9.210139e-07
2.504342e-07
-9.250306e-07
1.923283e-07
-9.276458e-07
1.362142e-07
-9.291408e-07
8.153634e-08
-9.296816e-07
2.772499e-08
-9.293244e-07
-2.579692e-08
-9.280176e-07
-7.960906e-08
-9.255999e-07
-1.342899e-07
-9.217942e-07
-1.904125e-07
-9.161981e-07
-2.48537e-07
-9.082717e-07
-3.091997e-07
-8.973236e-07
-3.72894e-07
-8.824973e-07
-4.400421e-07
-8.627617e-07
-5.109532e-07
-8.369102e-07
-5.857659e-07
-8.035769e-07
-6.643688e-07
-7.612783e-07
-7.462998e-07
-7.085059e-07
-8.306211e-07
-6.439075e-07
-9.158157e-07
-5.663886e-07
-9.9977e-07
-4.753717e-07
-1.07959e-06
-3.711074e-07
-1.151615e-06
-2.549595e-07
-1.21161e-06
-1.296939e-07
-1.255046e-06
-1.271e-06
-1.507484e-07
1.417036e-06
-2.949222e-07
1.394854e-06
-4.266637e-07
1.339616e-06
-5.425751e-07
1.264588e-06
-6.414029e-07
1.176331e-06
-7.233469e-07
1.080451e-06
-7.896121e-07
9.815605e-07
-8.419074e-07
8.830308e-07
-8.822542e-07
7.872783e-07
-9.127186e-07
6.958673e-07
-9.352206e-07
6.096032e-07
-9.514587e-07
5.287434e-07
-9.628824e-07
4.531676e-07
-9.706946e-07
3.825066e-07
-9.758688e-07
3.162357e-07
-9.791737e-07
2.537391e-07
-9.811986e-07
1.943532e-07
-9.823769e-07
1.373924e-07
-9.830048e-07
8.216426e-08
-9.832559e-07
2.797611e-08
-9.831892e-07
-2.586362e-08
-9.827519e-07
-8.004636e-08
-9.817766e-07
-1.352653e-07
-9.799729e-07
-1.922162e-07
-9.76913e-07
-2.515969e-07
-9.720123e-07
-3.141004e-07
-9.645055e-07
-3.804008e-07
-9.534199e-07
-4.511277e-07
-9.375497e-07
-5.268234e-07
-9.15437e-07
-6.078786e-07
-8.853669e-07
-6.944389e-07
-8.453926e-07
-7.862741e-07
-7.934087e-07
-8.826049e-07
-7.273388e-07
-9.818856e-07
-6.454146e-07
-1.081694e-06
-5.46367e-07
-1.178638e-06
-4.29941e-07
-1.268041e-06
-2.973621e-07
-1.344189e-06
-1.520661e-07
-1.400342e-06
-1.423066e-06
-1.795608e-07
1.596596e-06
-3.485953e-07
1.563889e-06
-4.999635e-07
1.490984e-06
-6.294271e-07
1.394051e-06
-7.36291e-07
1.283195e-06
-8.216697e-07
1.16583e-06
-8.877843e-07
1.047675e-06
-9.374047e-07
9.326512e-07
-9.735204e-07
8.23394e-07
-9.989276e-07
7.212745e-07
-1.016087e-06
6.267626e-07
-1.027078e-06
5.397344e-07
-1.033606e-06
4.596954e-07
-1.037035e-06
3.85936e-07
-1.038435e-06
3.17636e-07
-1.038627e-06
2.539309e-07
-1.038224e-06
1.939495e-07
-1.037667e-06
1.368356e-07
-1.037254e-06
8.175166e-08
-1.037157e-06
2.78789e-08
-1.037433e-06
-2.558725e-08
-1.038033e-06
-7.944688e-08
-1.038792e-06
-1.34506e-07
-1.039422e-06
-1.915866e-07
-1.039487e-06
-2.515313e-07
-1.038383e-06
-3.152043e-07
-1.035296e-06
-3.834881e-07
-1.029161e-06
-4.572631e-07
-1.018613e-06
-5.373706e-07
-1.001944e-06
-6.245481e-07
-9.770581e-07
-7.193248e-07
-9.414666e-07
-8.218656e-07
-8.923265e-07
-9.31745e-07
-8.265788e-07
-1.047633e-06
-7.413574e-07
-1.166916e-06
-6.343438e-07
-1.285652e-06
-5.043232e-07
-1.398062e-06
-3.519154e-07
-1.496597e-06
-1.813985e-07
-1.570859e-06
-1.604465e-06
-2.184826e-07
1.815079e-06
-4.191297e-07
1.764536e-06
-5.942169e-07
1.666071e-06
-7.383837e-07
1.538218e-06
-8.524726e-07
1.397283e-06
-9.391795e-07
1.252537e-06
-1.002341e-06
1.110837e-06
-1.046389e-06
9.766992e-07
-1.075531e-06
8.525355e-07
-1.09344e-06
7.391842e-07
-1.103179e-06
6.365009e-07
-1.107209e-06
5.43765e-07
-1.107465e-06
4.599513e-07
-1.105432e-06
3.839024e-07
-1.10223e-06
3.144337e-07
-1.098691e-06
2.50392e-07
-1.095419e-06
1.906781e-07
-1.092835e-06
1.34251e-07
-1.091212e-06
8.012896e-08
-1.090708e-06
2.737543e-08
-1.091378e-06
-2.491755e-08
-1.093176e-06
-7.764875e-08
-1.095955e-06
-1.317274e-07
-1.099449e-06
-1.880924e-07
-1.10325e-06
-2.477303e-07
-1.106765e-06
-3.116893e-07
-1.109173e-06
-3.810803e-07
-1.109363e-06
-4.570729e-07
-1.105858e-06
-5.40876e-07
-1.096725e-06
-6.336805e-07
-1.079493e-06
-7.36557e-07
-1.051075e-06
-8.50284e-07
-1.007744e-06
-9.750756e-07
-9.452083e-07
-1.110169e-06
-8.589035e-07
-1.25322e-06
-7.448274e-07
-1.399728e-06
-6.001174e-07
-1.542772e-06
-4.237549e-07
-1.672959e-06
-2.211385e-07
-1.773476e-06
-1.825603e-06
-2.731907e-07
2.08827e-06
-5.142193e-07
2.005565e-06
-7.178112e-07
1.869663e-06
-8.768915e-07
1.697298e-06
-9.958988e-07
1.516291e-06
-1.080008e-06
1.336646e-06
-1.135956e-06
1.166784e-06
-1.17034e-06
1.011083e-06
-1.188875e-06
8.710705e-07
-1.196228e-06
7.465374e-07
-1.196065e-06
6.363372e-07
-1.19118e-06
5.388799e-07
-1.183658e-06
4.524295e-07
-1.175025e-06
3.752701e-07
-1.166388e-06
3.057961e-07
-1.158522e-06
2.425266e-07
-1.151964e-06
1.841193e-07
-1.147072e-06
1.293596e-07
-1.144079e-06
7.713597e-08
-1.143115e-06
2.641083e-08
-1.144223e-06
-2.38088e-08
-1.147371e-06
-7.450121e-08
-1.152438e-06
-1.266601e-07
-1.159206e-06
-1.813245e-07
-1.167327e-06
-2.396092e-07
-1.176282e-06
-3.027343e-07
-1.185311e-06
-3.720516e-07
-1.193325e-06
-4.490583e-07
-1.198817e-06
-5.353849e-07
-1.199712e-06
-6.327849e-07
-1.19322e-06
-7.43049e-07
-1.17566e-06
-8.678442e-07
-1.142316e-06
-1.008419e-06
-1.087378e-06
-1.165108e-06
-1.00408e-06
-1.336518e-06
-8.854194e-07
-1.518388e-06
-7.25941e-07
-1.70225e-06
-5.208279e-07
-1.878072e-06
-2.771909e-07
-2.017113e-06
-2.102794e-06
-3.532643e-07
2.441534e-06
-6.457494e-07
2.29805e-06
-8.831709e-07
2.107085e-06
-1.055169e-06
1.869297e-06
-1.173826e-06
1.634948e-06
-1.248845e-06
1.411664e-06
-1.291234e-06
1.209173e-06
-1.310335e-06
1.030184e-06
-1.313597e-06
8.743334e-07
-1.306691e-06
7.396312e-07
-1.293782e-06
6.234282e-07
-1.277856e-06
5.229534e-07
-1.261007e-06
4.355805e-07
-1.24468e-06
3.589438e-07
-1.229834e-06
2.909496e-07
-1.217097e-06
2.297897e-07
-1.20688e-06
1.739023e-07
-1.199444e-06
1.219234e-07
-1.194947e-06
7.263883e-08
-1.193475e-06
2.493882e-08
-1.195058e-06
-2.222515e-08
-1.199678e-06
-6.98813e-08
-1.20726e-06
-1.19078e-07
-1.217659e-06
-1.709252e-07
-1.230631e-06
-2.266376e-07
-1.245784e-06
-2.875818e-07
-1.26251e-06
-3.553251e-07
-1.279881e-06
-4.316872e-07
-1.296482e-06
-5.187838e-07
-1.310248e-06
-6.190194e-07
-1.318217e-06
-7.350797e-07
-1.316232e-06
-8.698296e-07
-1.298594e-06
-1.026057e-06
-1.257763e-06
-1.205939e-06
-1.184198e-06
-1.410082e-06
-1.066549e-06
-1.636037e-06
-8.945799e-07
-1.874219e-06
-6.55461e-07
-2.117191e-06
-3.596242e-07
-2.312949e-06
-2.462419e-06
-4.803655e-07
2.921899e-06
-8.335431e-07
2.651227e-06
-1.109271e-06
2.382813e-06
-1.286891e-06
2.046917e-06
-1.394863e-06
1.74292e-06
-1.450476e-06
1.467277e-06
-1.470188e-06
1.228885e-06
-1.466558e-06
1.026555e-06
-1.448792e-06
8.565668e-07
-1.423353e-06
7.141924e-07
-1.394632e-06
5.947072e-07
-1.365545e-06
4.938667e-07
-1.337944e-06
4.079798e-07
-1.312952e-06
3.339512e-07
-1.291241e-06
2.692388e-07
-1.273203e-06
2.117516e-07
-1.259054e-06
1.597531e-07
-1.248906e-06
1.117755e-07
-1.242814e-06
6.65468e-08
-1.240802e-06
2.292736e-08
-1.242882e-06
-2.014576e-08
-1.249053e-06
-6.371027e-08
-1.259303e-06
-1.08828e-07
-1.273591e-06
-1.566364e-07
-1.291824e-06
-2.084049e-07
-1.313807e-06
-2.655988e-07
-1.339178e-06
-3.299541e-07
-1.3673e-06
-4.035652e-07
-1.397098e-06
-4.889864e-07
-1.426776e-06
-5.893409e-07
-1.453476e-06
-7.083798e-07
-1.472857e-06
-8.504483e-07
-1.478474e-06
-1.02044e-06
-1.461072e-06
-1.223342e-06
-1.407896e-06
-1.463259e-06
-1.302073e-06
-1.74186e-06
-1.125512e-06
-2.050781e-06
-8.480498e-07
-2.394653e-06
-4.908181e-07
-2.670181e-06
-2.953237e-06
-6.659368e-07
3.587836e-06
-1.095202e-06
3.080493e-06
-1.420469e-06
2.70808e-06
-1.588389e-06
2.214837e-06
-1.668185e-06
1.822716e-06
-1.68878e-06
1.487872e-06
-1.673276e-06
1.213381e-06
-1.637507e-06
9.907853e-07
-1.592012e-06
8.110721e-07
-1.543495e-06
6.656751e-07
-1.496051e-06
5.472638e-07
-1.45196e-06
4.497759e-07
-1.412429e-06
3.68448e-07
-1.378045e-06
2.995679e-07
-1.349044e-06
2.402378e-07
-1.325466e-06
1.881731e-07
-1.307257e-06
1.415444e-07
-1.294334e-06
9.885244e-08
-1.286618e-06
5.883027e-08
-1.284055e-06
2.036462e-08
-1.286631e-06
-1.756999e-08
-1.29437e-06
-5.597074e-08
-1.307337e-06
-9.586073e-08
-1.325625e-06
-1.383485e-07
-1.349336e-06
-1.846942e-07
-1.378547e-06
-2.363881e-07
-1.41325e-06
-2.952503e-07
-1.453259e-06
-3.635562e-07
-1.498046e-06
-4.442e-07
-1.546485e-06
-5.409015e-07
-1.596409e-06
-6.584565e-07
-1.643843e-06
-8.030135e-07
-1.682193e-06
-9.820905e-07
-1.700973e-06
-1.204561e-06
-1.684239e-06
-1.479992e-06
-1.60851e-06
-1.817589e-06
-1.444097e-06
-2.215194e-06
-1.117878e-06
-2.720872e-06
-6.859489e-07
-3.102111e-06
-3.639185e-06
-1.091827e-06
4.679664e-06
-1.549871e-06
3.538536e-06
-1.882128e-06
3.040336e-06
-1.98567e-06
2.318379e-06
-2.003745e-06
1.840791e-06
-1.965572e-06
1.449699e-06
-1.898072e-06
1.145881e-06
-1.818921e-06
9.116347e-07
-1.738726e-06
7.308769e-07
-1.663073e-06
5.90022e-07
-1.594519e-06
4.787104e-07
-1.534072e-06
3.893289e-07
-1.481921e-06
3.162962e-07
-1.437851e-06
2.55498e-07
-1.401481e-06
2.03868e-07
-1.372391e-06
1.590836e-07
-1.350194e-06
1.193466e-07
-1.334566e-06
8.322521e-08
-1.325274e-06
4.95378e-08
-1.322174e-06
1.726457e-08
-1.325222e-06
-1.452196e-08
-1.33447e-06
-4.672267e-08
-1.350069e-06
-8.026135e-08
-1.372267e-06
-1.161503e-07
-1.401402e-06
-1.555596e-07
-1.437885e-06
-1.999049e-07
-1.482172e-06
-2.509635e-07
-1.534695e-06
-3.110328e-07
-1.595744e-06
-3.831512e-07
-1.665238e-06
-4.714073e-07
-1.742325e-06
-5.8137e-07
-1.824661e-06
-7.206771e-07
-1.906959e-06
-8.997931e-07
-1.978879e-06
-1.132641e-06
-2.022901e-06
-1.43597e-06
-2.01195e-06
-1.82854e-06
-1.916376e-06
-2.310768e-06
-1.58458e-06
-3.052668e-06
-1.122433e-06
-3.564258e-06
-4.761618e-06
-1.475007e-06
6.154671e-06
-2.021472e-06
4.085001e-06
-2.400735e-06
3.419599e-06
-2.446061e-06
2.363705e-06
-2.390474e-06
1.785204e-06
-2.270813e-06
1.330038e-06
-2.134603e-06
1.00967e-06
-2.002242e-06
7.792737e-07
-1.881932e-06
6.105678e-07
-1.77625e-06
4.843393e-07
-1.685291e-06
3.877515e-07
-1.608116e-06
3.121543e-07
-1.543452e-06
2.516317e-07
-1.490016e-06
2.020629e-07
-1.446664e-06
1.60516e-07
-1.412434e-06
1.248532e-07
-1.386558e-06
9.347074e-08
-1.368458e-06
6.512453e-08
-1.357729e-06
3.880923e-08
-1.354136e-06
1.367122e-08
-1.357604e-06
-1.10537e-08
-1.368211e-06
-3.611511e-08
-1.3862e-06
-6.22727e-08
-1.41198e-06
-9.036989e-08
-1.446144e-06
-1.213961e-07
-1.489477e-06
-1.565721e-07
-1.542972e-06
-1.974688e-07
-1.607824e-06
-2.461803e-07
-1.685395e-06
-3.055808e-07
-1.777082e-06
-3.797197e-07
-1.884021e-06
-4.744315e-07
-2.006408e-06
-5.982898e-07
-2.142099e-06
-7.641021e-07
-2.283519e-06
-9.912203e-07
-2.410539e-06
-1.30895e-06
-2.475425e-06
-1.763655e-06
-2.447233e-06
-2.338959e-06
-2.078679e-06
-3.421223e-06
-1.554952e-06
-4.087985e-06
-6.316571e-06
-3.409073e-06
9.563744e-06
-3.523804e-06
4.199731e-06
-3.508083e-06
3.403879e-06
-3.210846e-06
2.066467e-06
-2.898168e-06
1.472527e-06
-2.615644e-06
1.047514e-06
-2.377452e-06
7.714778e-07
-2.177977e-06
5.797993e-07
-2.01231e-06
4.44901e-07
-1.875366e-06
3.473951e-07
-1.762464e-06
2.74849e-07
-1.669632e-06
2.193224e-07
-1.593646e-06
1.756463e-07
-1.531954e-06
1.403704e-07
-1.482565e-06
1.111272e-07
-1.443955e-06
8.624298e-08
-1.414979e-06
6.449443e-08
-1.394807e-06
4.495297e-08
-1.382879e-06
2.688079e-08
-1.378863e-06
9.65595e-09
-1.382675e-06
-7.242134e-09
-1.394398e-06
-2.439172e-08
-1.414364e-06
-4.230733e-08
-1.443134e-06
-6.159916e-08
-1.481544e-06
-8.298629e-08
-1.530748e-06
-1.073684e-07
-1.592291e-06
-1.359259e-07
-1.668201e-06
-1.702706e-07
-1.761101e-06
-2.126808e-07
-1.874342e-06
-2.664784e-07
-2.012126e-06
-3.366471e-07
-2.179567e-06
-4.308495e-07
-2.38266e-06
-5.610084e-07
-2.629072e-06
-7.448082e-07
-2.925389e-06
-1.012634e-06
-3.256167e-06
-1.432877e-06
-3.586144e-06
-2.008981e-06
-3.621397e-06
-3.38597e-06
-3.509357e-06
-4.200025e-06
-9.825928e-06
-4.183877e-06
1.374762e-05
-4.21146e-06
4.227314e-06
-4.103676e-06
3.296095e-06
-3.658655e-06
1.621446e-06
-3.214572e-06
1.028444e-06
-2.827047e-06
6.599893e-07
-2.504995e-06
4.494257e-07
-2.246837e-06
3.216409e-07
-2.041168e-06
2.392324e-07
-1.87695e-06
1.831772e-07
-1.745262e-06
1.431605e-07
-1.639301e-06
1.133619e-07
-1.553997e-06
9.034178e-08
-1.485597e-06
7.197073e-08
-1.431337e-06
5.686713e-08
-1.389186e-06
4.409202e-08
-1.357669e-06
3.297751e-08
-1.335742e-06
2.302602e-08
-1.322709e-06
1.384744e-08
-1.318169e-06
5.115774e-09
-1.321972e-06
-3.439122e-09
-1.334251e-06
-1.211228e-08
-1.355379e-06
-2.117974e-08
-1.386027e-06
-3.0951e-08
-1.427211e-06
-4.180242e-08
-1.480371e-06
-5.420852e-08
-1.547494e-06
-6.880205e-08
-1.631295e-06
-8.646987e-08
-1.735459e-06
-1.085174e-07
-1.864971e-06
-1.369658e-07
-2.026511e-06
-1.751071e-07
-2.228786e-06
-2.285745e-07
-2.482311e-06
-3.074839e-07
-2.796203e-06
-4.309156e-07
-3.173335e-06
-6.355024e-07
-3.602954e-06
-1.003258e-06
-4.030098e-06
-1.581837e-06
-4.130333e-06
-3.285735e-06
-4.059159e-06
-4.271198e-06
-1.388509e-05
1.374762e-05
1.797494e-05
2.127103e-05
2.289248e-05
2.392092e-05
2.458091e-05
2.503034e-05
2.535198e-05
2.559121e-05
2.577439e-05
2.591755e-05
2.603091e-05
2.612125e-05
2.619322e-05
2.625009e-05
2.629418e-05
2.632716e-05
2.635018e-05
2.636403e-05
2.636915e-05
2.636571e-05
2.63536e-05
2.633242e-05
2.630146e-05
2.625966e-05
2.620545e-05
2.613665e-05
2.605018e-05
2.594166e-05
2.58047e-05
2.562959e-05
2.540102e-05
2.509353e-05
2.466262e-05
2.402712e-05
2.302386e-05
2.144202e-05
1.815629e-05
1.388509e-05
)
;

boundaryField
{
    movingWall
    {
        type            calculated;
        value           uniform 0;
    }
    fixedWalls
    {
        type            calculated;
        value           uniform 0;
    }
    frontAndBack
    {
        type            empty;
    }
}


// ************************************************************************* //
