/*--------------------------------*- C++ -*----------------------------------*\
| =========                 |                                                 |
| \\      /  F ield         | OpenFOAM: The Open Source CFD Toolbox           |
|  \\    /   O peration     | Version:  2412                                  |
|   \\  /    A nd           | Website:  www.openfoam.com                      |
|    \\/     M anipulation  |                                                 |
\*---------------------------------------------------------------------------*/
FoamFile
{
    version     2.0;
    format      ascii;
    arch        "LSB;label=32;scalar=64";
    class       volVectorField;
    location    "0.35";
    object      U;
}
// * * * * * * * * * * * * * * * * * * * * * * * * * * * * * * * * * * * * * //

dimensions      [0 1 -1 0 0 0 0];

internalField   nonuniform List<vector> 
1600
(
(-3.773637e-06 3.770121e-06 0)
(-1.131977e-05 3.766994e-06 0)
(-1.881503e-05 3.718405e-06 0)
(-2.6188e-05 3.645925e-06 0)
(-3.339256e-05 3.550213e-06 0)
(-4.038291e-05 3.432074e-06 0)
(-4.711513e-05 3.292482e-06 0)
(-5.354739e-05 3.132557e-06 0)
(-5.964021e-05 2.953547e-06 0)
(-6.535676e-05 2.756802e-06 0)
(-7.066296e-05 2.543753e-06 0)
(-7.552769e-05 2.315893e-06 0)
(-7.992284e-05 2.074755e-06 0)
(-8.382343e-05 1.821899e-06 0)
(-8.720759e-05 1.558898e-06 0)
(-9.00566e-05 1.287328e-06 0)
(-9.23549e-05 1.008758e-06 0)
(-9.409007e-05 7.247517e-07 0)
(-9.525279e-05 4.368632e-07 0)
(-9.583684e-05 1.466381e-07 0)
(-9.58391e-05 -1.443833e-07 0)
(-9.525951e-05 -4.34662e-07 0)
(-9.410109e-05 -7.226564e-07 0)
(-9.236996e-05 -1.006819e-06 0)
(-9.007533e-05 -1.285591e-06 0)
(-8.722955e-05 -1.557407e-06 0)
(-8.38481e-05 -1.82069e-06 0)
(-7.994962e-05 -2.073859e-06 0)
(-7.555592e-05 -2.315333e-06 0)
(-7.069195e-05 -2.543545e-06 0)
(-6.538581e-05 -2.756953e-06 0)
(-5.96686e-05 -2.954055e-06 0)
(-5.35744e-05 -3.133411e-06 0)
(-4.714011e-05 -3.293663e-06 0)
(-4.040521e-05 -3.433554e-06 0)
(-3.341163e-05 -3.551955e-06 0)
(-2.620336e-05 -3.647886e-06 0)
(-1.882628e-05 -3.720536e-06 0)
(-1.132663e-05 -3.769241e-06 0)
(-3.775938e-06 -3.772417e-06 0)
(-3.819206e-06 1.135982e-05 0)
(-1.145638e-05 1.135029e-05 0)
(-1.904186e-05 1.120378e-05 0)
(-2.65033e-05 1.098522e-05 0)
(-3.379396e-05 1.069663e-05 0)
(-4.086744e-05 1.034044e-05 0)
(-4.767924e-05 9.919595e-06 0)
(-5.418702e-05 9.437495e-06 0)
(-6.035087e-05 8.897909e-06 0)
(-6.613355e-05 8.30492e-06 0)
(-7.150065e-05 7.662854e-06 0)
(-7.642078e-05 6.976218e-06 0)
(-8.08656e-05 6.249639e-06 0)
(-8.480994e-05 5.487822e-06 0)
(-8.82318e-05 4.695505e-06 0)
(-9.111237e-05 3.87743e-06 0)
(-9.343601e-05 3.038324e-06 0)
(-9.519023e-05 2.182885e-06 0)
(-9.636568e-05 1.315785e-06 0)
(-9.695614e-05 4.416663e-07 0)
(-9.695845e-05 -4.348442e-07 0)
(-9.637257e-05 -1.309125e-06 0)
(-9.520153e-05 -2.176545e-06 0)
(-9.345145e-05 -3.032456e-06 0)
(-9.113159e-05 -3.872176e-06 0)
(-8.825434e-05 -4.690993e-06 0)
(-8.483525e-05 -5.484164e-06 0)
(-8.089307e-05 -6.246927e-06 0)
(-7.644974e-05 -6.974523e-06 0)
(-7.153041e-05 -7.662224e-06 0)
(-6.616337e-05 -8.305376e-06 0)
(-6.038001e-05 -8.899446e-06 0)
(-5.421476e-05 -9.440081e-06 0)
(-4.770489e-05 -9.923171e-06 0)
(-4.089034e-05 -1.034492e-05 0)
(-3.381355e-05 -1.070191e-05 0)
(-2.651907e-05 -1.099116e-05 0)
(-1.905341e-05 -1.121023e-05 0)
(-1.146342e-05 -1.13571e-05 0)
(-3.82157e-06 -1.136678e-05 0)
(-3.868304e-06 1.904595e-05 0)
(-1.160356e-05 1.902972e-05 0)
(-1.928613e-05 1.878371e-05 0)
(-2.684253e-05 1.841676e-05 0)
(-3.422525e-05 1.793226e-05 0)
(-4.138717e-05 1.733435e-05 0)
(-4.828317e-05 1.662801e-05 0)
(-5.487034e-05 1.581898e-05 0)
(-6.110832e-05 1.491365e-05 0)
(-6.69595e-05 1.391889e-05 0)
(-7.238919e-05 1.284201e-05 0)
(-7.736579e-05 1.169057e-05 0)
(-8.186084e-05 1.047238e-05 0)
(-8.58491e-05 9.195326e-06 0)
(-8.930854e-05 7.867349e-06 0)
(-9.222036e-05 6.49639e-06 0)
(-9.456895e-05 5.090352e-06 0)
(-9.634186e-05 3.657084e-06 0)
(-9.752979e-05 2.204378e-06 0)
(-9.812653e-05 7.399741e-07 0)
(-9.812895e-05 -7.284167e-07 0)
(-9.7537e-05 -2.193094e-06 0)
(-9.635369e-05 -3.646342e-06 0)
(-9.458512e-05 -5.080408e-06 0)
(-9.224048e-05 -6.487484e-06 0)
(-8.933214e-05 -7.859698e-06 0)
(-8.587561e-05 -9.189121e-06 0)
(-8.188963e-05 -1.046778e-05 0)
(-7.739615e-05 -1.16877e-05 0)
(-7.242038e-05 -1.284093e-05 0)
(-6.699076e-05 -1.391966e-05 0)
(-6.113888e-05 -1.491625e-05 0)
(-5.489944e-05 -1.582336e-05 0)
(-4.831008e-05 -1.663407e-05 0)
(-4.141121e-05 -1.734194e-05 0)
(-3.424581e-05 -1.794121e-05 0)
(-2.685909e-05 -1.842683e-05 0)
(-1.929827e-05 -1.879466e-05 0)
(-1.161096e-05 -1.904126e-05 0)
(-3.870787e-06 -1.905775e-05 0)
(-3.942499e-06 2.685328e-05 0)
(-1.182596e-05 2.682996e-05 0)
(-1.965522e-05 2.648232e-05 0)
(-2.735503e-05 2.596385e-05 0)
(-3.487673e-05 2.527938e-05 0)
(-4.217212e-05 2.443484e-05 0)
(-4.91951e-05 2.343737e-05 0)
(-5.590195e-05 2.229516e-05 0)
(-6.22516e-05 2.10173e-05 0)
(-6.820588e-05 1.961361e-05 0)
(-7.372972e-05 1.809445e-05 0)
(-7.87912e-05 1.647057e-05 0)
(-8.336169e-05 1.4753e-05 0)
(-8.741586e-05 1.29529e-05 0)
(-9.093166e-05 1.108146e-05 0)
(-9.389032e-05 9.149842e-06 0)
(-9.627629e-05 7.169156e-06 0)
(-9.807719e-05 5.150398e-06 0)
(-9.92838e-05 3.104473e-06 0)
(-9.988994e-05 1.042203e-06 0)
(-9.989253e-05 -1.02564e-06 0)
(-9.92915e-05 -3.088301e-06 0)
(-9.808983e-05 -5.135e-06 0)
(-9.629356e-05 -7.1549e-06 0)
(-9.391183e-05 -9.13707e-06 0)
(-9.095689e-05 -1.107048e-05 0)
(-8.744421e-05 -1.294399e-05 0)
(-8.339248e-05 -1.474639e-05 0)
(-7.882369e-05 -1.646643e-05 0)
(-7.376312e-05 -1.809289e-05 0)
(-6.823937e-05 -1.96147e-05 0)
(-6.228434e-05 -2.102102e-05 0)
(-5.593314e-05 -2.230143e-05 0)
(-4.922396e-05 -2.344605e-05 0)
(-4.219791e-05 -2.444573e-05 0)
(-3.489879e-05 -2.529221e-05 0)
(-2.73728e-05 -2.59783e-05 0)
(-1.966824e-05 -2.649804e-05 0)
(-1.183391e-05 -2.684653e-05 0)
(-3.945165e-06 -2.687022e-05 0)
(-4.042488e-06 3.483476e-05 0)
(-1.212567e-05 3.480377e-05 0)
(-2.015253e-05 3.435141e-05 0)
(-2.804548e-05 3.367685e-05 0)
(-3.575426e-05 3.278651e-05 0)
(-4.322918e-05 3.168823e-05 0)
(-5.042285e-05 3.039145e-05 0)
(-5.729041e-05 2.890699e-05 0)
(-6.378987e-05 2.724682e-05 0)
(-6.988236e-05 2.542384e-05 0)
(-7.553223e-05 2.345165e-05 0)
(-8.070724e-05 2.134433e-05 0)
(-8.537852e-05 1.911623e-05 0)
(-8.952065e-05 1.678188e-05 0)
(-9.31116e-05 1.43558e-05 0)
(-9.613266e-05 1.185243e-05 0)
(-9.856839e-05 9.286081e-06 0)
(-0.0001004065 6.670917e-06 0)
(-0.000101638 4.020936e-06 0)
(-0.0001022566 1.350014e-06 0)
(-0.0001022595 -1.328053e-06 0)
(-0.0001016464 -3.999491e-06 0)
(-0.0001004203 -6.650496e-06 0)
(-9.858719e-05 -9.267169e-06 0)
(-9.615607e-05 -1.183548e-05 0)
(-9.313907e-05 -1.434122e-05 0)
(-8.955153e-05 -1.677004e-05 0)
(-8.541206e-05 -1.910743e-05 0)
(-8.074265e-05 -2.13388e-05 0)
(-7.556865e-05 -2.344956e-05 0)
(-6.991889e-05 -2.542526e-05 0)
(-6.382562e-05 -2.725173e-05 0)
(-5.732447e-05 -2.891529e-05 0)
(-5.045438e-05 -3.040296e-05 0)
(-4.325737e-05 -3.170268e-05 0)
(-3.577838e-05 -3.280355e-05 0)
(-2.806492e-05 -3.369605e-05 0)
(-2.016678e-05 -3.437228e-05 0)
(-1.213436e-05 -3.482578e-05 0)
(-4.045405e-06 -3.485727e-05 0)
(-4.169171e-06 4.304273e-05 0)
(-1.250536e-05 4.300327e-05 0)
(-2.07825e-05 4.244208e-05 0)
(-2.891992e-05 4.160541e-05 0)
(-3.686535e-05 4.050139e-05 0)
(-4.456718e-05 3.913997e-05 0)
(-5.197635e-05 3.753309e-05 0)
(-5.904658e-05 3.569443e-05 0)
(-6.573474e-05 3.363909e-05 0)
(-7.200105e-05 3.138327e-05 0)
(-7.780924e-05 2.8944e-05 0)
(-8.312662e-05 2.633887e-05 0)
(-8.792414e-05 2.358575e-05 0)
(-9.21763e-05 2.070264e-05 0)
(-9.586112e-05 1.770748e-05 0)
(-9.896003e-05 1.461803e-05 0)
(-0.0001014578 1.145187e-05 0)
(-0.0001033423 8.226286e-06 0)
(-0.0001046047 4.95836e-06 0)
(-0.0001052389 1.664975e-06 0)
(-0.000105242 -1.6371e-06 0)
(-0.0001046139 -4.931138e-06 0)
(-0.0001033575 -8.200357e-06 0)
(-0.0001014785 -1.142785e-05 0)
(-9.898588e-05 -1.459649e-05 0)
(-9.589146e-05 -1.768894e-05 0)
(-9.221042e-05 -2.068758e-05 0)
(-8.796124e-05 -2.357454e-05 0)
(-8.316581e-05 -2.633181e-05 0)
(-7.784957e-05 -2.89413e-05 0)
(-7.204154e-05 -3.138502e-05 0)
(-6.577438e-05 -3.364529e-05 0)
(-5.908438e-05 -3.570496e-05 0)
(-5.201135e-05 -3.754771e-05 0)
(-4.459849e-05 -3.915833e-05 0)
(-3.689216e-05 -4.052306e-05 0)
(-2.894154e-05 -4.162984e-05 0)
(-2.079835e-05 -4.246865e-05 0)
(-1.251503e-05 -4.30313e-05 0)
(-4.172416e-06 -4.307139e-05 0)
(-4.323719e-06 5.15317e-05 0)
(-1.296853e-05 5.148272e-05 0)
(-2.155084e-05 5.080749e-05 0)
(-2.998617e-05 4.980105e-05 0)
(-3.82197e-05 4.847344e-05 0)
(-4.619749e-05 4.683697e-05 0)
(-5.386839e-05 4.490637e-05 0)
(-6.118441e-05 4.269847e-05 0)
(-6.810104e-05 4.023178e-05 0)
(-7.457744e-05 3.752612e-05 0)
(-8.057663e-05 3.460224e-05 0)
(-8.606549e-05 3.148144e-05 0)
(-9.101475e-05 2.818533e-05 0)
(-9.539893e-05 2.473553e-05 0)
(-9.919621e-05 2.115351e-05 0)
(-0.0001023883 1.746043e-05 0)
(-0.0001049601 1.367713e-05 0)
(-0.0001069001 9.824045e-06 0)
(-0.0001081993 5.921271e-06 0)
(-0.0001088521 1.988638e-06 0)
(-0.0001088556 -1.954197e-06 0)
(-0.0001082096 -5.887632e-06 0)
(-0.000106917 -9.791995e-06 0)
(-0.0001049833 -1.364743e-05 0)
(-0.0001024172 -1.743378e-05 0)
(-9.923015e-05 -2.113055e-05 0)
(-9.543712e-05 -2.471685e-05 0)
(-9.10563e-05 -2.81714e-05 0)
(-8.610941e-05 -3.147264e-05 0)
(-8.062186e-05 -3.459882e-05 0)
(-7.462288e-05 -3.752822e-05 0)
(-6.814556e-05 -4.023939e-05 0)
(-6.122689e-05 -4.271144e-05 0)
(-5.390775e-05 -4.492443e-05 0)
(-4.623272e-05 -4.685969e-05 0)
(-3.824989e-05 -4.850027e-05 0)
(-3.001052e-05 -4.983132e-05 0)
(-2.15687e-05 -5.084044e-05 0)
(-1.297943e-05 -5.151748e-05 0)
(-4.327377e-06 -5.156725e-05 0)
(-4.507595e-06 6.035881e-05 0)
(-1.351955e-05 6.029893e-05 0)
(-2.246471e-05 5.95032e-05 0)
(-3.125398e-05 5.83175e-05 0)
(-3.982943e-05 5.675406e-05 0)
(-4.813426e-05 5.482786e-05 0)
(-5.611485e-05 5.255677e-05 0)
(-6.372117e-05 4.996118e-05 0)
(-7.090708e-05 4.706339e-05 0)
(-7.763059e-05 4.388721e-05 0)
(-8.385392e-05 4.045742e-05 0)
(-8.954353e-05 3.67994e-05 0)
(-9.467005e-05 3.293869e-05 0)
(-9.920812e-05 2.890074e-05 0)
(-0.0001031362 2.471068e-05 0)
(-0.0001064364 2.039316e-05 0)
(-0.0001090942 1.597226e-05 0)
(-0.0001110982 1.147155e-05 0)
(-0.0001124401 6.914079e-06 0)
(-0.0001131144 2.322515e-06 0)
(-0.0001131183 -2.280707e-06 0)
(-0.0001124517 -6.873237e-06 0)
(-0.0001111173 -1.143263e-05 0)
(-0.0001091203 -1.593616e-05 0)
(-0.000106469 -2.036074e-05 0)
(-0.0001031745 -2.468274e-05 0)
(-9.925127e-05 -2.887797e-05 0)
(-9.471703e-05 -3.292167e-05 0)
(-8.959323e-05 -3.67886e-05 0)
(-8.390515e-05 -4.045316e-05 0)
(-7.76821e-05 -4.388965e-05 0)
(-7.09576e-05 -4.707255e-05 0)
(-6.376941e-05 -4.997689e-05 0)
(-5.615959e-05 -5.25787e-05 0)
(-4.817434e-05 -5.485548e-05 0)
(-3.986379e-05 -5.678672e-05 0)
(-3.12817e-05 -5.835438e-05 0)
(-2.248505e-05 -5.954336e-05 0)
(-1.353197e-05 -6.034132e-05 0)
(-4.511764e-06 -6.040217e-05 0)
(-4.722602e-06 6.958444e-05 0)
(-1.416378e-05 6.951192e-05 0)
(-2.35329e-05 6.858779e-05 0)
(-3.273531e-05 6.721127e-05 0)
(-4.170935e-05 6.53971e-05 0)
(-5.039478e-05 6.316334e-05 0)
(-5.873507e-05 6.05315e-05 0)
(-6.66778e-05 5.752595e-05 0)
(-7.417501e-05 5.417334e-05 0)
(-8.118341e-05 5.05019e-05 0)
(-8.766444e-05 4.654091e-05 0)
(-9.358422e-05 4.232014e-05 0)
(-9.89134e-05 3.78694e-05 0)
(-0.0001036269 3.32182e-05 0)
(-0.0001077038 2.839546e-05 0)
(-0.0001111267 2.342937e-05 0)
(-0.0001138817 1.834732e-05 0)
(-0.0001159582 1.31759e-05 0)
(-0.0001173483 7.941026e-06 0)
(-0.0001180469 2.668069e-06 0)
(-0.0001180513 -2.617928e-06 0)
(-0.0001173615 -7.892034e-06 0)
(-0.0001159799 -1.312919e-05 0)
(-0.0001139114 -1.830397e-05 0)
(-0.0001111637 -2.339041e-05 0)
(-0.0001077474 -2.836183e-05 0)
(-0.000103676 -3.319074e-05 0)
(-9.896693e-05 -3.784883e-05 0)
(-9.36409e-05 -4.230701e-05 0)
(-8.772292e-05 -4.653564e-05 0)
(-8.124227e-05 -5.05047e-05 0)
(-7.423279e-05 -5.418422e-05 0)
(-6.673304e-05 -5.754474e-05 0)
(-5.878635e-05 -6.055779e-05 0)
(-5.044075e-05 -6.319654e-05 0)
(-4.174879e-05 -6.543641e-05 0)
(-3.276716e-05 -6.725569e-05 0)
(-2.355628e-05 -6.86362e-05 0)
(-1.417805e-05 -6.956304e-05 0)
(-4.727396e-06 -6.963674e-05 0)
(-4.970931e-06 7.927295e-05 0)
(-1.490774e-05 7.918555e-05 0)
(-2.476608e-05 7.812347e-05 0)
(-3.444466e-05 7.654216e-05 0)
(-4.387735e-05 7.445932e-05 0)
(-5.299986e-05 7.189659e-05 0)
(-6.175224e-05 6.88797e-05 0)
(-7.007933e-05 6.543768e-05 0)
(-7.793114e-05 6.160208e-05 0)
(-8.526302e-05 5.740619e-05 0)
(-9.203568e-05 5.288428e-05 0)
(-9.821504e-05 4.807099e-05 0)
(-0.000103772 4.300075e-05 0)
(-0.0001086821 3.770738e-05 0)
(-0.000112925 3.222377e-05 0)
(-0.0001164845 2.658172e-05 0)
(-0.0001193477 2.081188e-05 0)
(-0.0001215045 1.494381e-05 0)
(-0.0001229479 9.00612e-06 0)
(-0.0001236734 3.026686e-06 0)
(-0.0001236784 -2.967063e-06 0)
(-0.000122963 -8.947849e-06 0)
(-0.0001215292 -1.488822e-05 0)
(-0.0001193816 -2.076026e-05 0)
(-0.0001165269 -2.653527e-05 0)
(-0.0001129749 -3.218362e-05 0)
(-0.0001087383 -3.767453e-05 0)
(-0.0001038333 -4.297606e-05 0)
(-9.828004e-05 -4.805514e-05 0)
(-9.210283e-05 -5.287778e-05 0)
(-8.533069e-05 -5.740931e-05 0)
(-7.799765e-05 -6.161487e-05 0)
(-7.014298e-05 -6.545994e-05 0)
(-6.181139e-05 -6.891097e-05 0)
(-5.305295e-05 -7.193616e-05 0)
(-4.392294e-05 -7.450624e-05 0)
(-3.44815e-05 -7.659526e-05 0)
(-2.479315e-05 -7.818139e-05 0)
(-1.492427e-05 -7.924675e-05 0)
(-4.976481e-06 -7.933558e-05 0)
(-5.255225e-06 8.949353e-05 0)
(-1.57593e-05 8.93884e-05 0)
(-2.617712e-05 8.817686e-05 0)
(-3.639947e-05 8.637397e-05 0)
(-4.635492e-05 8.400091e-05 0)
(-5.597439e-05 8.108362e-05 0)
(-6.519397e-05 7.765279e-05 0)
(-7.395541e-05 7.374287e-05 0)
(-8.22065e-05 6.939111e-05 0)
(-8.990121e-05 6.463657e-05 0)
(-9.699964e-05 5.951918e-05 0)
(-0.0001034678 5.407899e-05 0)
(-0.000109277 4.835546e-05 0)
(-0.0001144039 4.238704e-05 0)
(-0.0001188295 3.621075e-05 0)
(-0.0001225386 2.986207e-05 0)
(-0.0001255197 2.337485e-05 0)
(-0.000127764 1.678148e-05 0)
(-0.0001292655 1.011304e-05 0)
(-0.0001300201 3.399645e-06 0)
(-0.0001300259 -3.32919e-06 0)
(-0.0001292827 -1.004416e-05 0)
(-0.0001277923 -1.671573e-05 0)
(-0.0001255585 -2.331374e-05 0)
(-0.0001225871 -2.980701e-05 0)
(-0.0001188866 -3.616308e-05 0)
(-0.0001144685 -4.234794e-05 0)
(-0.0001093475 -4.832597e-05 0)
(-0.0001035426 -5.405993e-05 0)
(-9.707709e-05 -5.951118e-05 0)
(-8.997937e-05 -6.463998e-05 0)
(-8.228342e-05 -6.940601e-05 0)
(-7.402913e-05 -7.376905e-05 0)
(-6.526257e-05 -7.768973e-05 0)
(-5.603602e-05 -8.113051e-05 0)
(-4.640789e-05 -8.405662e-05 0)
(-3.644231e-05 -8.64371e-05 0)
(-2.620861e-05 -8.82458e-05 0)
(-1.577855e-05 -8.946129e-05 0)
(-5.26169e-06 -8.956814e-05 0)
(-5.578674e-06 0.0001003211 0)
(-1.672795e-05 0.0001001947 0)
(-2.778145e-05 9.881983e-05 0)
(-3.862062e-05 9.677518e-05 0)
(-4.91677e-05 9.408613e-05 0)
(-5.934799e-05 9.078377e-05 0)
(-6.909299e-05 8.690469e-05 0)
(-7.8341e-05 8.248978e-05 0)
(-8.703743e-05 7.758296e-05 0)
(-9.513495e-05 7.222995e-05 0)
(-0.0001025933 6.647713e-05 0)
(-0.0001093788 6.03706e-05 0)
(-0.0001154639 5.39554e-05 0)
(-0.0001208268 4.727489e-05 0)
(-0.00012545 4.037044e-05 0)
(-0.0001293204 3.328122e-05 0)
(-0.0001324282 2.60442e-05 0)
(-0.0001347663 1.869437e-05 0)
(-0.0001363298 1.126501e-05 0)
(-0.0001371156 3.788082e-06 0)
(-0.0001371222 -3.705217e-06 0)
(-0.0001363495 -1.118397e-05 0)
(-0.0001347988 -1.861697e-05 0)
(-0.0001324728 -2.597217e-05 0)
(-0.0001293762 -3.321623e-05 0)
(-0.0001255158 -4.031406e-05 0)
(-0.0001209012 -4.722852e-05 0)
(-0.0001155453 -5.392026e-05 0)
(-0.0001094653 -6.034772e-05 0)
(-0.0001026829 -6.646726e-05 0)
(-9.522552e-05 -7.223355e-05 0)
(-8.712672e-05 -7.760018e-05 0)
(-7.84267e-05 -8.25204e-05 0)
(-6.917285e-05 -8.694814e-05 0)
(-5.941984e-05 -9.08391e-05 0)
(-4.922953e-05 -9.415202e-05 0)
(-3.867068e-05 -9.684998e-05 0)
(-2.781828e-05 -9.890159e-05 0)
(-1.675047e-05 -0.0001002812 0)
(-5.586238e-06 -0.0001004098 0)
(-5.945115e-06 0.0001118378 0)
(-1.782509e-05 0.0001116853 0)
(-2.959766e-05 0.0001101305 0)
(-4.113316e-05 0.0001078199 0)
(-5.234632e-05 0.000104784 0)
(-6.315584e-05 0.0001010602 0)
(-7.348797e-05 9.669215e-05 0)
(-8.327714e-05 9.172852e-05 0)
(-9.246633e-05 8.62211e-05 0)
(-0.000101007 8.022336e-05 0)
(-0.000108859 7.378911e-05 0)
(-0.0001159895 6.697129e-05 0)
(-0.0001223727 5.982105e-05 0)
(-0.0001279889 5.238709e-05 0)
(-0.0001328231 4.471529e-05 0)
(-0.0001368648 3.684849e-05 0)
(-0.0001401065 2.882665e-05 0)
(-0.0001425432 2.068702e-05 0)
(-0.0001441718 1.246466e-05 0)
(-0.0001449903 4.192935e-06 0)
(-0.0001449979 -4.095833e-06 0)
(-0.0001441944 -1.236966e-05 0)
(-0.0001425805 -2.05962e-05 0)
(-0.0001401578 -2.874203e-05 0)
(-0.000136929 -3.677203e-05 0)
(-0.0001328989 -4.464879e-05 0)
(-0.0001280747 -5.233222e-05 0)
(-0.0001224667 -5.977927e-05 0)
(-0.0001160896 -6.694383e-05 0)
(-0.0001089629 -7.377691e-05 0)
(-0.0001011123 -8.022702e-05 0)
(-9.257027e-05 -8.624084e-05 0)
(-8.337709e-05 -9.176416e-05 0)
(-7.358126e-05 -9.674304e-05 0)
(-6.323991e-05 -0.0001011252 0)
(-5.241877e-05 -0.0001048617 0)
(-4.119188e-05 -0.0001079083 0)
(-2.964091e-05 -0.0001102273 0)
(-1.785154e-05 -0.0001117879 0)
(-5.954005e-06 -0.0001119428 0)
(-6.359188e-06 0.0001241338 0)
(-1.906447e-05 0.0001239495 0)
(-3.16481e-05 0.0001221945 0)
(-4.396715e-05 0.0001195887 0)
(-5.592741e-05 0.0001161689 0)
(-6.743981e-05 0.0001119802 0)
(-7.842462e-05 0.0001070749 0)
(-8.881205e-05 0.000101511 0)
(-9.85426e-05 9.534973e-05 0)
(-0.0001075669 8.865362e-05 0)
(-0.0001158453 8.148511e-05 0)
(-0.0001233468 7.390491e-05 0)
(-0.0001300481 6.597096e-05 0)
(-0.0001359325 5.773769e-05 0)
(-0.0001409886 4.925562e-05 0)
(-0.0001452091 4.057125e-05 0)
(-0.0001485897 3.172721e-05 0)
(-0.0001511283 2.276264e-05 0)
(-0.0001528239 1.371383e-05 0)
(-0.0001536761 4.614882e-06 0)
(-0.0001536848 -4.501439e-06 0)
(-0.0001528499 -1.36028e-05 0)
(-0.0001511712 -2.26564e-05 0)
(-0.0001486487 -3.162807e-05 0)
(-0.000145283 -4.048148e-05 0)
(-0.000141076 -4.917733e-05 0)
(-0.0001360316 -5.767284e-05 0)
(-0.0001301569 -6.59213e-05 0)
(-0.0001234629 -7.387194e-05 0)
(-0.0001159661 -8.146999e-05 0)
(-0.0001076895 -8.865712e-05 0)
(-9.866386e-05 -9.537219e-05 0)
(-8.89289e-05 -0.0001015523 0)
(-7.853392e-05 -0.0001071344 0)
(-6.753848e-05 -0.0001120565 0)
(-5.601258e-05 -0.0001162604 0)
(-4.403628e-05 -0.000119693 0)
(-3.169906e-05 -0.0001223089 0)
(-1.909567e-05 -0.0001240708 0)
(-6.369675e-06 -0.0001242581 0)
(-6.826515e-06 0.0001373098 0)
(-2.046278e-05 0.0001370862 0)
(-3.39598e-05 0.0001351065 0)
(-4.715879e-05 0.0001321701 0)
(-5.995485e-05 0.0001283218 0)
(-7.224981e-05 0.0001236161 0)
(-8.395709e-05 0.0001181161 0)
(-9.500235e-05 0.0001118911 0)
(-0.0001053238 0.0001050135 0)
(-0.0001148717 9.755679e-05 0)
(-0.0001236077 8.959345e-05 0)
(-0.0001315036 8.119298e-05 0)
(-0.0001385399 7.242088e-05 0)
(-0.0001447042 6.333774e-05 0)
(-0.0001499896 5.399886e-05 0)
(-0.0001543932 4.44542e-05 0)
(-0.0001579151 3.47487e-05 0)
(-0.0001605566 2.492282e-05 0)
(-0.0001623195 1.501333e-05 0)
(-0.0001632056 5.054258e-06 0)
(-0.0001632156 -4.922066e-06 0)
(-0.0001623494 -1.488387e-05 0)
(-0.0001606058 -2.479881e-05 0)
(-0.0001579828 -3.46328e-05 0)
(-0.0001544782 -4.4349e-05 0)
(-0.0001500903 -5.390682e-05 0)
(-0.0001448187 -6.326118e-05 0)
(-0.0001386658 -7.236188e-05 0)
(-0.0001316383 -8.115334e-05 0)
(-0.0001237481 -8.957462e-05 0)
(-0.0001150145 -9.755979e-05 0)
(-0.0001054655 -0.0001050388 0)
(-9.513926e-05 -0.0001119387 0)
(-8.408544e-05 -0.0001181853 0)
(-7.236593e-05 -0.0001237055 0)
(-6.005527e-05 -0.0001284293 0)
(-4.724043e-05 -0.0001322931 0)
(-3.402005e-05 -0.0001352417 0)
(-2.04997e-05 -0.0001372296 0)
(-6.838931e-06 -0.000137457 0)
(-7.353954e-06 0.0001514787 0)
(-2.204031e-05 0.000151206 0)
(-3.656555e-05 0.0001489718 0)
(-5.075186e-05 0.0001456619 0)
(-6.448147e-05 0.000141331 0)
(-7.764552e-05 0.0001360456 0)
(-9.014965e-05 0.0001298822 0)
(-0.0001019147 0.0001229238 0)
(-0.0001128769 0.0001152567 0)
(-0.0001229869 0.0001069674 0)
(-0.0001322091 9.813975e-05 0)
(-0.0001405194 8.885359e-05 0)
(-0.0001479034 7.918274e-05 0)
(-0.0001543546 6.919437e-05 0)
(-0.0001598722 5.89486e-05 0)
(-0.0001644593 4.849859e-05 0)
(-0.0001681211 3.789105e-05 0)
(-0.0001708637 2.716694e-05 0)
(-0.0001726924 1.636262e-05 0)
(-0.0001736115 5.510957e-06 0)
(-0.0001736229 -5.357278e-06 0)
(-0.0001727267 -1.621203e-05 0)
(-0.0001709201 -2.702251e-05 0)
(-0.0001681989 -3.77558e-05 0)
(-0.000164557 -4.83755e-05 0)
(-0.0001599882 -5.884051e-05 0)
(-0.0001544867 -6.9104e-05 0)
(-0.0001480491 -7.911258e-05 0)
(-0.0001406756 -8.880583e-05 0)
(-0.0001323725 -9.81162e-05 0)
(-0.0001231536 -0.0001069694 0)
(-0.0001130427 -0.000115285 0)
(-0.0001020754 -0.0001229785 0)
(-9.030071e-05 -0.0001299625 0)
(-7.778253e-05 -0.00013615 0)
(-6.460023e-05 -0.0001414572 0)
(-5.084858e-05 -0.0001458068 0)
(-3.663705e-05 -0.0001491315 0)
(-2.208416e-05 -0.0001513758 0)
(-7.368709e-06 -0.000151653 0)
(-7.949924e-06 0.0001667687 0)
(-2.382195e-05 0.0001664344 0)
(-3.950549e-05 0.0001639088 0)
(-5.479965e-05 0.0001601727 0)
(-6.957118e-05 0.0001552933 0)
(-8.369862e-05 0.0001493523 0)
(-9.707885e-05 0.0001424431 0)
(-0.0001096278 0.0001346657 0)
(-0.0001212802 0.0001261231 0)
(-0.0001319886 0.0001169172 0)
(-0.0001417215 0.0001071457 0)
(-0.0001504607 9.690005e-05 0)
(-0.0001581992 8.626323e-05 0)
(-0.0001649383 7.53094e-05 0)
(-0.0001706853 6.410344e-05 0)
(-0.0001754508 5.270125e-05 0)
(-0.0001792468 4.11505e-05 0)
(-0.000182085 2.949167e-05 0)
(-0.0001839755 1.775948e-05 0)
(-0.0001849255 5.984305e-06 0)
(-0.0001849386 -5.80605e-06 0)
(-0.0001840146 -1.758468e-05 0)
(-0.0001821496 -2.932378e-05 0)
(-0.0001793358 -4.099293e-05 0)
(-0.000175563 -5.25574e-05 0)
(-0.0001708188 -6.39766e-05 0)
(-0.0001650907 -7.520275e-05 0)
(-0.0001583677 -8.617972e-05 0)
(-0.0001506419 -9.684237e-05 0)
(-0.0001419116 -0.0001071162 0)
(-0.0001321833 -0.0001169174 0)
(-0.0001214746 -0.0001261542 0)
(-0.0001098167 -0.000134728 0)
(-9.725703e-05 -0.000142536 0)
(-8.38607e-05 -0.0001494742 0)
(-6.971205e-05 -0.0001554414 0)
(-5.491463e-05 -0.0001603434 0)
(-3.959063e-05 -0.0001640975 0)
(-2.387422e-05 -0.0001666353 0)
(-7.967525e-06 -0.0001669752 0)
(-8.624842e-06 0.0001833263 0)
(-2.583844e-05 0.0001829141 0)
(-4.282899e-05 0.0001800516 0)
(-5.936745e-05 0.0001758241 0)
(-7.530179e-05 0.0001703155 0)
(-9.04957e-05 0.0001636267 0)
(-0.0001048363 0.0001558721 0)
(-0.0001182347 0.0001471734 0)
(-0.0001306254 0.0001376538 0)
(-0.0001419643 0.0001274339 0)
(-0.0001522263 0.0001166275 0)
(-0.0001614019 0.0001053391 0)
(-0.000169494 9.366209e-05 0)
(-0.0001765143 8.167776e-05 0)
(-0.0001824803 6.945551e-05 0)
(-0.0001874122 5.705327e-05 0)
(-0.0001913307 4.45186e-05 0)
(-0.0001942547 3.189019e-05 0)
(-0.0001961998 1.919954e-05 0)
(-0.000197177 6.472918e-06 0)
(-0.0001971919 -6.266622e-06 0)
(-0.0001962444 -1.899709e-05 0)
(-0.0001943284 -3.169541e-05 0)
(-0.0001914325 -4.433534e-05 0)
(-0.0001875407 -5.688536e-05 0)
(-0.0001826335 -6.930675e-05 0)
(-0.0001766898 -8.155185e-05 0)
(-0.0001696887 -9.356257e-05 0)
(-0.0001616121 -0.0001052693 0)
(-0.0001524476 -0.0001165901 0)
(-0.0001421917 -0.0001274313 0)
(-0.0001308534 -0.0001376875 0)
(-0.0001184572 -0.0001472441 0)
(-0.0001050469 -0.0001559794 0)
(-9.068795e-05 -0.0001637687 0)
(-7.546939e-05 -0.0001704893 0)
(-5.950461e-05 -0.0001760254 0)
(-4.293077e-05 -0.0001802747 0)
(-2.590102e-05 -0.0001831523 0)
(-8.645926e-06 -0.0001835714 0)
(-9.391716e-06 0.0002013216 0)
(-2.812811e-05 0.0002008101 0)
(-4.659736e-05 0.0001975536 0)
(-6.453584e-05 0.0001927538 0)
(-8.176863e-05 0.0001865159 0)
(-9.814194e-05 0.0001789662 0)
(-0.0001135322 0.0001702457 0)
(-0.0001278462 0.000160503 0)
(-0.0001410197 0.0001498864 0)
(-0.0001530149 0.0001385389 0)
(-0.0001638162 0.0001265932 0)
(-0.0001734261 0.0001141687 0)
(-0.0001818605 0.0001013699 0)
(-0.0001891449 8.828542e-05 0)
(-0.0001953098 7.498867e-05 0)
(-0.0002003877 6.153854e-05 0)
(-0.0002044098 4.798106e-05 0)
(-0.0002074041 3.435135e-05 0)
(-0.0002093928 2.067582e-05 0)
(-0.0002103916 6.974518e-06 0)
(-0.0002104086 -6.73634e-06 0)
(-0.0002094434 -2.044185e-05 0)
(-0.0002074878 -3.412582e-05 0)
(-0.0002045258 -4.776825e-05 0)
(-0.0002005344 -6.134277e-05 0)
(-0.0001954853 -7.481428e-05 0)
(-0.0001893466 -8.813672e-05 0)
(-0.0001820851 -0.0001012511 0)
(-0.0001736695 -0.0001140838 0)
(-0.0001640737 -0.0001265458 0)
(-0.0001532807 -0.000138532 0)
(-0.0001412874 -0.0001499221 0)
(-0.0001281086 -0.0001605825 0)
(-0.0001137816 -0.0001703689 0)
(-9.837059e-05 -0.0001791313 0)
(-8.19687e-05 -0.0001867196 0)
(-6.470009e-05 -0.000192991 0)
(-4.671954e-05 -0.0001978177 0)
(-2.820336e-05 -0.0002010929 0)
(-9.41709e-06 -0.0002016129 0)
(-1.026695e-05 0.0002209533 0)
(-3.073916e-05 0.0002203144 0)
(-5.088742e-05 0.0002165916 0)
(-7.040514e-05 0.0002111177 0)
(-8.908939e-05 0.0002040261 0)
(-0.0001067659 0.0001954758 0)
(-0.0001232995 0.0001856424 0)
(-0.0001385941 0.000174708 0)
(-0.0001525894 0.0001628522 0)
(-0.0001652575 0.0001502446 0)
(-0.0001765965 0.0001370401 0)
(-0.0001866252 0.0001233748 0)
(-0.0001953773 0.0001093651 0)
(-0.0002028955 9.510687e-05 0)
(-0.0002092272 8.067634e-05 0)
(-0.0002144198 6.613194e-05 0)
(-0.0002185179 5.151625e-05 0)
(-0.0002215599 3.685865e-05 0)
(-0.0002235766 2.217803e-05 0)
(-0.0002245892 7.485734e-06 0)
(-0.0002246083 -7.211454e-06 0)
(-0.0002236339 -2.190831e-05 0)
(-0.0002216548 -3.65981e-05 0)
(-0.0002186494 -5.126958e-05 0)
(-0.0002145867 -6.590397e-05 0)
(-0.0002094275 -8.0472e-05 0)
(-0.0002031266 -9.493117e-05 0)
(-0.0001956358 -0.0001092231 0)
(-0.0001869067 -0.0001232713 0)
(-0.0001768957 -0.0001369796 0)
(-0.0001655681 -0.0001502312 0)
(-0.0001529039 -0.0001628888 0)
(-0.000138904 -0.0001747966 0)
(-0.0001235957 -0.0001857833 0)
(-0.0001070386 -0.0001956674 0)
(-8.932911e-05 -0.0002042648 0)
(-7.060267e-05 -0.0002113976 0)
(-5.103479e-05 -0.0002169048 0)
(-3.083011e-05 -0.0002206508 0)
(-1.029765e-05 -0.0002213003 0)
(-1.127148e-05 0.0002424569 0)
(-3.373295e-05 0.0002416531 0)
(-5.579636e-05 0.0002373717 0)
(-7.710132e-05 0.0002310945 0)
(-9.741049e-05 0.0002229927 0)
(-0.0001165256 0.0002132683 0)
(-0.0001342999 0.0002021415 0)
(-0.0001506364 0.0001898371 0)
(-0.0001654831 0.0001765728 0)
(-0.000178827 0.0001625506 0)
(-0.000190686 0.0001479507 0)
(-0.000201101 0.000132928 0)
(-0.0002101285 0.000117611 0)
(-0.0002178337 0.0001021021 0)
(-0.0002242847 8.647889e-05 0)
(-0.0002295478 7.079724e-05 0)
(-0.0002336831 5.509377e-05 0)
(-0.0002367423 3.938926e-05 0)
(-0.0002387657 2.36921e-05 0)
(-0.0002397811 8.001902e-06 0)
(-0.0002398026 -7.686996e-06 0)
(-0.0002388301 -2.338205e-05 0)
(-0.0002368491 -3.9089e-05 0)
(-0.0002338316 -5.480842e-05 0)
(-0.0002297368 -7.053211e-05 0)
(-0.0002245125 -8.623957e-05 0)
(-0.0002180976 -0.0001018944 0)
(-0.0002104252 -0.0001174409 0)
(-0.000201426 -0.0001328013 0)
(-0.0001910335 -0.0001478732 0)
(-0.0001791899 -0.0001625276 0)
(-0.0001658529 -0.0001766085 0)
(-0.000151003 -0.0001899345 0)
(-0.0001346524 -0.0002023017 0)
(-0.0001168521 -0.0002134901 0)
(-9.76989e-05 -0.0002232722 0)
(-7.734003e-05 -0.0002314251 0)
(-5.597508e-05 -0.0002377438 0)
(-3.384351e-05 -0.0002420544 0)
(-1.130884e-05 -0.0002428716 0)
(-1.243231e-05 0.0002661149 0)
(-3.718842e-05 0.000265096 0)
(-6.144854e-05 0.0002601365 0)
(-8.478419e-05 0.0002528902 0)
(-0.0001069156 0.0002435794 0)
(-0.000127617 0.0002324636 0)
(-0.0001467307 0.0002198208 0)
(-0.0001641628 0.0002059299 0)
(-0.000179876 0.0001910557 0)
(-0.0001938796 0.0001754385 0)
(-0.0002062191 0.0001592877 0)
(-0.0002169649 0.0001427783 0)
(-0.0002262032 0.0001260509 0)
(-0.0002340277 0.0001092127 0)
(-0.000240532 9.234087e-05 0)
(-0.0002458049 7.548535e-05 0)
(-0.0002499258 5.86733e-05 0)
(-0.0002529616 4.19133e-05 0)
(-0.000254964 2.519971e-05 0)
(-0.0002559682 8.516932e-06 0)
(-0.0002559922 -8.156591e-06 0)
(-0.0002550359 -2.484443e-05 0)
(-0.0002530811 -4.156828e-05 0)
(-0.0002500925 -5.834399e-05 0)
(-0.0002460178 -7.517755e-05 0)
(-0.0002407897 -9.206081e-05 0)
(-0.0002343279 -0.0001089671 0)
(-0.0002265427 -0.0001258467 0)
(-0.0002173391 -0.0001426228 0)
(-0.000206622 -0.000159188 0)
(-0.0001943034 -0.0001754016 0)
(-0.0001803108 -0.0001910875 0)
(-0.0001645972 -0.0002060349 0)
(-0.0001471513 -0.0002200014 0)
(-0.0001280092 -0.0002327193 0)
(-0.0001072642 -0.0002439065 0)
(-8.507424e-05 -0.000253281 0)
(-6.166663e-05 -0.0002605795 0)
(-3.732374e-05 -0.000265576 0)
(-1.247811e-05 -0.0002666122 0)
(-1.378484e-05 0.0002922709 0)
(-4.120856e-05 0.0002909684 0)
(-6.800495e-05 0.0002851739 0)
(-9.365846e-05 0.0002767432 0)
(-0.0001178371 0.0002659688 0)
(-0.0001402842 0.0002531872 0)
(-0.0001608336 0.0002387523 0)
(-0.0001794015 0.0002230115 0)
(-0.0001959745 0.0002062873 0)
(-0.000210595 0.0001888653 0)
(-0.0002233462 0.0001709874 0)
(-0.0002343377 0.0001528496 0)
(-0.0002436941 0.0001346035 0)
(-0.0002515438 0.0001163592 0)
(-0.0002580121 9.818882e-05 0)
(-0.0002632153 8.013227e-05 0)
(-0.0002672552 6.220272e-05 0)
(-0.0002702159 4.439232e-05 0)
(-0.0002721621 2.667734e-05 0)
(-0.0002731374 9.02298e-06 0)
(-0.000273164 -8.612149e-06 0)
(-0.0002722418 -2.627166e-05 0)
(-0.0002703487 -4.399711e-05 0)
(-0.0002674409 -6.182368e-05 0)
(-0.0002634536 -7.977563e-05 0)
(-0.000258302 -9.786142e-05 0)
(-0.0002518835 -0.0001160686 0)
(-0.0002440809 -0.000134358 0)
(-0.0002347673 -0.000152658 0)
(-0.0002238123 -0.0001708588 0)
(-0.0002110894 -0.0001888086 0)
(-0.0001964862 -0.0002063108 0)
(-0.0001799169 -0.0002231218 0)
(-0.0001613368 -0.0002389538 0)
(-0.0001407572 -0.0002534808 0)
(-0.0001182606 -0.000266351 0)
(-9.40131e-05 -0.0002772057 0)
(-6.8273e-05 -0.0002857029 0)
(-4.137549e-05 -0.0002915448 0)
(-1.384145e-05 -0.0002928698 0)
(-1.537616e-05 0.0003213483 0)
(-4.592971e-05 0.0003196678 0)
(-7.567675e-05 0.0003128296 0)
(-0.0001039893 0.0003029313 0)
(-0.0001304716 0.0002903637 0)
(-0.0001548335 0.0002755676 0)
(-0.0001769064 0.0002589964 0)
(-0.0001966278 0.0002410843 0)
(-0.0002140222 0.0002222243 0)
(-0.0002291795 0.0002027541 0)
(-0.0002422347 0.0001829512 0)
(-0.0002533487 0.0001630325 0)
(-0.0002626937 0.0001431584 0)
(-0.0002704424 0.0001234361 0)
(-0.0002767589 0.0001039271 0)
(-0.000281791 8.465553e-05 0)
(-0.0002856658 6.561546e-05 0)
(-0.000288487 4.677762e-05 0)
(-0.0002903333 2.809536e-05 0)
(-0.0002912577 9.51012e-06 0)
(-0.0002912869 -9.043658e-06 0)
(-0.0002904208 -2.763393e-05 0)
(-0.0002886332 -4.632652e-05 0)
(-0.000285871 -6.518049e-05 0)
(-0.0002820556 -8.42432e-05 0)
(-0.0002770827 -0.0001035449 0)
(-0.0002708245 -0.0001230924 0)
(-0.0002631321 -0.0001428629 0)
(-0.0002538398 -0.0001627958 0)
(-0.0002427726 -0.0001827846 0)
(-0.0002297554 -0.0002026695 0)
(-0.0002146241 -0.0002222328 0)
(-0.0001972402 -0.0002411958 0)
(-0.0001775103 -0.000259218 0)
(-0.0001554064 -0.0002759025 0)
(-0.0001309891 -0.0002908095 0)
(-0.0001044261 -0.0003034791 0)
(-7.600893e-05 -0.0003134629 0)
(-4.613753e-05 -0.000320363 0)
(-1.544679e-05 -0.0003220732 0)
(-1.727007e-05 0.0003538781 0)
(-5.15353e-05 0.0003516867 0)
(-8.474475e-05 0.000343522 0)
(-0.0001161244 0.0003317789 0)
(-0.0001452008 0.0003169869 0)
(-0.0001716515 0.0002997297 0)
(-0.0001953168 0.0002805915 0)
(-0.0002161736 0.0002601162 0)
(-0.0002343047 0.0002387809 0)
(-0.0002498682 0.0002169825 0)
(-0.0002630678 0.0001950361 0)
(-0.0002741305 0.0001731779 0)
(-0.0002832905 0.0001515691 0)
(-0.0002907751 0.0001303063 0)
(-0.0002967927 0.0001094332 0)
(-0.000301527 8.895124e-05 0)
(-0.0003051331 6.882887e-05 0)
(-0.000307736 4.900927e-05 0)
(-0.0003094296 2.941746e-05 0)
(-0.0003102764 9.966167e-06 0)
(-0.000310308 -9.439031e-06 0)
(-0.0003095246 -2.8895e-05 0)
(-0.0003078952 -4.849649e-05 0)
(-0.0003053576 -6.833145e-05 0)
(-0.000301818 -8.847581e-05 0)
(-0.0002971512 -0.0001089876 0)
(-0.0002912016 -0.0001299 0)
(-0.0002837843 -0.0001512131 0)
(-0.000274689 -0.0001728848 0)
(-0.0002636861 -0.00019482 0)
(-0.0002505376 -0.0002168587 0)
(-0.0002350125 -0.0002387647 0)
(-0.0002169021 -0.0002602218 0)
(-0.0001960435 -0.0002808303 0)
(-0.0001723488 -0.0003001084 0)
(-0.0001458372 -0.0003175055 0)
(-0.0001166665 -0.0003324284 0)
(-8.516038e-05 -0.0003442831 0)
(-5.17968e-05 -0.0003525296 0)
(-1.735921e-05 -0.0003547609 0)
(-1.955489e-05 0.0003905368 0)
(-5.82768e-05 0.0003876439 0)
(-9.558821e-05 0.0003777629 0)
(-0.0001305244 0.0003636648 0)
(-0.0001625208 0.0003460787 0)
(-0.0001912289 0.0003257848 0)
(-0.0002165199 0.0003035393 0)
(-0.0002384384 0.0002800229 0)
(-0.0002571559 0.0002558116 0)
(-0.0002729244 0.0002313677 0)
(-0.0002860393 0.0002070444 0)
(-0.0002968156 0.0001830861 0)
(-0.0003055653 0.0001596441 0)
(-0.0003125784 0.0001367948 0)
(-0.000318114 0.0001145541 0)
(-0.0003223953 9.289192e-05 0)
(-0.0003256078 7.174267e-05 0)
(-0.0003278984 5.101519e-05 0)
(-0.0003293764 3.060022e-05 0)
(-0.0003301142 1.03765e-05 0)
(-0.000330148 -9.784002e-06 0)
(-0.0003294783 -3.00117e-05 0)
(-0.0003280696 -5.043507e-05 0)
(-0.0003258504 -7.117616e-05 0)
(-0.0003227117 -9.23455e-05 0)
(-0.0003185068 -0.0001140359 0)
(-0.00031305 -0.0001363149 0)
(-0.0003061169 -0.000159215 0)
(-0.0002974467 -0.0001827226 0)
(-0.0002867465 -0.0002067639 0)
(-0.0002737001 -0.0002311896 0)
(-0.0002579871 -0.0002557565 0)
(-0.0002393058 -0.0002801112 0)
(-0.0002173969 -0.0003037886 0)
(-0.0001920817 -0.0003262077 0)
(-0.000163309 -0.0003466792 0)
(-0.0001312037 -0.0003644352 0)
(-9.611402e-05 -0.0003786811 0)
(-5.861005e-05 -0.000388672 0)
(-1.966896e-05 -0.0003916199 0)
(-2.235621e-05 0.000432204 0)
(-6.650637e-05 0.0004283276 0)
(-0.0001087278 0.000416183 0)
(-0.0001478085 0.0003990295 0)
(-0.0001830809 0.0003778887 0)
(-0.000214191 0.0003538119 0)
(-0.0002410786 0.0003277807 0)
(-0.0002639013 0.000300643 0)
(-0.0002829599 0.0002730882 0)
(-0.0002986353 0.000245651 0)
(-0.0003113494 0.0002187071 0)
(-0.0003215307 0.0001924939 0)
(-0.0003295818 0.0001671391 0)
(-0.0003358651 0.0001426839 0)
(-0.0003406955 0.0001191035 0)
(-0.0003443384 9.632445e-05 0)
(-0.0003470098 7.423793e-05 0)
(-0.0003488784 5.271069e-05 0)
(-0.0003500682 3.159284e-05 0)
(-0.0003506606 1.0724e-05 0)
(-0.0003506962 -1.006213e-05 0)
(-0.0003501757 -3.093385e-05 0)
(-0.0003490597 -5.205796e-05 0)
(-0.000347268 -7.359585e-05 0)
(-0.0003446777 -9.569892e-05 0)
(-0.0003411206 -0.0001185025 0)
(-0.0003363807 -0.000142118 0)
(-0.000330192 -0.000166622 0)
(-0.0003222379 -0.0001920428 0)
(-0.0003121531 -0.000218343 0)
(-0.0002995302 -0.0002453983 0)
(-0.0002839341 -0.0002729743 0)
(-0.0002649343 -0.0003006966 0)
(-0.0002421399 -0.0003280285 0)
(-0.0002152394 -0.0003542754 0)
(-0.0001840648 -0.0003785792 0)
(-0.0001486684 -0.0003999429 0)
(-0.0001094015 -0.0004172952 0)
(-6.693747e-05 -0.0004295908 0)
(-2.250462e-05 -0.0004335448 0)
(-2.585848e-05 0.0004800484 0)
(-7.672932e-05 0.0004747566 0)
(-0.0001248907 0.0004595643 0)
(-0.0001688187 0.0004383778 0)
(-0.0002077383 0.0004126576 0)
(-0.0002413369 0.0003838275 0)
(-0.0002696887 0.0003531598 0)
(-0.0002931308 0.0003217015 0)
(-0.0003121479 0.0002902761 0)
(-0.0003273055 0.000259472 0)
(-0.0003391964 0.0002296645 0)
(-0.0003483836 0.000201063 0)
(-0.0003553753 0.000173749 0)
(-0.0003606139 0.0001477085 0)
(-0.0003644734 0.0001228588 0)
(-0.0003672609 9.906912e-05 0)
(-0.0003692215 7.617694e-05 0)
(-0.0003705435 5.39986e-05 0)
(-0.0003713631 3.233744e-05 0)
(-0.0003717692 1.098909e-05 0)
(-0.0003718059 -1.025493e-05 0)
(-0.0003714741 -3.160456e-05 0)
(-0.0003707316 -5.326886e-05 0)
(-0.0003694913 -7.545334e-05 0)
(-0.0003676184 -9.835647e-05 0)
(-0.0003649259 -0.0001221643 0)
(-0.0003611695 -0.0001470429 0)
(-0.0003560418 -0.0001731268 0)
(-0.0003491677 -0.0002005035 0)
(-0.000340102 -0.0002291925 0)
(-0.0003283315 -0.000259118 0)
(-0.0003132854 -0.0002900755 0)
(-0.0002943599 -0.0003216937 0)
(-0.0002709758 -0.000353385 0)
(-0.0002426324 -0.0003843209 0)
(-0.0002089765 -0.0004134428 0)
(-0.0001699197 -0.0004394589 0)
(-0.0001257667 -0.0004609173 0)
(-7.729704e-05 -0.0004763213 0)
(-2.605558e-05 -0.0004817268 0)
(-3.034393e-05 0.0005356644 0)
(-8.969116e-05 0.0005282644 0)
(-0.0001451113 0.0005088801 0)
(-0.0001947153 0.0004822731 0)
(-0.0002376312 0.0004505816 0)
(-0.0002736887 0.0004157336 0)
(-0.0003032046 0.0003793661 0)
(-0.0003267849 0.0003427707 0)
(-0.0003451894 0.0003068938 0)
(-0.000359247 0.0002723385 0)
(-0.0003697585 0.0002394478 0)
(-0.0003774461 0.0002083677 0)
(-0.0003829363 0.0001791014 0)
(-0.0003867554 0.000151553 0)
(-0.000389335 0.0001255604 0)
(-0.0003910203 0.0001009204 0)
(-0.0003920803 7.740444e-05 0)
(-0.0003927179 5.477062e-05 0)
(-0.0003930778 3.276985e-05 0)
(-0.000393253 1.115006e-05 0)
(-0.0003932899 -1.034228e-05 0)
(-0.0003931896 -3.196119e-05 0)
(-0.0003929085 -5.396081e-05 0)
(-0.0003923556 -7.659447e-05 0)
(-0.0003913887 -0.0001001132 0)
(-0.000389807 -0.000124762 0)
(-0.0003873431 -0.000150773 0)
(-0.0003836526 -0.0001783546 0)
(-0.0003783036 -0.0002076751 0)
(-0.0003707675 -0.0002388377 0)
(-0.0003604132 -0.0002718478 0)
(-0.0003465098 -0.0003065679 0)
(-0.0003282438 -0.0003426627 0)
(-0.0003047671 -0.000379534 0)
(-0.0002752972 -0.0004162342 0)
(-0.0002392029 -0.0004514588 0)
(-0.0001961429 -0.0004835471 0)
(-0.0001462693 -0.0005105326 0)
(-9.045492e-05 -0.0005302208 0)
(-3.061262e-05 -0.0005377938 0)
(-3.626663e-05 0.0006012916 0)
(-0.000106527 0.0005906132 0)
(-0.0001708872 0.0005653401 0)
(-0.0002271172 0.000531307 0)
(-0.0002742777 0.0004917447 0)
(-0.0003125524 0.0004492321 0)
(-0.0003426517 0.0004058638 0)
(-0.0003656031 0.0003632068 0)
(-0.0003825802 0.0003222609 0)
(-0.0003947516 0.0002835939 0)
(-0.0004031672 0.0002474583 0)
(-0.0004087299 0.0002138837 0)
(-0.00041219 0.0001827517 0)
(-0.0004141549 0.0001538507 0)
(-0.000415106 0.0001269147 0)
(-0.0004154169 0.00010165 0)
(-0.0004153713 7.775087e-05 0)
(-0.0004151781 5.490998e-05 0)
(-0.0004149837 3.282166e-05 0)
(-0.0004148813 1.118373e-05 0)
(-0.0004149171 -1.030315e-05 0)
(-0.0004150927 -3.193742e-05 0)
(-0.0004153649 -5.401903e-05 0)
(-0.0004156437 -7.685144e-05 0)
(-0.0004157859 -0.0001007424 0)
(-0.0004155857 -0.0001260024 0)
(-0.0004147621 -0.0001529415 0)
(-0.0004129438 -0.0001818593 0)
(-0.0004096508 -0.0002130295 0)
(-0.0004042748 -0.0002466735 0)
(-0.0003960617 -0.0002829216 0)
(-0.0003841003 -0.0003217575 0)
(-0.000367326 -0.0003629425 0)
(-0.0003445473 -0.0004059201 0)
(-0.0003145573 -0.0004496965 0)
(-0.0002762895 -0.0004926962 0)
(-0.0002289936 -0.000532795 0)
(-0.0001724464 -0.0005673651 0)
(-0.000107581 -0.000593084 0)
(-3.664538e-05 -0.00060404 0)
(-4.439886e-05 0.0006802073 0)
(-0.0001290251 0.000664145 0)
(-0.0002044234 0.0006304345 0)
(-0.0002683106 0.000586021 0)
(-0.0003197061 0.0005359931 0)
(-0.0003595696 0.0004836813 0)
(-0.0003892299 0.0004317921 0)
(-0.0004103878 0.0003820576 0)
(-0.0004248022 0.0003354425 0)
(-0.0004340496 0.0002923824 0)
(-0.0004394687 0.0002529486 0)
(-0.0004421527 0.0002169813 0)
(-0.0004429693 0.0001841841 0)
(-0.0004425924 0.0001541894 0)
(-0.0004415357 0.0001265998 0)
(-0.0004401841 0.0001010142 0)
(-0.0004388204 7.703994e-05 0)
(-0.0004376471 5.429783e-05 0)
(-0.000436804 3.242388e-05 0)
(-0.0004363778 1.106667e-05 0)
(-0.000436411 -1.011687e-05 0)
(-0.0004369055 -3.146705e-05 0)
(-0.0004378225 -5.332744e-05 0)
(-0.000439079 -7.605066e-05 0)
(-0.0004405397 -0.0001000027 0)
(-0.0004420061 -0.0001255657 0)
(-0.0004432 -0.0001531371 0)
(-0.0004437406 -0.0001831243 0)
(-0.0004431178 -0.000215934 0)
(-0.0004406597 -0.0002519459 0)
(-0.0004354973 -0.0002914722 0)
(-0.0004265307 -0.0003346924 0)
(-0.0004124063 -0.0003815571 0)
(-0.0003915212 -0.0004316534 0)
(-0.0003620734 -0.0004840338 0)
(-0.0003223015 -0.000536972 0)
(-0.0002708118 -0.0005877296 0)
(-0.0002065652 -0.0006329189 0)
(-0.0001305246 -0.0006672965 0)
(-4.495649e-05 -0.0006838305 0)
(-5.614819e-05 0.0007772182 0)
(-0.0001601256 0.0007519153 0)
(-0.0002490174 0.000705947 0)
(-0.0003215586 0.000646727 0)
(-0.0003766174 0.0005826849 0)
(-0.0004167533 0.0005179398 0)
(-0.0004442753 0.0004558007 0)
(-0.0004619527 0.000397959 0)
(-0.0004722554 0.0003451836 0)
(-0.0004772455 0.0002976143 0)
(-0.0004785683 0.0002550111 0)
(-0.0004774945 0.0002169272 0)
(-0.0004749819 0.0001828206 0)
(-0.0004717392 0.000152123 0)
(-0.0004682812 0.0001242807 0)
(-0.0004649768 9.87686e-05 0)
(-0.0004620877 7.509855e-05 0)
(-0.0004597941 5.281886e-05 0)
(-0.0004582148 3.150997e-05 0)
(-0.0004574221 1.077611e-05 0)
(-0.0004574509 -9.764009e-06 0)
(-0.0004583032 -3.048691e-05 0)
(-0.0004599485 -5.177424e-05 0)
(-0.000462319 -7.402266e-05 0)
(-0.000465301 -9.765326e-05 0)
(-0.00046872 -0.0001231204 0)
(-0.0004723207 -0.0001509164 0)
(-0.0004757407 -0.0001815732 0)
(-0.0004784724 -0.0002156542 0)
(-0.000479813 -0.000253742 0)
(-0.0004788081 -0.0002963986 0)
(-0.0004741852 -0.0003440974 0)
(-0.0004642871 -0.000397112 0)
(-0.000447024 -0.0004553414 0)
(-0.000419876 -0.000518055 0)
(-0.0003799853 -0.0005835887 0)
(-0.0003249405 -0.0006486256 0)
(-0.0002520215 -0.000708988 0)
(-0.0001623349 -0.0007559726 0)
(-5.701399e-05 -0.0007821389 0)
(-7.406482e-05 0.0009013641 0)
(-0.0002046675 0.000858125 0)
(-0.000309618 0.0007939931 0)
(-0.0003915729 0.0007131189 0)
(-0.0004484931 0.0006303479 0)
(-0.0004864539 0.0005500676 0)
(-0.0005092107 0.0004758369 0)
(-0.0005210049 0.0004090082 0)
(-0.0005251469 0.0003498438 0)
(-0.0005242221 0.0002979441 0)
(-0.0005201558 0.0002525809 0)
(-0.0005143432 0.0002129007 0)
(-0.0005077735 0.0001780437 0)
(-0.0005011323 0.0001472005 0)
(-0.0004948901 0.0001196328 0)
(-0.0004893663 9.468219e-05 0)
(-0.0004847701 7.176637e-05 0)
(-0.0004812357 5.036798e-05 0)
(-0.0004788468 3.002012e-05 0)
(-0.0004776518 1.02915e-05 0)
(-0.0004776741 -9.227935e-06 0)
(-0.0004789157 -2.894126e-05 0)
(-0.0004813582 -4.925868e-05 0)
(-0.000484958 -7.06118e-05 0)
(-0.0004896375 -9.346835e-05 0)
(-0.0004952693 -0.0001183473 0)
(-0.0005016527 -0.0001458342 0)
(-0.0005084783 -0.000176593 0)
(-0.0005152866 -0.0002113716 0)
(-0.0005214041 -0.0002509949 0)
(-0.0005258526 -0.0002963455 0)
(-0.0005272441 -0.0003483112 0)
(-0.0005236504 -0.0004076674 0)
(-0.0005124642 -0.0004748749 0)
(-0.0004903207 -0.0005497433 0)
(-0.0004528722 -0.0006309877 0)
(-0.0003962109 -0.0007150888 0)
(-0.0003139224 -0.0007976698 0)
(-0.0002080689 -0.0008633486 0)
(-7.55083e-05 -0.0009082048 0)
(-0.0001044418 0.001056048 0)
(-0.0002725646 0.0009851567 0)
(-0.0003940282 0.0008959962 0)
(-0.000485205 0.0007832451 0)
(-0.0005396684 0.000676121 0)
(-0.0005712644 0.0005768396 0)
(-0.0005853347 0.000488883 0)
(-0.0005879459 0.000412627 0)
(-0.0005833195 0.0003473506 0)
(-0.0005745084 0.0002917747 0)
(-0.0005636117 0.0002444634 0)
(-0.0005520317 0.0002040402 0)
(-0.0005406822 0.0001692504 0)
(-0.0005301502 0.000139002 0)
(-0.0005207995 0.0001123649 0)
(-0.0005128432 8.855566e-05 0)
(-0.0005064019 6.691132e-05 0)
(-0.0005015404 4.686226e-05 0)
(-0.0004982913 2.790829e-05 0)
(-0.0004966701 9.596816e-06 0)
(-0.0004966836 -8.496957e-06 0)
(-0.000498334 -2.678867e-05 0)
(-0.000501619 -4.570289e-05 0)
(-0.0005065287 -6.569181e-05 0)
(-0.0005130365 -8.725528e-05 0)
(-0.0005210858 -0.000110963 0)
(-0.0005305663 -0.0001374791 0)
(-0.0005412781 -0.00016759 0)
(-0.0005528742 -0.0002022331 0)
(-0.0005647869 -0.0002425141 0)
(-0.0005761244 -0.0002897121 0)
(-0.0005855071 -0.0003452432 0)
(-0.0005908508 -0.0004106038 0)
(-0.0005890999 -0.0004871617 0)
(-0.0005759886 -0.0005757591 0)
(-0.0005453313 -0.0006761582 0)
(-0.0004916214 -0.0007849976 0)
(-0.0004002958 -0.0009003916 0)
(-0.0002779635 -0.0009919209 0)
(-0.0001069586 -0.001066582 0)
(-0.000150879 0.001312889 0)
(-0.0003706886 0.001151291 0)
(-0.0005115277 0.001020866 0)
(-0.0006114539 0.0008544786 0)
(-0.0006548979 0.0007153288 0)
(-0.0006736922 0.0005934386 0)
(-0.0006734233 0.0004907567 0)
(-0.0006625372 0.0004054966 0)
(-0.0006459993 0.0003352064 0)
(-0.0006271094 0.0002773109 0)
(-0.0006078903 0.00022944 0)
(-0.0005895563 0.000189538 0)
(-0.0005728117 0.0001559077 0)
(-0.0005580178 0.0001271781 0)
(-0.0005453365 0.000102253 0)
(-0.0005348199 8.025001e-05 0)
(-0.0005264635 6.044965e-05 0)
(-0.0005202388 4.225339e-05 0)
(-0.0005161122 2.514918e-05 0)
(-0.0005140571 8.682871e-06 0)
(-0.0005140595 -7.566421e-06 0)
(-0.0005161216 -2.400872e-05 0)
(-0.0005202614 -4.106422e-05 0)
(-0.0005265104 -5.918573e-05 0)
(-0.0005349086 -7.888339e-05 0)
(-0.000545493 -0.0001007536 0)
(-0.0005582797 -0.0001255139 0)
(-0.0005732323 -0.0001540459 0)
(-0.0005902107 -0.0001874477 0)
(-0.000608883 -0.0002270981 0)
(-0.0006285817 -0.0002747139 0)
(-0.0006481358 -0.0003323897 0)
(-0.0006655689 -0.0004025698 0)
(-0.0006776195 -0.0004879422 0)
(-0.0006793168 -0.0005911464 0)
(-0.0006621115 -0.0007142128 0)
(-0.0006204381 -0.0008555408 0)
(-0.0005208708 -0.001025944 0)
(-0.0003802506 -0.001159852 0)
(-0.0001561873 -0.001327257 0)
(-0.0002733067 0.00150401 0)
(-0.0005719593 0.001281397 0)
(-0.000690795 0.001122389 0)
(-0.0007907533 0.000905105 0)
(-0.0008007019 0.0007353814 0)
(-0.0007958362 0.0005909954 0)
(-0.0007732764 0.0004752326 0)
(-0.0007434962 0.0003832916 0)
(-0.0007115053 0.0003105696 0)
(-0.0006802748 0.0002527837 0)
(-0.0006513846 0.0002064218 0)
(-0.000625564 0.0001687318 0)
(-0.0006030421 0.0001376234 0)
(-0.0005838049 0.0001115119 0)
(-0.0005677276 8.918811e-05 0)
(-0.0005546466 6.971802e-05 0)
(-0.0005443985 5.236671e-05 0)
(-0.0005368409 3.654093e-05 0)
(-0.0005318618 2.174562e-05 0)
(-0.0005293857 7.549896e-06 0)
(-0.0005293752 -6.440591e-06 0)
(-0.0005318318 -2.060871e-05 0)
(-0.000536796 -3.534761e-05 0)
(-0.0005443478 -5.108573e-05 0)
(-0.0005546044 -6.831444e-05 0)
(-0.0005677163 -8.762201e-05 0)
(-0.0005838586 -0.0001097373 0)
(-0.0006032119 -0.0001355878 0)
(-0.0006259264 -0.0001663764 0)
(-0.000652053 -0.000203685 0)
(-0.000681416 -0.0002496087 0)
(-0.000713363 -0.0003069232 0)
(-0.0007464033 -0.0003792007 0)
(-0.0007776767 -0.0004708529 0)
(-0.0008022595 -0.0005867105 0)
(-0.0008097325 -0.0007318592 0)
(-0.0008033405 -0.000903116 0)
(-0.0007046821 -0.001126517 0)
(-0.0005865817 -0.001288242 0)
(-0.0002817663 -0.001531292 0)
(-0.000381547 0.002353757 0)
(-0.0007615041 0.001609743 0)
(-0.0008877719 0.001358435 0)
(-0.0009985788 0.0009696473 0)
(-0.0009690152 0.0007440554 0)
(-0.0009338478 0.0005660899 0)
(-0.0008811284 0.0004373536 0)
(-0.0008272005 0.0003422497 0)
(-0.0007765072 0.0002710315 0)
(-0.0007312572 0.0002167633 0)
(-0.0006919421 0.0001746137 0)
(-0.0006583546 0.0001412299 0)
(-0.0006300316 0.0001142507 0)
(-0.0006064531 9.198923e-05 0)
(-0.0005871303 7.321945e-05 0)
(-0.0005716412 5.703164e-05 0)
(-0.0005596405 4.273353e-05 0)
(-0.0005508598 2.978167e-05 0)
(-0.0005451032 1.773275e-05 0)
(-0.0005422432 6.207652e-06 0)
(-0.0005422181 -5.135497e-06 0)
(-0.0005450286 -1.663082e-05 0)
(-0.0005507383 -2.861837e-05 0)
(-0.0005594772 -4.147379e-05 0)
(-0.0005714448 -5.563493e-05 0)
(-0.0005869158 -7.163737e-05 0)
(-0.0006062454 -9.016285e-05 0)
(-0.0006298713 -0.0001121076 0)
(-0.0006583078 -0.0001386811 0)
(-0.0006921151 -0.0001715526 0)
(-0.0007318198 -0.0002130681 0)
(-0.0007777275 -0.0002665782 0)
(-0.000829498 -0.0003369492 0)
(-0.0008851276 -0.0004312706 0)
(-0.0009403155 -0.0005599322 0)
(-0.0009785084 -0.0007394415 0)
(-0.001014972 -0.0009678066 0)
(-0.0009060834 -0.001366062 0)
(-0.0007931516 -0.001627793 0)
(-0.0004085405 -0.002393255 0)
(-0.001029284 0.002393282 0)
(-0.00158089 0.001567781 0)
(-0.001329976 0.001301406 0)
(-0.001405086 0.0008836848 0)
(-0.001204115 0.0006598171 0)
(-0.001102488 0.0004842993 0)
(-0.000997073 0.0003622377 0)
(-0.0009097746 0.0002760212 0)
(-0.0008369455 0.0002139791 0)
(-0.000776644 0.0001682964 0)
(-0.0007268674 0.0001338369 0)
(-0.0006858749 0.0001071928 0)
(-0.0006522294 8.607551e-05 0)
(-0.0006247818 6.892057e-05 0)
(-0.0006026299 5.463525e-05 0)
(-0.0005850765 4.243621e-05 0)
(-0.0005715919 3.174465e-05 0)
(-0.0005617845 2.211733e-05 0)
(-0.0005553782 1.319983e-05 0)
(-0.0005521958 4.693536e-06 0)
(-0.000552155 -3.669727e-06 0)
(-0.0005552554 -1.214415e-05 0)
(-0.0005615793 -2.099677e-05 0)
(-0.0005713041 -3.052136e-05 0)
(-0.000584707 -4.106492e-05 0)
(-0.0006021825 -5.305966e-05 0)
(-0.0006242662 -6.706842e-05 0)
(-0.0006516666 -8.38521e-05 0)
(-0.0006853065 -0.0001044722 0)
(-0.0007263733 -0.0001304505 0)
(-0.0007763727 -0.0001640185 0)
(-0.0008371724 -0.0002085089 0)
(-0.000911021 -0.0002689615 0)
(-0.001000584 -0.0003530656 0)
(-0.001110359 -0.0004720248 0)
(-0.001217628 -0.0006443996 0)
(-0.001429861 -0.0008602619 0)
(-0.001365421 -0.001290336 0)
(-0.001625762 -0.001540279 0)
(-0.001060094 -0.002478313 0)
(-0.001317722 0.005602422 0)
(-0.001897023 0.001898185 0)
(-0.001574327 0.00151179 0)
(-0.001626652 0.0008053286 0)
(-0.001347906 0.0005377836 0)
(-0.001207084 0.0003605352 0)
(-0.001062877 0.0002532549 0)
(-0.000947613 0.0001849769 0)
(-0.00085554 0.0001393937 0)
(-0.0007821316 0.0001075948 0)
(-0.0007233659 8.449704e-05 0)
(-0.0006761288 6.710065e-05 0)
(-0.0006380787 5.356456e-05 0)
(-0.0006074778 4.27129e-05 0)
(-0.0005830424 3.376432e-05 0)
(-0.0005638267 2.617889e-05 0)
(-0.0005491385 1.95684e-05 0)
(-0.0005384799 1.364163e-05 0)
(-0.0005315064 8.169303e-06 0)
(-0.0005280008 2.960319e-06 0)
(-0.000527854 -2.157175e-06 0)
(-0.0005310628 -7.340546e-06 0)
(-0.0005377272 -1.275906e-05 0)
(-0.0005480541 -1.86e-05 0)
(-0.0005623773 -2.50857e-05 0)
(-0.0005811824 -3.249664e-05 0)
(-0.0006051465 -4.120501e-05 0)
(-0.0006351969 -5.172716e-05 0)
(-0.0006725946 -6.481037e-05 0)
(-0.0007190487 -8.158276e-05 0)
(-0.0007768625 -0.0001038228 0)
(-0.0008490908 -0.0001344598 0)
(-0.0009396431 -0.0001785236 0)
(-0.001052476 -0.0002450021 0)
(-0.001193757 -0.0003497623 0)
(-0.001324939 -0.00052706 0)
(-0.001612094 -0.000792231 0)
(-0.001520776 -0.001516157 0)
(-0.001901047 -0.001948448 0)
(-0.001199264 -0.005739544 0)
(0.00619912 0.004858446 0)
(0.005331431 0.001347337 0)
(0.008593536 0.001011755 0)
(0.008702619 0.0004481985 0)
(0.00943168 0.0002600948 0)
(0.009707232 0.0001544623 0)
(0.009926083 9.938765e-05 0)
(0.01007826 6.852573e-05 0)
(0.01018953 4.983332e-05 0)
(0.0102736 3.767764e-05 0)
(0.01033867 2.92456e-05 0)
(0.01038987 2.307219e-05 0)
(0.01043055 1.834976e-05 0)
(0.01046297 1.460361e-05 0)
(0.01048872 1.153614e-05 0)
(0.0105089 8.949361e-06 0)
(0.0105243 6.704335e-06 0)
(0.0105355 4.698479e-06 0)
(0.01054287 2.851974e-06 0)
(0.01054666 1.098915e-06 0)
(0.01054699 -6.19024e-07 0)
(0.01054388 -2.357387e-06 0)
(0.01053722 -4.171462e-06 0)
(0.01052679 -6.125188e-06 0)
(0.01051225 -8.293968e-06 0)
(0.01049305 -1.077325e-05 0)
(0.01046845 -1.369091e-05 0)
(0.01043742 -1.722779e-05 0)
(0.01039845 -2.165466e-05 0)
(0.01034941 -2.740414e-05 0)
(0.01028711 -3.521854e-05 0)
(0.01020666 -4.646429e-05 0)
(0.01010009 -6.381165e-05 0)
(0.00995465 -9.27506e-05 0)
(0.00974067 -0.0001448656 0)
(0.009490324 -0.0002486077 0)
(0.008737218 -0.0004250782 0)
(0.008702558 -0.0009938251 0)
(0.005360888 -0.0013127 0)
(0.00629199 -0.004816991 0)
)
;

boundaryField
{
    movingWall
    {
        type            fixedValue;
        value           uniform (1 0 0);
    }
    fixedWalls
    {
        type            fixedValue;
        value           uniform (0 0 0);
    }
    frontAndBack
    {
        type            empty;
    }
}


// ************************************************************************* //
