/*--------------------------------*- C++ -*----------------------------------*\
| =========                 |                                                 |
| \\      /  F ield         | OpenFOAM: The Open Source CFD Toolbox           |
|  \\    /   O peration     | Version:  2412                                  |
|   \\  /    A nd           | Website:  www.openfoam.com                      |
|    \\/     M anipulation  |                                                 |
\*---------------------------------------------------------------------------*/
FoamFile
{
    version     2.0;
    format      ascii;
    arch        "LSB;label=32;scalar=64";
    class       volVectorField;
    location    "0.35";
    object      vorticity;
}
// * * * * * * * * * * * * * * * * * * * * * * * * * * * * * * * * * * * * * //

dimensions      [0 0 -1 0 0 0 0];

internalField   nonuniform List<vector> 
1600
(
(0 -0 0.0003025992)
(0 -0 0.0004544887)
(0 -0 0.0007547164)
(0 -0 0.001050462)
(0 -0 0.001339453)
(0 -0 0.001619852)
(0 -0 0.001889897)
(0 -0 0.002147909)
(0 -0 0.002392307)
(0 -0 0.00262161)
(0 -0 0.002834454)
(0 -0 0.003029589)
(0 -0 0.003205889)
(0 -0 0.00336235)
(0 -0 0.003498096)
(0 -0 0.003612377)
(0 -0 0.003704567)
(0 -0 0.003774168)
(0 -0 0.003820807)
(0 -0 0.003844235)
(0 -0 0.003844325)
(0 -0 0.003821076)
(0 -0 0.003774609)
(0 -0 0.00370517)
(0 -0 0.003613127)
(0 -0 0.003498976)
(0 -0 0.003363338)
(0 -0 0.003206961)
(0 -0 0.003030719)
(0 -0 0.002835615)
(0 -0 0.002622773)
(0 -0 0.002393443)
(0 -0 0.002148991)
(0 -0 0.001890897)
(0 -0 0.001620745)
(0 -0 0.001340217)
(0 -0 0.001051077)
(0 -0 0.0007551667)
(0 -0 0.0004547634)
(0 -0 0.0003027833)
(0 -0 0.0004560955)
(0 -0 2.555e-06)
(0 -0 2.1206e-06)
(0 -0 2.9476e-06)
(0 -0 3.7582e-06)
(0 -0 4.5445e-06)
(0 -0 5.3019e-06)
(0 -0 6.02528e-06)
(0 -0 6.7107e-06)
(0 -0 7.3537e-06)
(0 -0 7.95056e-06)
(0 -0 8.4977e-06)
(0 -0 8.99208e-06)
(0 -0 9.43072e-06)
(0 -0 9.81116e-06)
(0 -0 1.013158e-05)
(0 -0 1.03901e-05)
(0 -0 1.058502e-05)
(0 -0 1.071563e-05)
(0 -0 1.078122e-05)
(0 -0 1.078117e-05)
(0 -0 1.071578e-05)
(0 -0 1.058538e-05)
(0 -0 1.039058e-05)
(0 -0 1.013226e-05)
(0 -0 9.81204e-06)
(0 -0 9.43152e-06)
(0 -0 8.99302e-06)
(0 -0 8.49866e-06)
(0 -0 7.95154e-06)
(0 -0 7.35456e-06)
(0 -0 6.7115e-06)
(0 -0 6.0263e-06)
(0 -0 5.30262e-06)
(0 -0 4.54522e-06)
(0 -0 3.7588e-06)
(0 -0 2.9482e-06)
(0 -0 2.121e-06)
(0 -0 2.5556e-06)
(0 -0 0.0004563746)
(0 -0 0.0007639793)
(0 -0 2.1468e-06)
(0 -0 8e-09)
(0 -0 5.6e-09)
(0 -0 7.2e-09)
(0 -0 8.6e-09)
(0 -0 9.8e-09)
(0 -0 1.14e-08)
(0 -0 1.28e-08)
(0 -0 1.38e-08)
(0 -0 1.5e-08)
(0 -0 1.58e-08)
(0 -0 1.692e-08)
(0 -0 1.778e-08)
(0 -0 1.848e-08)
(0 -0 1.906e-08)
(0 -0 1.948e-08)
(0 -0 1.972e-08)
(0 -0 2.0202e-08)
(0 -0 2.0106e-08)
(0 -0 2.0238e-08)
(0 -0 2.0094e-08)
(0 -0 1.972e-08)
(0 -0 1.936e-08)
(0 -0 1.9e-08)
(0 -0 1.826e-08)
(0 -0 1.756e-08)
(0 -0 1.662e-08)
(0 -0 1.6e-08)
(0 -0 1.5e-08)
(0 -0 1.36e-08)
(0 -0 1.26e-08)
(0 -0 1.12e-08)
(0 -0 9.8e-09)
(0 -0 8.6e-09)
(0 -0 7e-09)
(0 -0 5.6e-09)
(0 -0 8e-09)
(0 -0 2.148e-06)
(0 -0 0.0007644521)
(0 -0 0.001077148)
(0 -0 3.023e-06)
(0 -0 5.8e-09)
(0 -0 2e-10)
(0 -0 -2.168404e-19)
(0 -0 0)
(0 -0 0)
(0 -0 1.084202e-19)
(0 -0 7.386127e-19)
(0 -0 2e-10)
(0 -0 0)
(0 -0 1.084202e-19)
(0 -0 2e-10)
(0 -0 2e-10)
(0 -0 4e-11)
(0 -0 -8e-11)
(0 -0 -8e-11)
(0 -0 -8.6e-10)
(0 -0 3e-10)
(0 -0 -8.6e-10)
(0 -0 9.2e-10)
(0 -0 8e-10)
(0 -0 2.2e-10)
(0 -0 -1.084202e-19)
(0 -0 2e-10)
(0 -0 2e-10)
(0 -0 2e-10)
(0 -0 -2e-10)
(0 -0 4.201283e-19)
(0 -0 6.369688e-19)
(0 -0 -2.100642e-19)
(0 -0 2e-10)
(0 -0 -3.184844e-19)
(0 -0 1.084202e-19)
(0 -0 0)
(0 -0 2.100642e-19)
(0 -0 0)
(0 -0 5.6e-09)
(0 -0 3.0244e-06)
(0 -0 0.001077827)
(0 -0 0.001397304)
(0 -0 3.921e-06)
(0 -0 7.2e-09)
(0 -0 -2e-10)
(0 -0 2.100642e-19)
(0 -0 -2.100642e-19)
(0 -0 2e-10)
(0 -0 -4.201283e-19)
(0 -0 -2e-10)
(0 -0 -2.168404e-19)
(0 -0 2e-10)
(0 -0 4.201283e-19)
(0 -0 -2.168404e-19)
(0 -0 2e-10)
(0 -0 2e-10)
(0 -0 -1.8e-10)
(0 -0 -6e-11)
(0 -0 -7e-10)
(0 -0 -6e-11)
(0 -0 -5.8e-10)
(0 -0 -7e-10)
(0 -0 -8.6e-10)
(0 -0 -1.6e-10)
(0 -0 -8.8e-10)
(0 -0 -2e-11)
(0 -0 2e-10)
(0 -0 2.032879e-19)
(0 -0 8.402567e-19)
(0 -0 -2e-10)
(0 -0 -2e-10)
(0 -0 -1.057097e-18)
(0 -0 2e-10)
(0 -0 2e-10)
(0 -0 -2.168404e-19)
(0 -0 -2e-10)
(0 -0 0)
(0 -0 2e-10)
(0 -0 7.6e-09)
(0 -0 3.9226e-06)
(0 -0 0.001398206)
(0 -0 0.001726545)
(0 -0 4.8442e-06)
(0 -0 9e-09)
(0 -0 0)
(0 -0 2.100642e-19)
(0 -0 2e-10)
(0 -0 0)
(0 -0 2.168404e-19)
(0 -0 2e-10)
(0 -0 -2e-10)
(0 -0 -2.168404e-19)
(0 -0 2.032879e-19)
(0 -0 -1.084202e-19)
(0 -0 2e-10)
(0 -0 2.168404e-19)
(0 -0 6e-10)
(0 -0 -6.8e-10)
(0 -0 1.8e-09)
(0 -0 -2.2e-10)
(0 -0 8e-10)
(0 -0 -2.6e-10)
(0 -0 -1.14e-09)
(0 -0 -2.4e-10)
(0 -0 -4.6e-10)
(0 -0 8e-10)
(0 -0 -2e-10)
(0 -0 -2e-10)
(0 -0 2e-10)
(0 -0 4.201283e-19)
(0 -0 2.032879e-19)
(0 -0 -6.369688e-19)
(0 -0 0)
(0 -0 0)
(0 -0 0)
(0 -0 -2.100642e-19)
(0 -0 0)
(0 -0 2e-10)
(0 -0 9.2e-09)
(0 -0 4.8466e-06)
(0 -0 0.001727693)
(0 -0 0.002067057)
(0 -0 5.7996e-06)
(0 -0 1.08e-08)
(0 -0 2e-10)
(0 -0 -4.269046e-19)
(0 -0 2e-10)
(0 -0 2.032879e-19)
(0 -0 -6.369688e-19)
(0 -0 -2e-10)
(0 -0 -4.201283e-19)
(0 -0 -2.168404e-19)
(0 -0 -2.168404e-19)
(0 -0 -1.897354e-19)
(0 -0 0)
(0 -0 -4e-10)
(0 -0 -2e-10)
(0 -0 3e-10)
(0 -0 8.2e-10)
(0 -0 -1.4e-10)
(0 -0 6.4e-10)
(0 -0 6e-10)
(0 -0 4e-11)
(0 -0 4e-11)
(0 -0 3e-10)
(0 -0 -4.065758e-19)
(0 -0 -6e-10)
(0 -0 -2.981556e-19)
(0 -0 1.273938e-18)
(0 -0 4.065758e-19)
(0 -0 -6.369688e-19)
(0 -0 -2e-10)
(0 -0 6.369688e-19)
(0 -0 -2e-10)
(0 -0 -2e-10)
(0 -0 2e-10)
(0 -0 0)
(0 -0 -2e-10)
(0 -0 1.08e-08)
(0 -0 5.8026e-06)
(0 -0 0.002068482)
(0 -0 0.002421132)
(0 -0 6.7928e-06)
(0 -0 1.26e-08)
(0 -0 0)
(0 -0 2e-10)
(0 -0 4.201283e-19)
(0 -0 -4.201283e-19)
(0 -0 2e-10)
(0 -0 6.369688e-19)
(0 -0 4.336809e-19)
(0 -0 0)
(0 -0 4.336809e-19)
(0 -0 -2e-10)
(0 -0 -8e-10)
(0 -0 2e-10)
(0 -0 -4e-10)
(0 -0 -2e-10)
(0 -0 -1.62e-09)
(0 -0 -7e-10)
(0 -0 2.8e-10)
(0 -0 -1.04e-09)
(0 -0 -4.6e-10)
(0 -0 -4.6e-10)
(0 -0 -2e-10)
(0 -0 -1.6e-09)
(0 -0 4e-10)
(0 -0 -1e-09)
(0 -0 4.336809e-19)
(0 -0 -2.168404e-19)
(0 -0 2e-10)
(0 -0 -2.168404e-19)
(0 -0 -2e-10)
(0 -0 4.201283e-19)
(0 -0 2e-10)
(0 -0 2e-10)
(0 -0 4.201283e-19)
(0 -0 0)
(0 -0 1.28e-08)
(0 -0 6.7962e-06)
(0 -0 0.00242287)
(0 -0 0.002791194)
(0 -0 7.8308e-06)
(0 -0 1.44e-08)
(0 -0 -2e-10)
(0 -0 -2e-10)
(0 -0 -8.538092e-19)
(0 -0 -4.336809e-19)
(0 -0 4.336809e-19)
(0 -0 2e-10)
(0 -0 -4.065758e-19)
(0 -0 -4.065758e-19)
(0 -0 -6.234162e-19)
(0 -0 2e-10)
(0 -0 8e-10)
(0 -0 -6e-10)
(0 -0 -8e-10)
(0 -0 6e-10)
(0 -0 1.2e-10)
(0 -0 -6.2e-10)
(0 -0 9.2e-10)
(0 -0 -6e-11)
(0 -0 7.6e-10)
(0 -0 -7.2e-10)
(0 -0 1.6e-09)
(0 -0 8e-10)
(0 -0 1.4e-09)
(0 -0 6e-10)
(0 -0 8.402567e-19)
(0 -0 0)
(0 -0 -2e-10)
(0 -0 2e-10)
(0 -0 2e-10)
(0 -0 4.336809e-19)
(0 -0 -8.402567e-19)
(0 -0 -2e-10)
(0 -0 -4.201283e-19)
(0 -0 2e-10)
(0 -0 1.5e-08)
(0 -0 7.8352e-06)
(0 -0 0.00279329)
(0 -0 0.003179822)
(0 -0 8.9208e-06)
(0 -0 1.66e-08)
(0 -0 2e-10)
(0 -0 0)
(0 -0 -2e-10)
(0 -0 -2e-10)
(0 -0 -2e-10)
(0 -0 4.336809e-19)
(0 -0 4.336809e-19)
(0 -0 -4.065758e-19)
(0 -0 1e-09)
(0 -0 -2e-10)
(0 -0 4e-10)
(0 -0 8e-10)
(0 -0 2e-10)
(0 -0 1.8e-09)
(0 -0 8e-10)
(0 -0 1.52e-09)
(0 -0 3.4e-10)
(0 -0 1.3e-09)
(0 -0 8.6e-10)
(0 -0 -2.2e-10)
(0 -0 1e-09)
(0 -0 8e-10)
(0 -0 -1.2e-09)
(0 -0 1.2e-09)
(0 -0 -8e-10)
(0 -0 -4e-10)
(0 -0 0)
(0 -0 2e-10)
(0 -0 1.273938e-18)
(0 -0 -2e-10)
(0 -0 -4.336809e-19)
(0 -0 0)
(0 -0 0)
(0 -0 0)
(0 -0 1.68e-08)
(0 -0 8.9262e-06)
(0 -0 0.003182332)
(0 -0 0.003589793)
(0 -0 1.00708e-05)
(0 -0 1.88e-08)
(0 -0 2e-10)
(0 -0 0)
(0 -0 2e-10)
(0 -0 4.336809e-19)
(0 -0 -2e-10)
(0 -0 -2e-10)
(0 -0 -4.336809e-19)
(0 -0 8e-10)
(0 -0 8e-10)
(0 -0 -1e-09)
(0 -0 -2e-10)
(0 -0 6e-10)
(0 -0 2.168404e-19)
(0 -0 -1.8e-09)
(0 -0 -2e-10)
(0 -0 1.3e-09)
(0 -0 -6e-10)
(0 -0 -1e-10)
(0 -0 -8e-10)
(0 -0 4e-10)
(0 -0 -1.6e-09)
(0 -0 -8e-10)
(0 -0 -6e-10)
(0 -0 2e-10)
(0 -0 2e-10)
(0 -0 1e-09)
(0 -0 4e-10)
(0 -0 0)
(0 -0 4.065758e-19)
(0 -0 1.273938e-18)
(0 -0 -8.673617e-19)
(0 -0 0)
(0 -0 0)
(0 -0 1.07065e-18)
(0 -0 1.88e-08)
(0 -0 1.00772e-05)
(0 -0 0.003592784)
(0 -0 0.004024114)
(0 -0 1.12904e-05)
(0 -0 2.04e-08)
(0 -0 -2e-10)
(0 -0 -2e-10)
(0 -0 2e-10)
(0 -0 2e-10)
(0 -0 -8.402567e-19)
(0 -0 8.402567e-19)
(0 -0 -8e-10)
(0 -0 2e-10)
(0 -0 -6e-10)
(0 -0 -2e-10)
(0 -0 8e-10)
(0 -0 -1.4e-09)
(0 -0 -8e-10)
(0 -0 -1e-09)
(0 -0 2e-10)
(0 -0 2.4e-10)
(0 -0 -5.4e-10)
(0 -0 -1.04e-09)
(0 -0 -1.06e-09)
(0 -0 -9.75782e-19)
(0 -0 8e-10)
(0 -0 2e-10)
(0 -0 2e-10)
(0 -0 6.505213e-19)
(0 -0 1.680513e-18)
(0 -0 3.794708e-19)
(0 -0 -4e-10)
(0 -0 2e-10)
(0 -0 -1.273938e-18)
(0 -0 1.707618e-18)
(0 -0 -2e-10)
(0 -0 2e-10)
(0 -0 8.402567e-19)
(0 -0 6.369688e-19)
(0 -0 2.16e-08)
(0 -0 1.12956e-05)
(0 -0 0.004027666)
(0 -0 0.004486072)
(0 -0 1.25844e-05)
(0 -0 2.5e-08)
(0 -0 6e-10)
(0 -0 2e-10)
(0 -0 -6e-10)
(0 -0 -1e-09)
(0 -0 1.246832e-18)
(0 -0 2e-10)
(0 -0 -8e-10)
(0 -0 -1.4e-09)
(0 -0 -1.2e-09)
(0 -0 -8.673617e-19)
(0 -0 -1.2e-09)
(0 -0 -1.626303e-19)
(0 -0 1.2e-09)
(0 -0 6e-10)
(0 -0 2e-10)
(0 -0 3e-10)
(0 -0 1.4e-10)
(0 -0 1e-10)
(0 -0 6.6e-10)
(0 -0 6e-10)
(0 -0 1.4e-09)
(0 -0 8e-10)
(0 -0 2e-10)
(0 -0 -1.6e-09)
(0 -0 -2e-10)
(0 -0 -8e-10)
(0 -0 2e-10)
(0 -0 1e-09)
(0 -0 1.273938e-18)
(0 -0 -8.402567e-19)
(0 -0 6e-10)
(0 -0 -4e-10)
(0 -0 -1e-09)
(0 -0 1.477225e-18)
(0 -0 2.36e-08)
(0 -0 1.2594e-05)
(0 -0 0.004490283)
(0 -0 0.004979294)
(0 -0 1.39678e-05)
(0 -0 2.68e-08)
(0 -0 6e-10)
(0 -0 6e-10)
(0 -0 -6e-10)
(0 -0 -1.6e-09)
(0 -0 8e-10)
(0 -0 1.8e-09)
(0 -0 1.6e-09)
(0 -0 -2e-10)
(0 -0 -1e-09)
(0 -0 -4e-10)
(0 -0 -8e-10)
(0 -0 1.2e-09)
(0 -0 -2e-10)
(0 -0 -2e-10)
(0 -0 4e-10)
(0 -0 -1.16e-09)
(0 -0 6.2e-10)
(0 -0 3.6e-10)
(0 -0 7.8e-10)
(0 -0 6e-10)
(0 -0 -1.6e-09)
(0 -0 -1.2e-09)
(0 -0 8e-10)
(0 -0 6e-10)
(0 -0 2.547875e-18)
(0 -0 2e-10)
(0 -0 4e-10)
(0 -0 -8.673617e-19)
(0 -0 1e-09)
(0 -0 -8e-10)
(0 -0 -4e-10)
(0 -0 4e-10)
(0 -0 0)
(0 -0 1e-09)
(0 -0 2.68e-08)
(0 -0 1.39792e-05)
(0 -0 0.004984277)
(0 -0 0.005507815)
(0 -0 1.54508e-05)
(0 -0 2.7e-08)
(0 -0 2e-10)
(0 -0 1.2e-09)
(0 -0 2e-10)
(0 -0 6e-10)
(0 -0 1e-09)
(0 -0 -2e-10)
(0 -0 -1e-09)
(0 -0 -2e-10)
(0 -0 6e-10)
(0 -0 1.2e-09)
(0 -0 1.6e-09)
(0 -0 1.2e-09)
(0 -0 8e-10)
(0 -0 4e-10)
(0 -0 6e-10)
(0 -0 -1.24e-09)
(0 -0 8e-11)
(0 -0 -5.6e-10)
(0 -0 1.12e-09)
(0 -0 -6e-10)
(0 -0 2e-10)
(0 -0 -4e-10)
(0 -0 4e-10)
(0 -0 8e-10)
(0 -0 8e-10)
(0 -0 -8e-10)
(0 -0 -1e-09)
(0 -0 -1.6e-09)
(0 -0 -1.4e-09)
(0 -0 -8.673617e-19)
(0 -0 -2e-10)
(0 -0 1e-09)
(0 -0 1e-09)
(0 -0 -2e-09)
(0 -0 2.98e-08)
(0 -0 1.54638e-05)
(0 -0 0.005513713)
(0 -0 0.006076162)
(0 -0 1.70454e-05)
(0 -0 3.18e-08)
(0 -0 1.2e-09)
(0 -0 6e-10)
(0 -0 2e-10)
(0 -0 -8e-10)
(0 -0 -1e-09)
(0 -0 8.673617e-19)
(0 -0 -1e-09)
(0 -0 -2e-10)
(0 -0 1.8e-09)
(0 -0 1.6e-09)
(0 -0 -8e-10)
(0 -0 -1.6e-09)
(0 -0 1e-09)
(0 -0 1e-09)
(0 -0 -6e-10)
(0 -0 3.4e-10)
(0 -0 4e-11)
(0 -0 2.6e-10)
(0 -0 -6.4e-10)
(0 -0 6e-10)
(0 -0 2e-10)
(0 -0 1.8e-09)
(0 -0 -2.114194e-18)
(0 -0 -1.4e-09)
(0 -0 1.4e-09)
(0 -0 -4e-10)
(0 -0 -1.4e-09)
(0 -0 -2.547875e-18)
(0 -0 8.131516e-19)
(0 -0 -1.2e-09)
(0 -0 1.8e-09)
(0 -0 1.4e-09)
(0 -0 -4e-10)
(0 -0 -2e-09)
(0 -0 3.16e-08)
(0 -0 1.70604e-05)
(0 -0 0.006083148)
(0 -0 0.00668948)
(0 -0 1.87646e-05)
(0 -0 3.48e-08)
(0 -0 1.8e-09)
(0 -0 -1.6e-09)
(0 -0 -4e-10)
(0 -0 1e-09)
(0 -0 -8.673617e-19)
(0 -0 -2.547875e-18)
(0 -0 -1.734723e-18)
(0 -0 1e-09)
(0 -0 6e-10)
(0 -0 -1e-09)
(0 -0 -1.8e-09)
(0 -0 -1e-09)
(0 -0 -8e-10)
(0 -0 4e-10)
(0 -0 -4e-10)
(0 -0 7e-10)
(0 -0 -6e-10)
(0 -0 3e-10)
(0 -0 -6e-10)
(0 -0 1e-09)
(0 -0 -4e-10)
(0 -0 6e-10)
(0 -0 -1e-09)
(0 -0 -4e-10)
(0 -0 -4e-10)
(0 -0 4e-10)
(0 -0 1.4e-09)
(0 -0 2e-09)
(0 -0 2e-09)
(0 -0 8.673617e-19)
(0 -0 -2e-10)
(0 -0 4e-10)
(0 -0 -8e-10)
(0 -0 -1.4e-09)
(0 -0 3.64e-08)
(0 -0 1.87832e-05)
(0 -0 0.006697754)
(0 -0 0.007353644)
(0 -0 2.06292e-05)
(0 -0 3.74e-08)
(0 -0 1.8e-09)
(0 -0 1e-09)
(0 -0 -1.6e-09)
(0 -0 1e-09)
(0 -0 2e-09)
(0 -0 0)
(0 -0 8.673617e-19)
(0 -0 -2e-09)
(0 -0 -2e-10)
(0 -0 -8e-10)
(0 -0 4e-10)
(0 -0 2e-10)
(0 -0 -2e-10)
(0 -0 -1.6e-09)
(0 -0 8e-10)
(0 -0 5.6e-10)
(0 -0 -1.24e-09)
(0 -0 -1.6e-10)
(0 -0 2.4e-10)
(0 -0 -1e-09)
(0 -0 1e-09)
(0 -0 -2e-10)
(0 -0 2e-10)
(0 -0 1.6e-09)
(0 -0 -1e-09)
(0 -0 1.4e-09)
(0 -0 2e-09)
(0 -0 -8.673617e-19)
(0 -0 3.415237e-18)
(0 -0 4.228388e-18)
(0 -0 -6e-10)
(0 -0 -2e-10)
(0 -0 -1e-09)
(0 -0 1.2e-09)
(0 -0 4.02e-08)
(0 -0 2.06488e-05)
(0 -0 0.007363465)
(0 -0 0.008075476)
(0 -0 2.26544e-05)
(0 -0 4.26e-08)
(0 -0 -2e-10)
(0 -0 4.336809e-19)
(0 -0 -8.673617e-19)
(0 -0 8.131516e-19)
(0 -0 2e-09)
(0 -0 -2e-09)
(0 -0 -8.673617e-19)
(0 -0 -1.680513e-18)
(0 -0 0)
(0 -0 4e-10)
(0 -0 -6e-10)
(0 -0 4e-10)
(0 -0 -2e-10)
(0 -0 2e-10)
(0 -0 -8e-10)
(0 -0 -6.4e-10)
(0 -0 8e-10)
(0 -0 6.4e-10)
(0 -0 4e-10)
(0 -0 -5.312591e-18)
(0 -0 -1e-09)
(0 -0 -6e-10)
(0 -0 1e-09)
(0 -0 -4e-10)
(0 -0 4e-10)
(0 -0 -2e-09)
(0 -0 -2e-09)
(0 -0 2e-09)
(0 -0 -3.361027e-18)
(0 -0 1.680513e-18)
(0 -0 -8.673617e-19)
(0 -0 -1e-09)
(0 -0 4e-10)
(0 -0 -8e-10)
(0 -0 4.24e-08)
(0 -0 2.26778e-05)
(0 -0 0.00808715)
(0 -0 0.008862949)
(0 -0 2.48628e-05)
(0 -0 4.6e-08)
(0 -0 -4e-10)
(0 -0 -8e-10)
(0 -0 -8e-10)
(0 -0 -2e-09)
(0 -0 8.673617e-19)
(0 -0 -8.673617e-19)
(0 -0 1.734723e-18)
(0 -0 1.734723e-18)
(0 -0 -2e-09)
(0 -0 1.4e-09)
(0 -0 8e-10)
(0 -0 -6e-10)
(0 -0 2e-10)
(0 -0 2e-10)
(0 -0 -4e-10)
(0 -0 -3.2e-10)
(0 -0 3.2e-10)
(0 -0 -8.8e-10)
(0 -0 1.08e-09)
(0 -0 6e-10)
(0 -0 -1.4e-09)
(0 -0 -4e-10)
(0 -0 2.059984e-18)
(0 -0 -2e-09)
(0 -0 -6e-10)
(0 -0 -1.626303e-18)
(0 -0 -2e-09)
(0 -0 -1.734723e-18)
(0 -0 2e-09)
(0 -0 -2e-09)
(0 -0 -1.680513e-18)
(0 -0 2e-10)
(0 -0 1.301043e-18)
(0 -0 -1.2e-09)
(0 -0 4.68e-08)
(0 -0 2.4893e-05)
(0 -0 0.008876857)
(0 -0 0.009725507)
(0 -0 2.72812e-05)
(0 -0 5.04e-08)
(0 -0 1e-09)
(0 -0 2e-10)
(0 -0 -2e-09)
(0 -0 -8.673617e-19)
(0 -0 0)
(0 -0 2e-09)
(0 -0 0)
(0 -0 1.734723e-18)
(0 -0 3.469447e-18)
(0 -0 -1.734723e-18)
(0 -0 1.8e-09)
(0 -0 -1.2e-09)
(0 -0 -4e-10)
(0 -0 -1.6e-09)
(0 -0 6e-10)
(0 -0 8.4e-10)
(0 -0 -1.92e-09)
(0 -0 -1.04e-09)
(0 -0 -8e-11)
(0 -0 -1.4e-09)
(0 -0 -2e-10)
(0 -0 -1e-09)
(0 -0 -1.8e-09)
(0 -0 -6e-10)
(0 -0 0)
(0 -0 2e-09)
(0 -0 4.228388e-18)
(0 -0 0)
(0 -0 7.589415e-19)
(0 -0 5.963112e-18)
(0 -0 0)
(0 -0 2e-09)
(0 -0 1.8e-09)
(0 -0 -6e-10)
(0 -0 5.08e-08)
(0 -0 2.73166e-05)
(0 -0 0.009742129)
(0 -0 0.01067449)
(0 -0 2.99442e-05)
(0 -0 5.58e-08)
(0 -0 8e-10)
(0 -0 2e-10)
(0 -0 -4.282599e-18)
(0 -0 -1.626303e-18)
(0 -0 -4.228388e-18)
(0 -0 -2.602085e-18)
(0 -0 -2.602085e-18)
(0 -0 -5.963112e-18)
(0 -0 -2e-09)
(0 -0 -4.228388e-18)
(0 -0 1.4e-09)
(0 -0 1e-09)
(0 -0 -1.4e-09)
(0 -0 1e-09)
(0 -0 2e-10)
(0 -0 6.4e-10)
(0 -0 -2.000001e-11)
(0 -0 7.6e-10)
(0 -0 2.2e-10)
(0 -0 8e-10)
(0 -0 6e-10)
(0 -0 -4e-10)
(0 -0 -1e-09)
(0 -0 2e-10)
(0 -0 -8.673617e-19)
(0 -0 -8.673617e-19)
(0 -0 -1.734723e-18)
(0 -0 -8.673617e-19)
(0 -0 0)
(0 -0 -2.493665e-18)
(0 -0 -4.228388e-18)
(0 -0 -4.228388e-18)
(0 -0 -3.415237e-18)
(0 -0 1.4e-09)
(0 -0 5.84e-08)
(0 -0 2.99856e-05)
(0 -0 0.01069442)
(0 -0 0.01172366)
(0 -0 3.28858e-05)
(0 -0 6.02e-08)
(0 -0 2e-10)
(0 -0 2.547875e-18)
(0 -0 2.602085e-18)
(0 -0 0)
(0 -0 2.602085e-18)
(0 -0 1.626303e-18)
(0 -0 3.469447e-18)
(0 -0 -2e-09)
(0 -0 -2e-09)
(0 -0 2e-09)
(0 -0 4e-10)
(0 -0 -6e-10)
(0 -0 -2.168404e-18)
(0 -0 1e-09)
(0 -0 4e-10)
(0 -0 -8e-10)
(0 -0 2.2e-10)
(0 -0 1.2e-09)
(0 -0 -1.22e-09)
(0 -0 1.6e-09)
(0 -0 -4e-10)
(0 -0 1.2e-09)
(0 -0 6e-10)
(0 -0 4e-10)
(0 -0 8.673617e-19)
(0 -0 -2e-09)
(0 -0 -6.830474e-18)
(0 -0 2.602085e-18)
(0 -0 2e-09)
(0 -0 -8.673617e-19)
(0 -0 -8.673617e-19)
(0 -0 -8.673617e-19)
(0 -0 8.673617e-19)
(0 -0 -8e-10)
(0 -0 6.4e-08)
(0 -0 3.29378e-05)
(0 -0 0.01174767)
(0 -0 0.01289003)
(0 -0 3.61608e-05)
(0 -0 6.6e-08)
(0 -0 8e-10)
(0 -0 2.493665e-18)
(0 -0 -8.673617e-19)
(0 -0 -2e-09)
(0 -0 -5.963112e-18)
(0 -0 -1.734723e-18)
(0 -0 2e-09)
(0 -0 -6.830474e-18)
(0 -0 8.673617e-19)
(0 -0 -6.722053e-18)
(0 -0 3.361027e-18)
(0 -0 6e-10)
(0 -0 1.2e-09)
(0 -0 -2e-10)
(0 -0 -2.710505e-18)
(0 -0 -2.168404e-18)
(0 -0 -3.6e-10)
(0 -0 -1e-09)
(0 -0 -1.24e-09)
(0 -0 -1.2e-09)
(0 -0 4e-10)
(0 -0 -2e-10)
(0 -0 -5.09575e-18)
(0 -0 2e-09)
(0 -0 0)
(0 -0 0)
(0 -0 2e-09)
(0 -0 -5.09575e-18)
(0 -0 5.09575e-18)
(0 -0 -5.09575e-18)
(0 -0 -5.09575e-18)
(0 -0 2e-09)
(0 -0 4.228388e-18)
(0 -0 1.680513e-18)
(0 -0 6.96e-08)
(0 -0 3.62202e-05)
(0 -0 0.01291908)
(0 -0 0.01419487)
(0 -0 3.98198e-05)
(0 -0 7.32e-08)
(0 -0 -1.626303e-18)
(0 -0 0)
(0 -0 7.589415e-19)
(0 -0 0)
(0 -0 6.722053e-18)
(0 -0 -1.626303e-18)
(0 -0 2e-09)
(0 -0 5.09575e-18)
(0 -0 -2e-09)
(0 -0 1.734723e-18)
(0 -0 2e-09)
(0 -0 8e-10)
(0 -0 -6e-10)
(0 -0 6e-10)
(0 -0 -2e-10)
(0 -0 -6e-11)
(0 -0 1.8e-10)
(0 -0 -1.34e-09)
(0 -0 8.2e-10)
(0 -0 -1e-09)
(0 -0 1.6e-09)
(0 -0 -1e-09)
(0 -0 -1.8e-09)
(0 -0 3.361027e-18)
(0 -0 2.493665e-18)
(0 -0 -3.361027e-18)
(0 -0 5.09575e-18)
(0 -0 1.626303e-18)
(0 -0 -2e-09)
(0 -0 -1.734723e-18)
(0 -0 -5.09575e-18)
(0 -0 2e-09)
(0 -0 -2e-09)
(0 -0 3.469447e-18)
(0 -0 7.78e-08)
(0 -0 3.98944e-05)
(0 -0 0.01423025)
(0 -0 0.01566534)
(0 -0 4.39434e-05)
(0 -0 7.9e-08)
(0 -0 -2e-09)
(0 -0 2e-09)
(0 -0 2e-09)
(0 -0 -2e-09)
(0 -0 1.734723e-18)
(0 -0 3.361027e-18)
(0 -0 -2e-09)
(0 -0 1.734723e-18)
(0 -0 -2e-09)
(0 -0 1.734723e-18)
(0 -0 2.493665e-18)
(0 -0 -1.6e-09)
(0 -0 -6e-10)
(0 -0 -6e-10)
(0 -0 -1e-09)
(0 -0 -1.8e-09)
(0 -0 -4.4e-10)
(0 -0 -2.710505e-18)
(0 -0 6.4e-10)
(0 -0 8e-10)
(0 -0 -6e-10)
(0 -0 -8e-10)
(0 -0 -8.673617e-19)
(0 -0 5.09575e-18)
(0 -0 -5.09575e-18)
(0 -0 -5.09575e-18)
(0 -0 3.361027e-18)
(0 -0 -3.469447e-18)
(0 -0 1.734723e-18)
(0 -0 2e-09)
(0 -0 -2e-09)
(0 -0 4.228388e-18)
(0 -0 2e-09)
(0 -0 2.493665e-18)
(0 -0 8.64e-08)
(0 -0 4.40374e-05)
(0 -0 0.01570875)
(0 -0 0.0173367)
(0 -0 4.86304e-05)
(0 -0 8.78e-08)
(0 -0 -3.361027e-18)
(0 -0 -2e-09)
(0 -0 -1.734723e-18)
(0 -0 -2e-09)
(0 -0 -2e-09)
(0 -0 -3.469447e-18)
(0 -0 5.20417e-18)
(0 -0 -1.01915e-17)
(0 -0 3.252607e-18)
(0 -0 -1.084202e-17)
(0 -0 -2e-09)
(0 -0 -1e-09)
(0 -0 6e-10)
(0 -0 -1.2e-09)
(0 -0 2e-10)
(0 -0 2e-10)
(0 -0 6e-10)
(0 -0 1e-09)
(0 -0 -6e-10)
(0 -0 -8.673617e-19)
(0 -0 -1.2e-09)
(0 -0 1e-09)
(0 -0 4e-10)
(0 -0 -8.673617e-19)
(0 -0 2e-09)
(0 -0 -1.279359e-17)
(0 -0 -9.97466e-18)
(0 -0 2e-09)
(0 -0 0)
(0 -0 -2e-09)
(0 -0 2e-09)
(0 -0 -1.01915e-17)
(0 -0 -2.493665e-18)
(0 -0 -4.228388e-18)
(0 -0 9.56e-08)
(0 -0 4.87478e-05)
(0 -0 0.01739044)
(0 -0 0.01925585)
(0 -0 5.40138e-05)
(0 -0 9.4e-08)
(0 -0 2e-09)
(0 -0 -3.252607e-18)
(0 -0 -2e-09)
(0 -0 -3.469447e-18)
(0 -0 -2e-09)
(0 -0 0)
(0 -0 2e-09)
(0 -0 2e-09)
(0 -0 -2e-09)
(0 -0 -1.734723e-18)
(0 -0 2e-09)
(0 -0 2.4e-09)
(0 -0 8e-10)
(0 -0 -4e-10)
(0 -0 -7.264155e-18)
(0 -0 1.8e-09)
(0 -0 6e-10)
(0 -0 1e-09)
(0 -0 -6e-10)
(0 -0 4e-10)
(0 -0 -2e-10)
(0 -0 8e-10)
(0 -0 -6e-10)
(0 -0 -2e-09)
(0 -0 2.602085e-18)
(0 -0 1.105886e-17)
(0 -0 -2e-09)
(0 -0 1.01915e-17)
(0 -0 6.722053e-18)
(0 -0 1.734723e-18)
(0 -0 -6.722053e-18)
(0 -0 1.734723e-18)
(0 -0 2e-09)
(0 -0 -5.09575e-18)
(0 -0 1.08e-07)
(0 -0 5.4159e-05)
(0 -0 0.01932312)
(0 -0 0.02148674)
(0 -0 6.02676e-05)
(0 -0 1.04e-07)
(0 -0 -8.456777e-18)
(0 -0 -2e-09)
(0 -0 6.722053e-18)
(0 -0 2e-09)
(0 -0 -6.722053e-18)
(0 -0 2e-09)
(0 -0 2e-09)
(0 -0 -4.98733e-18)
(0 -0 -2e-09)
(0 -0 -3.469447e-18)
(0 -0 6.071532e-18)
(0 -0 -6.071532e-18)
(0 -0 8e-10)
(0 -0 4e-10)
(0 -0 2e-10)
(0 -0 8e-10)
(0 -0 -6e-10)
(0 -0 -1e-09)
(0 -0 1.4e-09)
(0 -0 4e-10)
(0 -0 2e-10)
(0 -0 -6e-10)
(0 -0 -4.336809e-18)
(0 -0 9.324139e-18)
(0 -0 -2e-09)
(0 -0 1.517883e-18)
(0 -0 2e-09)
(0 -0 1.734723e-18)
(0 -0 1.517883e-17)
(0 -0 -6.938894e-18)
(0 -0 -6.722053e-18)
(0 -0 2e-09)
(0 -0 2e-09)
(0 -0 2e-09)
(0 -0 1.2e-07)
(0 -0 6.04552e-05)
(0 -0 0.02157209)
(0 -0 0.02411919)
(0 -0 6.76488e-05)
(0 -0 1.18e-07)
(0 -0 -2e-09)
(0 -0 -3.469447e-18)
(0 -0 -6.938894e-18)
(0 -0 -1.517883e-18)
(0 -0 3.469447e-18)
(0 -0 -2e-09)
(0 -0 -3.252607e-18)
(0 -0 1.734723e-18)
(0 -0 -1.517883e-18)
(0 -0 -3.469447e-18)
(0 -0 -6.722053e-18)
(0 -0 2.602085e-18)
(0 -0 -6e-10)
(0 -0 1.6e-09)
(0 -0 -2e-10)
(0 -0 -1e-09)
(0 -0 -2e-10)
(0 -0 -1e-09)
(0 -0 4e-10)
(0 -0 -4e-10)
(0 -0 6e-10)
(0 -0 8e-10)
(0 -0 -5.854692e-18)
(0 -0 4.98733e-18)
(0 -0 8.673617e-19)
(0 -0 -6.722053e-18)
(0 -0 2e-09)
(0 -0 2e-09)
(0 -0 4.98733e-18)
(0 -0 -2e-09)
(0 -0 2e-09)
(0 -0 2e-09)
(0 -0 2e-09)
(0 -0 1.864828e-17)
(0 -0 1.38e-07)
(0 -0 6.78956e-05)
(0 -0 0.02422936)
(0 -0 0.02728468)
(0 -0 7.6516e-05)
(0 -0 1.24e-07)
(0 -0 3.469447e-18)
(0 -0 -3.035766e-18)
(0 -0 -2e-09)
(0 -0 -2e-09)
(0 -0 8.456777e-18)
(0 -0 0)
(0 -0 1.864828e-17)
(0 -0 1.01915e-17)
(0 -0 2e-09)
(0 -0 -8.673617e-19)
(0 -0 8.456777e-18)
(0 -0 8.673617e-19)
(0 -0 8e-10)
(0 -0 6e-10)
(0 -0 -1.2e-09)
(0 -0 -1.2e-09)
(0 -0 1e-09)
(0 -0 1.6e-09)
(0 -0 -1.4e-09)
(0 -0 -2e-10)
(0 -0 8e-10)
(0 -0 1.2e-09)
(0 -0 -2e-09)
(0 -0 1.105886e-17)
(0 -0 -8.673617e-19)
(0 -0 -6.938894e-18)
(0 -0 6.722053e-18)
(0 -0 -2e-09)
(0 -0 9.97466e-18)
(0 -0 2e-09)
(0 -0 -6.938894e-18)
(0 -0 2e-09)
(0 -0 1.691355e-17)
(0 -0 8.456777e-18)
(0 -0 1.64e-07)
(0 -0 7.6846e-05)
(0 -0 0.02742991)
(0 -0 0.03117599)
(0 -0 8.7424e-05)
(0 -0 1.26e-07)
(0 -0 4e-09)
(0 -0 -4e-09)
(0 -0 2e-09)
(0 -0 0)
(0 -0 -1.344411e-17)
(0 -0 -1.734723e-18)
(0 -0 1.734723e-18)
(0 -0 -1.864828e-17)
(0 -0 3.469447e-18)
(0 -0 -7.589415e-18)
(0 -0 1.01915e-17)
(0 -0 -1.105886e-17)
(0 -0 1e-09)
(0 -0 -8e-10)
(0 -0 4e-10)
(0 -0 1e-09)
(0 -0 4.2e-10)
(0 -0 1.6e-09)
(0 -0 -6.2e-10)
(0 -0 -1e-09)
(0 -0 -4e-10)
(0 -0 1.2e-09)
(0 -0 1.2e-09)
(0 -0 -2e-09)
(0 -0 -2e-09)
(0 -0 -1.517883e-17)
(0 -0 -4.98733e-18)
(0 -0 -2e-09)
(0 -0 -3.469447e-18)
(0 -0 2e-09)
(0 -0 -1.691355e-17)
(0 -0 -2.0383e-17)
(0 -0 2e-09)
(0 -0 -4e-09)
(0 -0 2.04e-07)
(0 -0 8.7868e-05)
(0 -0 0.03137327)
(0 -0 0.03615565)
(0 -0 0.00010136)
(0 -0 9.4e-08)
(0 -0 2.4e-08)
(0 -0 -6e-09)
(0 -0 2e-09)
(0 -0 -3.035766e-17)
(0 -0 2e-09)
(0 -0 -8.239937e-18)
(0 -0 -8.456777e-18)
(0 -0 0)
(0 -0 -4.98733e-18)
(0 -0 2e-09)
(0 -0 2e-09)
(0 -0 -2e-10)
(0 -0 -6e-10)
(0 -0 -2e-10)
(0 -0 1e-09)
(0 -0 4e-10)
(0 -0 -1.1e-09)
(0 -0 -1.2e-09)
(0 -0 1.1e-09)
(0 -0 -8e-10)
(0 -0 6e-10)
(0 -0 -1.301043e-18)
(0 -0 -1e-09)
(0 -0 -2e-09)
(0 -0 -3.469447e-18)
(0 -0 -2e-09)
(0 -0 -1.344411e-17)
(0 -0 2.190088e-17)
(0 -0 5.20417e-18)
(0 -0 -1.517883e-17)
(0 -0 -3.469447e-18)
(0 -0 -4e-09)
(0 -0 1e-08)
(0 -0 -2.4e-08)
(0 -0 2.9e-07)
(0 -0 0.000101872)
(0 -0 0.03642996)
(0 -0 0.04236038)
(0 -0 0.000119386)
(0 -0 -3.8e-08)
(0 -0 1.16e-07)
(0 -0 -1.4e-08)
(0 -0 6e-09)
(0 -0 1.734723e-17)
(0 -0 -2e-09)
(0 -0 2e-09)
(0 -0 2e-09)
(0 -0 4.98733e-18)
(0 -0 2e-09)
(0 -0 -4.119968e-18)
(0 -0 1.01915e-17)
(0 -0 1.2e-09)
(0 -0 4e-10)
(0 -0 1.626303e-18)
(0 -0 1.4e-09)
(0 -0 -8.8e-10)
(0 -0 1.06e-09)
(0 -0 -1.72e-09)
(0 -0 -6.6e-10)
(0 -0 1.2e-09)
(0 -0 2e-10)
(0 -0 -1.8e-09)
(0 -0 -2.4e-09)
(0 -0 0)
(0 -0 1.691355e-17)
(0 -0 1.01915e-17)
(0 -0 -2e-09)
(0 -0 -2.211772e-17)
(0 -0 6.505213e-18)
(0 -0 2.168404e-17)
(0 -0 -2.0383e-17)
(0 -0 -8e-09)
(0 -0 1.6e-08)
(0 -0 -1.24e-07)
(0 -0 5.02e-07)
(0 -0 0.000119826)
(0 -0 0.04278364)
(0 -0 0.0526609)
(0 -0 0.000147434)
(0 -0 -9.12e-07)
(0 -0 2.22e-07)
(0 -0 -1.3e-07)
(0 -0 -6e-09)
(0 -0 -6e-09)
(0 -0 8.673617e-18)
(0 -0 2e-09)
(0 -0 6.938894e-18)
(0 -0 4.98733e-18)
(0 -0 5.854692e-18)
(0 -0 -2.602085e-18)
(0 -0 9.324139e-18)
(0 -0 2e-10)
(0 -0 1e-09)
(0 -0 -4e-10)
(0 -0 6e-10)
(0 -0 -3.8e-10)
(0 -0 -2e-11)
(0 -0 1.8e-10)
(0 -0 2.000001e-11)
(0 -0 -2e-10)
(0 -0 -1.4e-09)
(0 -0 6e-10)
(0 -0 -2e-10)
(0 -0 -5.20417e-18)
(0 -0 -4.98733e-18)
(0 -0 -1.366095e-17)
(0 -0 -2e-09)
(0 -0 -2.0383e-17)
(0 -0 1.734723e-18)
(0 -0 -6.938894e-18)
(0 -0 4e-09)
(0 -0 6e-09)
(0 -0 1.36e-07)
(0 -0 -2.42e-07)
(0 -0 1.502e-06)
(0 -0 0.000146104)
(0 -0 0.05323833)
(0 -0 0.0603215)
(0 -0 0.00018389)
(0 -0 -9.56e-07)
(0 -0 2.346e-06)
(0 -0 1.54e-07)
(0 -0 1.36e-07)
(0 -0 2.6e-08)
(0 -0 6e-09)
(0 -0 8.673617e-18)
(0 -0 -4.77049e-18)
(0 -0 -2e-09)
(0 -0 -2e-09)
(0 -0 -1.452831e-17)
(0 -0 2e-10)
(0 -0 -1.6e-09)
(0 -0 -2e-09)
(0 -0 -1.8e-09)
(0 -0 -1.8e-09)
(0 -0 -6.8e-10)
(0 -0 -2.22e-09)
(0 -0 -1.2e-10)
(0 -0 -3.8e-10)
(0 -0 -2.4e-09)
(0 -0 -6e-10)
(0 -0 -1.6e-09)
(0 -0 -1.2e-09)
(0 -0 -1.8e-09)
(0 -0 -2e-09)
(0 -0 -2e-09)
(0 -0 -4e-09)
(0 -0 -2e-09)
(0 -0 -6e-09)
(0 -0 -1.2e-08)
(0 -0 -3.4e-08)
(0 -0 -1.52e-07)
(0 -0 -1.72e-07)
(0 -0 -2.478e-06)
(0 -0 1.732e-06)
(0 -0 0.00016252)
(0 -0 0.06143774)
(0 -0 0.09438955)
(0 -0 0.000272174)
(0 -0 -1.8294e-05)
(0 -0 -9.38e-07)
(0 -0 -2.886e-06)
(0 -0 -1e-06)
(0 -0 -8.72e-07)
(0 -0 -8.74e-07)
(0 -0 -9.24e-07)
(0 -0 -9.72e-07)
(0 -0 -1.012e-06)
(0 -0 -1.042e-06)
(0 -0 -1.0674e-06)
(0 -0 -1.087e-06)
(0 -0 -1.1058e-06)
(0 -0 -1.1204e-06)
(0 -0 -1.1314e-06)
(0 -0 -1.1436e-06)
(0 -0 -1.15236e-06)
(0 -0 -1.16294e-06)
(0 -0 -1.17344e-06)
(0 -0 -1.18546e-06)
(0 -0 -1.1934e-06)
(0 -0 -1.2052e-06)
(0 -0 -1.2196e-06)
(0 -0 -1.2344e-06)
(0 -0 -1.2526e-06)
(0 -0 -1.271e-06)
(0 -0 -1.298e-06)
(0 -0 -1.334e-06)
(0 -0 -1.378e-06)
(0 -0 -1.434e-06)
(0 -0 -1.494e-06)
(0 -0 -1.514e-06)
(0 -0 -1.428e-06)
(0 -0 4.22e-07)
(0 -0 -2e-06)
(0 -0 1.505e-05)
(0 -0 0.000239746)
(0 -0 0.09598751)
(0 -0 0.09794476)
(0 -0 0.000872858)
(0 -0 4.9178e-05)
(0 -0 -0.000270314)
(0 -0 -0.000409894)
(0 -0 -0.000486864)
(0 -0 -0.00053059)
(0 -0 -0.000556922)
(0 -0 -0.00057384)
(0 -0 -0.000585356)
(0 -0 -0.000593596)
(0 -0 -0.0005997438)
(0 -0 -0.0006045026)
(0 -0 -0.0006083112)
(0 -0 -0.0006114452)
(0 -0 -0.000614102)
(0 -0 -0.0006164176)
(0 -0 -0.0006184944)
(0 -0 -0.0006204119)
(0 -0 -0.0006222391)
(0 -0 -0.0006240357)
(0 -0 -0.0006258569)
(0 -0 -0.0006277662)
(0 -0 -0.000629825)
(0 -0 -0.000632116)
(0 -0 -0.000634738)
(0 -0 -0.0006378268)
(0 -0 -0.0006415636)
(0 -0 -0.000646232)
(0 -0 -0.000652254)
(0 -0 -0.000660314)
(0 -0 -0.000671594)
(0 -0 -0.000688232)
(0 -0 -0.000714298)
(0 -0 -0.00075785)
(0 -0 -0.00083613)
(0 -0 -0.000976288)
(0 -0 -0.00130649)
(0 -0 -0.001601632)
(0 -0 0.09618631)
(0 -0 0.00544406)
(0 -0 -0.2200591)
(0 -0 -0.2203274)
(0 -0 -0.2216342)
(0 -0 -0.2216118)
(0 -0 -0.221885)
(0 -0 -0.2219743)
(0 -0 -0.2220379)
(0 -0 -0.2220772)
(0 -0 -0.2221028)
(0 -0 -0.2221206)
(0 -0 -0.2221335)
(0 -0 -0.2221433)
(0 -0 -0.222151)
(0 -0 -0.2221577)
(0 -0 -0.2221634)
(0 -0 -0.2221686)
(0 -0 -0.2221737)
(0 -0 -0.2221786)
(0 -0 -0.2221836)
(0 -0 -0.2221889)
(0 -0 -0.2221947)
(0 -0 -0.2222012)
(0 -0 -0.2222084)
(0 -0 -0.2222171)
(0 -0 -0.222227)
(0 -0 -0.2222389)
(0 -0 -0.2222538)
(0 -0 -0.2222722)
(0 -0 -0.2222959)
(0 -0 -0.2223272)
(0 -0 -0.2223707)
(0 -0 -0.2224331)
(0 -0 -0.2225295)
(0 -0 -0.2226617)
(0 -0 -0.2230084)
(0 -0 -0.2231235)
(0 -0 -0.2244839)
(0 -0 -0.2242007)
(0 -0 0.00671816)
(0 -0 -39.77826)
(0 -0 -40.00825)
(0 -0 -39.8776)
(0 -0 -39.87351)
(0 -0 -39.8442)
(0 -0 -39.83321)
(0 -0 -39.82445)
(0 -0 -39.81838)
(0 -0 -39.81394)
(0 -0 -39.81058)
(0 -0 -39.80799)
(0 -0 -39.80594)
(0 -0 -39.80432)
(0 -0 -39.80303)
(0 -0 -39.802)
(0 -0 -39.8012)
(0 -0 -39.80058)
(0 -0 -39.80014)
(0 -0 -39.79984)
(0 -0 -39.7997)
(0 -0 -39.79969)
(0 -0 -39.79981)
(0 -0 -39.80009)
(0 -0 -39.80051)
(0 -0 -39.8011)
(0 -0 -39.80187)
(0 -0 -39.80286)
(0 -0 -39.80411)
(0 -0 -39.80569)
(0 -0 -39.80766)
(0 -0 -39.81018)
(0 -0 -39.81342)
(0 -0 -39.81772)
(0 -0 -39.82358)
(0 -0 -39.83218)
(0 -0 -39.8423)
(0 -0 -39.8724)
(0 -0 -39.87412)
(0 -0 -40.00727)
(0 -0 -39.77555)
)
;

boundaryField
{
    movingWall
    {
        type            calculated;
        value           nonuniform List<vector> 
40
(
(0 -0 -79.37995)
(0 -0 -79.65042)
(0 -0 -79.3305)
(0 -0 -79.31882)
(0 -0 -79.25134)
(0 -0 -79.22664)
(0 -0 -79.20763)
(0 -0 -79.19473)
(0 -0 -79.18545)
(0 -0 -79.17852)
(0 -0 -79.1732)
(0 -0 -79.16903)
(0 -0 -79.16573)
(0 -0 -79.1631)
(0 -0 -79.16102)
(0 -0 -79.15938)
(0 -0 -79.15814)
(0 -0 -79.15724)
(0 -0 -79.15664)
(0 -0 -79.15634)
(0 -0 -79.15631)
(0 -0 -79.15656)
(0 -0 -79.1571)
(0 -0 -79.15794)
(0 -0 -79.15911)
(0 -0 -79.16066)
(0 -0 -79.16265)
(0 -0 -79.16517)
(0 -0 -79.16833)
(0 -0 -79.17232)
(0 -0 -79.17741)
(0 -0 -79.18404)
(0 -0 -79.19292)
(0 -0 -79.20525)
(0 -0 -79.22386)
(0 -0 -79.24638)
(0 -0 -79.31593)
(0 -0 -79.32155)
(0 -0 -79.64759)
(0 -0 -79.37405)
)
;
    }
    fixedWalls
    {
        type            calculated;
        value           nonuniform List<vector> 
120
(
(0 -0 0.0004534665)
(0 -0 0.0009106789)
(0 -0 0.001526142)
(0 -0 0.002151746)
(0 -0 0.002791314)
(0 -0 0.003449043)
(0 -0 0.004129304)
(0 -0 0.004836682)
(0 -0 0.005576022)
(0 -0 0.006352488)
(0 -0 0.007171637)
(0 -0 0.008039486)
(0 -0 0.008962634)
(0 -0 0.009948332)
(0 -0 0.01100468)
(0 -0 0.01214076)
(0 -0 0.01336691)
(0 -0 0.01469494)
(0 -0 0.01613857)
(0 -0 0.01771386)
(0 -0 0.01943986)
(0 -0 0.02133946)
(0 -0 0.02344055)
(0 -0 0.02577757)
(0 -0 0.02839382)
(0 -0 0.03134467)
(0 -0 0.03470239)
(0 -0 0.03856363)
(0 -0 0.04306131)
(0 -0 0.04838443)
(0 -0 0.05481422)
(0 -0 0.06277078)
(0 -0 0.073075)
(0 -0 0.08602012)
(0 -0 0.1084084)
(0 -0 0.1249342)
(0 -0 0.2034201)
(0 -0 0.2101861)
(0 -0 0.3036257)
(0 -0 -39.5137)
(0 -0 0.0004537435)
(0 -0 0.0009112394)
(0 -0 0.001527092)
(0 -0 0.00215311)
(0 -0 0.002793127)
(0 -0 0.003451351)
(0 -0 0.004132167)
(0 -0 0.004840174)
(0 -0 0.005580234)
(0 -0 0.006357532)
(0 -0 0.007177646)
(0 -0 0.00804663)
(0 -0 0.008971093)
(0 -0 0.009958347)
(0 -0 0.01101654)
(0 -0 0.01215481)
(0 -0 0.01338356)
(0 -0 0.0147147)
(0 -0 0.01616207)
(0 -0 0.01774186)
(0 -0 0.01947334)
(0 -0 0.02137963)
(0 -0 0.02348896)
(0 -0 0.02583621)
(0 -0 0.02846532)
(0 -0 0.0314325)
(0 -0 0.03481132)
(0 -0 0.0387003)
(0 -0 0.0432353)
(0 -0 0.04861008)
(0 -0 0.05511381)
(0 -0 0.06318215)
(0 -0 0.07365528)
(0 -0 0.08694014)
(0 -0 0.1096767)
(0 -0 0.1275504)
(0 -0 0.207027)
(0 -0 0.2140795)
(0 -0 0.3121218)
(0 -0 -39.51279)
(0 -0 0.0004526333)
(0 -0 0.0009045473)
(0 -0 0.001502781)
(0 -0 0.002091676)
(0 -0 0.002667128)
(0 -0 0.003225478)
(0 -0 0.00376322)
(0 -0 0.004277012)
(0 -0 0.004763702)
(0 -0 0.005220345)
(0 -0 0.005644219)
(0 -0 0.006032835)
(0 -0 0.006383947)
(0 -0 0.006695557)
(0 -0 0.006965916)
(0 -0 0.007193525)
(0 -0 0.00737714)
(0 -0 0.007515768)
(0 -0 0.007608661)
(0 -0 0.007655322)
(0 -0 0.007655502)
(0 -0 0.007609195)
(0 -0 0.007516644)
(0 -0 0.007378338)
(0 -0 0.007195015)
(0 -0 0.006967662)
(0 -0 0.006697519)
(0 -0 0.006386077)
(0 -0 0.00603508)
(0 -0 0.005646524)
(0 -0 0.005222655)
(0 -0 0.004765959)
(0 -0 0.00427916)
(0 -0 0.003765206)
(0 -0 0.003227251)
(0 -0 0.002668644)
(0 -0 0.002092897)
(0 -0 0.001503675)
(0 -0 0.0009050928)
(0 -0 0.0004529082)
)
;
    }
    frontAndBack
    {
        type            empty;
    }
}


// ************************************************************************* //
