/*--------------------------------*- C++ -*----------------------------------*\
| =========                 |                                                 |
| \\      /  F ield         | OpenFOAM: The Open Source CFD Toolbox           |
|  \\    /   O peration     | Version:  2412                                  |
|   \\  /    A nd           | Website:  www.openfoam.com                      |
|    \\/     M anipulation  |                                                 |
\*---------------------------------------------------------------------------*/
FoamFile
{
    version     2.0;
    format      ascii;
    arch        "LSB;label=32;scalar=64";
    class       volScalarField;
    location    "0.45";
    object      p;
}
// * * * * * * * * * * * * * * * * * * * * * * * * * * * * * * * * * * * * * //

dimensions      [0 2 -2 0 0 0 0];

internalField   nonuniform List<scalar> 
1600
(
9.914547e-12
5.325184e-07
1.602733e-06
3.203281e-06
5.32391e-06
7.951015e-06
1.10678e-05
1.465441e-05
1.868809e-05
2.314337e-05
2.799225e-05
3.320441e-05
3.874741e-05
4.458691e-05
5.068689e-05
5.70099e-05
6.351723e-05
7.016918e-05
7.692525e-05
8.37444e-05
9.058519e-05
9.740611e-05
0.0001041657
0.0001108228
0.0001173368
0.0001236679
0.0001297771
0.0001356267
0.0001411806
0.0001464041
0.0001512644
0.0001557311
0.0001597757
0.0001633726
0.0001664988
0.000169134
0.0001712615
0.0001728673
0.0001739411
0.0001744754
-5.310609e-07
4.816871e-09
1.081801e-06
2.692452e-06
4.826433e-06
7.470027e-06
1.06063e-05
1.421525e-05
1.827394e-05
2.275671e-05
2.763538e-05
3.28794e-05
3.845612e-05
4.433099e-05
5.046778e-05
5.68288e-05
6.337514e-05
7.006687e-05
7.686329e-05
8.372311e-05
9.060472e-05
9.746635e-05
0.0001042663
0.0001109633
0.0001175165
0.0001238857
0.0001300319
0.0001359172
0.000141505
0.0001467606
0.000151651
0.0001561454
0.0001602153
0.0001638348
0.0001669806
0.0001696326
0.0001717735
0.0001733895
0.0001744702
0.0001750079
-1.607089e-06
-1.064374e-06
2.63417e-08
1.657489e-06
3.818557e-06
6.495597e-06
9.671402e-06
1.332564e-05
1.743504e-05
2.197356e-05
2.691259e-05
3.222117e-05
3.786623e-05
4.381276e-05
5.00241e-05
5.646211e-05
6.308744e-05
6.985973e-05
7.673782e-05
8.368001e-05
9.064424e-05
9.758831e-05
0.0001044701
0.0001112479
0.0001178803
0.0001243269
0.0001305481
0.0001365054
0.0001421621
0.0001474827
0.000152434
0.0001569846
0.0001611057
0.0001647709
0.0001679567
0.0001706425
0.0001728109
0.0001744476
0.0001755422
0.0001760868
-3.233516e-06
-2.680447e-06
-1.568938e-06
9.324279e-08
2.295316e-06
5.022984e-06
8.258615e-06
1.19814e-05
1.616751e-05
2.079033e-05
2.582063e-05
3.122683e-05
3.697517e-05
4.303e-05
4.935398e-05
5.59083e-05
6.265294e-05
6.954688e-05
7.654832e-05
8.361489e-05
9.070388e-05
9.777245e-05
0.0001047778
0.0001116776
0.0001184298
0.0001249932
0.0001313276
0.000137394
0.0001431546
0.0001485736
0.000153617
0.0001582527
0.0001624512
0.0001661857
0.000169432
0.000172169
0.0001743788
0.000176047
0.0001771626
0.0001777177
-5.42095e-06
-4.853918e-06
-3.714372e-06
-2.01035e-06
2.470001e-07
3.042901e-06
6.359142e-06
1.017425e-05
1.446366e-05
1.919997e-05
2.435311e-05
2.989062e-05
3.577788e-05
4.197832e-05
4.845369e-05
5.516431e-05
6.206926e-05
6.912662e-05
7.629374e-05
8.352735e-05
9.078391e-05
9.801969e-05
0.0001051911
0.0001122547
0.0001191678
0.0001258882
0.0001323749
0.0001385878
0.0001444883
0.0001500397
0.000155207
0.0001599572
0.0001642601
0.0001680879
0.0001714157
0.0001742217
0.0001764874
0.000178198
0.0001793419
0.0001799112
-8.183549e-06
-7.598819e-06
-6.423741e-06
-4.666703e-06
-2.339328e-06
5.429846e-07
3.96128e-06
7.893225e-06
1.231332e-05
1.719314e-05
2.250154e-05
2.820496e-05
3.426765e-05
4.06519e-05
4.731833e-05
5.422613e-05
6.133325e-05
6.859669e-05
7.597267e-05
8.341688e-05
9.088467e-05
9.833124e-05
0.0001057119
0.0001129822
0.0001200983
0.0001270168
0.0001336956
0.0001400935
0.0001461708
0.0001518894
0.0001572133
0.0001621085
0.0001665434
0.0001704893
0.0001739203
0.0001768137
0.0001791503
0.0001809146
0.0001820945
0.0001826817
-1.153926e-05
-1.093294e-05
-9.714509e-06
-7.892804e-06
-5.480042e-06
-2.492396e-06
1.050246e-06
5.124488e-06
9.703657e-06
1.475806e-05
2.025525e-05
2.61603e-05
3.243607e-05
3.904348e-05
4.594177e-05
5.308874e-05
6.044102e-05
6.795427e-05
7.558341e-05
8.328282e-05
9.100658e-05
9.870862e-05
0.0001063429
0.0001138638
0.000121226
0.0001283848
0.0001352968
0.0001419194
0.0001482114
0.0001541333
0.0001596477
0.0001647192
0.0001693149
0.0001734047
0.0001769615
0.0001799615
0.0001823847
0.0001842144
0.0001854383
0.0001860473
-1.550999e-05
-1.487797e-05
-1.360797e-05
-1.170935e-05
-9.195067e-06
-6.082242e-06
-2.391902e-06
1.851259e-06
6.619143e-06
1.188054e-05
1.76014e-05
2.374517e-05
3.027307e-05
3.714435e-05
4.431664e-05
5.174614e-05
5.938788e-05
6.719598e-05
7.512386e-05
8.312439e-05
9.115016e-05
9.915362e-05
0.0001070873
0.0001149039
0.0001225567
0.0001299995
0.0001371871
0.0001440754
0.0001506215
0.0001567842
0.0001625244
0.000167805
0.0001725915
0.0001768522
0.0001805585
0.0001836853
0.0001862113
0.0001881189
0.0001893951
0.0001900302
-2.012178e-05
-1.945972e-05
-1.812943e-05
-1.614092e-05
-1.350804e-05
-1.024906e-05
-6.38638e-06
-1.946261e-06
3.041496e-06
8.543857e-06
1.45249e-05
2.094613e-05
2.776683e-05
3.494435e-05
4.243441e-05
5.019134e-05
5.81684e-05
6.631793e-05
7.459162e-05
8.294067e-05
9.131597e-05
9.96683e-05
0.0001079485
0.0001161076
0.0001240971
0.0001318691
0.0001393765
0.0001465731
0.0001534144
0.0001598571
0.0001658601
0.0001713842
0.0001763931
0.0001808531
0.0001847339
0.0001880089
0.000190655
0.0001926539
0.0001939912
0.0001946568
-2.54051e-05
-2.470835e-05
-2.330844e-05
-2.121618e-05
-1.844648e-05
-1.501901e-05
-1.095781e-05
-6.29099e-06
-1.050397e-06
4.728794e-06
1.100844e-05
1.77478e-05
2.490391e-05
3.243191e-05
4.028534e-05
4.841645e-05
5.677644e-05
6.53157e-05
7.398398e-05
8.273061e-05
9.150464e-05
0.000100255
0.0001089306
0.0001174808
0.0001258549
0.000134003
0.0001418761
0.0001494259
0.0001566054
0.0001633692
0.0001696738
0.0001754779
0.0001807426
0.0001854322
0.0001895142
0.00019296
0.0001957449
0.000197849
0.000199257
0.0001999578
-3.139514e-05
-3.065867e-05
-2.917909e-05
-2.696815e-05
-2.404205e-05
-2.042211e-05
-1.613434e-05
-1.120908e-05
-5.680552e-06
4.135382e-07
7.032456e-06
1.413286e-05
2.166919e-05
2.959406e-05
3.785858e-05
4.641263e-05
5.520516e-05
6.418436e-05
7.32979e-05
8.249305e-05
9.171686e-05
0.0001009162
0.0001100382
0.0001190297
0.0001278383
0.0001364118
0.0001446987
0.0001526484
0.0001602115
0.0001673399
0.0001739875
0.0001801101
0.0001856663
0.0001906178
0.0001949295
0.0001985706
0.0002015143
0.0002037389
0.0002052279
0.000205969
-3.813215e-05
-3.735052e-05
-3.578032e-05
-3.343449e-05
-3.033076e-05
-2.649244e-05
-2.194788e-05
-1.673003e-05
-1.087596e-05
-4.426329e-06
2.575124e-06
1.008205e-05
1.804594e-05
2.641654e-05
3.514222e-05
4.417026e-05
5.344709e-05
6.291857e-05
7.253008e-05
8.22267e-05
9.195334e-05
0.0001016548
0.0001112758
0.0001207614
0.0001300566
0.0001391068
0.0001478581
0.0001562572
0.0001642518
0.0001717909
0.0001788253
0.0001853078
0.0001911939
0.000196442
0.0002010143
0.0002048771
0.0002080013
0.000210363
0.0002119441
0.0002127312
-4.566194e-05
-4.482915e-05
-4.315636e-05
-4.065789e-05
-3.735334e-05
-3.326839e-05
-2.84342e-05
-2.288683e-05
-1.666668e-05
-9.817861e-06
-2.387613e-06
5.574259e-06
1.40159e-05
2.288383e-05
3.212336e-05
4.16789e-05
5.14942e-05
6.151255e-05
7.167695e-05
8.193016e-05
9.221484e-05
0.0001024736
0.0001126488
0.0001226833
0.0001325196
0.0001421005
0.0001513694
0.00016027
0.000168747
0.0001767459
0.0001842142
0.0001911011
0.0001973583
0.0002029408
0.0002078073
0.0002119207
0.0002152491
0.0002177662
0.0002194516
0.0002202908
-5.403637e-05
-5.314579e-05
-5.135714e-05
-4.868644e-05
-4.515553e-05
-4.079295e-05
-3.563321e-05
-2.971607e-05
-2.308586e-05
-1.579074e-05
-7.882004e-06
5.865937e-07
9.559381e-06
1.897929e-05
2.878825e-05
3.892753e-05
4.933799e-05
5.996025e-05
7.073475e-05
8.160192e-05
9.250208e-05
0.0001033755
0.0001141625
0.0001248031
0.0001352376
0.000145406
0.0001552487
0.0001647062
0.0001737196
0.000182231
0.0001901838
0.000197523
0.0002041963
0.0002101544
0.0002153518
0.0002197477
0.0002233065
0.000225999
0.0002278025
0.0002287006
-6.331402e-05
-6.235826e-05
-6.043894e-05
-5.757418e-05
-5.378854e-05
-4.911403e-05
-4.358914e-05
-3.725809e-05
-3.016983e-05
-2.237728e-05
-1.39364e-05
-4.905504e-06
4.655439e-06
1.468534e-05
2.512243e-05
3.59046e-05
4.696964e-05
5.825533e-05
6.969959e-05
8.124039e-05
9.281578e-05
0.0001043638
0.0001158222
0.000127129
0.0001382215
0.000149037
0.0001595128
0.000169586
0.0001791938
0.0001882742
0.0001967661
0.0002046099
0.0002117483
0.0002181272
0.0002236962
0.0002284097
0.0002322282
0.0002351186
0.0002370554
0.00023802
-7.356097e-05
-7.253167e-05
-7.046501e-05
-6.738167e-05
-6.330953e-05
-5.828479e-05
-5.235082e-05
-4.555709e-05
-3.79581e-05
-2.961231e-05
-2.058112e-05
-1.092805e-05
-7.179333e-07
9.983689e-06
2.111101e-05
3.259831e-05
4.438013e-05
5.639142e-05
6.856749e-05
8.084394e-05
9.315658e-05
0.0001054412
0.0001176335
0.0001296688
0.0001414821
0.0001530076
0.0001641794
0.0001749308
0.000185195
0.0001949053
0.0002039957
0.0002124011
0.0002200587
0.0002269084
0.0002328941
0.0002379648
0.0002420757
0.0002451892
0.0002472766
0.0002483164
-8.485177e-05
-8.373942e-05
-8.150644e-05
-7.817669e-05
-7.378213e-05
-6.836411e-05
-6.197187e-05
-5.466126e-05
-4.649332e-05
-3.753306e-05
-2.784823e-05
-1.750827e-05
-6.583483e-06
4.855639e-06
1.673892e-05
2.899681e-05
4.156054e-05
5.436218e-05
6.73345e-05
8.041089e-05
9.352503e-05
0.0001066107
0.0001196015
0.0001324305
0.0001450302
0.0001573318
0.0001692661
0.0001807624
0.0001917496
0.0002021559
0.0002119095
0.0002209392
0.0002291757
0.000236552
0.0002430051
0.0002484774
0.0002529177
0.0002562833
0.0002585409
0.0002596657
-9.727056e-05
-9.606421e-05
-9.364311e-05
-9.003507e-05
-8.527713e-05
-7.941697e-05
-7.251101e-05
-6.462278e-05
-5.58212e-05
-4.617898e-05
-3.577122e-05
-2.467417e-05
-1.296429e-05
-7.17502e-07
1.199132e-05
2.508862e-05
3.850228e-05
5.216155e-05
6.599687e-05
7.993957e-05
9.392153e-05
0.0001078748
0.0001217311
0.0001354215
0.0001488761
0.0001620234
0.0001747906
0.0001871031
0.000198885
0.0002100587
0.0002205463
0.0002302697
0.0002391515
0.0002471169
0.0002540947
0.0002600191
0.0002648315
0.0002684822
0.0002709326
0.0002721539
-0.0001109126
-0.0001095995
-0.0001069649
-0.0001030417
-9.78732e-05
-9.151496e-05
-8.403224e-05
-7.549792e-05
-6.599034e-05
-5.559133e-05
-4.438456e-05
-3.245407e-05
-1.988323e-05
-6.753875e-06
6.854097e-06
2.086302e-05
3.519747e-05
4.978405e-05
6.455113e-05
7.942838e-05
9.434626e-05
0.0001092355
0.0001240263
0.0001386482
0.0001530291
0.000167095
0.0001807697
0.0001939744
0.0002066282
0.0002186474
0.0002299469
0.0002404406
0.0002500423
0.0002586676
0.0002662353
0.0002726699
0.0002779032
0.0002818775
0.0002845472
0.0002858781
-0.0001258859
-0.000124451
-0.0001215733
-0.0001172917
-0.0001116578
-0.0001047368
-9.66051e-05
-8.734688e-05
-7.705185e-05
-6.581271e-05
-5.372308e-05
-4.087591e-05
-2.736223e-05
-1.327037e-05
1.31452e-06
1.631064e-05
3.163939e-05
4.722507e-05
6.29944e-05
7.887588e-05
9.479912e-05
0.0001106941
0.0001264902
0.0001421157
0.000157497
0.0001725578
0.0001872187
0.0002013969
0.0002150059
0.0002279556
0.000240153
0.0002515027
0.0002619082
0.0002712738
0.0002795064
0.0002865183
0.0002922299
0.0002965727
0.0002994929
0.0003009492
-0.0001423137
-0.0001407392
-0.0001375828
-0.0001328919
-0.000126728
-0.000119169
-0.0001103047
-0.0001002336
-8.905893e-05
-7.688636e-05
-6.382111e-05
-4.996625e-05
-3.542138e-05
-2.028175e-05
-4.637952e-06
1.142414e-05
2.782308e-05
4.448133e-05
6.132456e-05
7.828083e-05
9.527964e-05
0.000112251
0.0001291242
0.0001458272
0.0001622854
0.0001784206
0.0001941507
0.0002093888
0.000224043
0.0002380162
0.0002512065
0.0002635082
0.0002748127
0.0002850109
0.0002939952
0.000301663
0.0003079203
0.0003126853
0.000315893
0.0003174936
-0.0001603372
-0.0001586015
-0.0001551239
-0.0001499624
-0.0001431919
-0.0001349061
-0.000125212
-0.0001142252
-0.000102066
-8.88551e-05
-7.47113e-05
-5.974916e-05
-4.407766e-05
-2.779946e-05
-1.101063e-05
6.199147e-06
2.374603e-05
4.155136e-05
5.954062e-05
7.764235e-05
9.578695e-05
0.0001139054
0.0001319281
0.0001497834
0.0001673966
0.0001846886
0.000201575
0.0002179651
0.0002337616
0.0002488599
0.0002631487
0.0002765104
0.0002888225
0.0002999597
0.0003097972
0.0003182138
0.0003250972
0.0003303485
0.0003338887
0.0003356564
-0.0001801193
-0.0001781958
-0.000174345
-0.000168639
-0.0001611697
-0.0001520515
-0.0001414131
-0.0001293917
-0.0001161276
-0.0001017599
-8.642308e-05
-7.024451e-05
-5.334346e-05
-3.583024e-05
-1.78064e-05
6.350545e-07
1.940877e-05
3.843592e-05
5.764292e-05
7.695998e-05
9.631961e-05
0.0001156551
0.000134899
0.0001539815
0.000172829
0.0001913623
0.0002094957
0.0002271355
0.0002441789
0.0002605138
0.0002760185
0.0002905622
0.0003040062
0.0003162064
0.0003270165
0.0003362925
0.000343899
0.000349715
0.0003536426
0.0003556055
-0.0002018492
-0.0001997051
-0.0001954167
-0.0001890751
-0.0001807951
-0.0001707177
-0.0001589993
-0.000145804
-0.0001312968
-0.0001156381
-9.898059e-05
-8.146598e-05
-6.322456e-05
-4.437464e-05
-2.502261e-05
-5.263863e-06
1.481581e-05
3.513873e-05
5.563362e-05
7.623384e-05
9.687557e-05
0.0001174959
0.0001380312
0.0001584149
0.0001785758
0.0001984364
0.0002179106
0.0002369028
0.0002553056
0.000272999
0.0002898503
0.0003057142
0.0003204334
0.0003338414
0.0003457661
0.0003560349
0.0003644828
0.0003709599
0.0003753436
0.0003775367
-0.0002257494
-0.0002233427
-0.0002185359
-0.0002114453
-0.0002022169
-0.0001910264
-0.0001780659
-0.000163533
-0.0001476226
-0.0001305205
-0.0001123999
-9.341849e-05
-7.371839e-05
-5.342519e-05
-3.264918e-05
-1.148693e-05
9.976857e-06
3.16673e-05
5.351719e-05
7.546486e-05
9.745197e-05
0.0001194214
0.000141315
0.0001630713
0.0001846238
0.0002058978
0.0002268089
0.0002472608
0.0002671426
0.0002863274
0.0003046711
0.000322012
0.0003381722
0.0003529586
0.0003661678
0.0003775917
0.000387027
0.000394286
0.0003992122
0.0004016805
-0.0002520833
-0.0002493602
-0.0002439313
-0.0002359486
-0.0002256
-0.000213108
-0.0001987102
-0.0001826461
-0.0001651468
-0.0001464279
-0.0001266856
-0.0001060956
-8.481101e-05
-6.296374e-05
-4.06666e-05
-1.801548e-05
4.907968e-06
2.803376e-05
5.130093e-05
7.465492e-05
9.804511e-05
0.0001214222
0.000144736
0.0001679324
0.0001909513
0.0002137236
0.0002361687
0.0002581913
0.0002796788
0.0003004988
0.0003204964
0.0003394928
0.000357286
0.0003736527
0.0003883514
0.0004011298
0.0004117352
0.0004199295
0.0004255096
0.0004283113
-0.000281168
-0.0002780569
-0.0002718712
-0.0002628125
-0.0002511274
-0.0002371006
-0.0002210286
-0.0002032034
-0.0001838992
-0.0001633662
-0.0001418274
-0.0001194755
-9.647368e-05
-7.295871e-05
-4.904357e-05
-2.482104e-05
-3.670791e-07
2.425583e-05
4.899552e-05
7.380715e-05
9.865027e-05
0.0001234861
0.0001482746
0.0001729719
0.000197527
0.0002218791
0.000245954
0.0002696604
0.0002928866
0.0003154964
0.0003373258
0.0003581796
0.0003778291
0.0003960158
0.0004124531
0.0004268332
0.00043884
0.0004481675
0.0004545474
0.0004577604
-0.00031339
-0.0003097933
-0.0003026726
-0.0002922975
-0.0002789997
-0.0002631468
-0.0002451119
-0.0002252514
-0.0002038909
-0.0001813219
-0.0001577939
-0.0001335157
-0.0001086589
-8.33618e-05
-5.773454e-05
-3.186339e-05
-5.81536e-06
2.035777e-05
4.661567e-05
7.29261e-05
9.926165e-05
0.0001255968
0.0001519048
0.0001781546
0.0002043078
0.0002303149
0.0002561117
0.0002816147
0.0003067166
0.0003312809
0.0003551369
0.0003780743
0.0003998394
0.0004201317
0.0004386114
0.0004549028
0.0004686073
0.0004793281
0.0004867023
0.000490434
-0.00034923
-0.0003450092
-0.000336713
-0.0003247017
-0.0003094346
-0.0002913889
-0.000271037
-0.0002488133
-0.0002251075
-0.0002002532
-0.0001745258
-0.000148148
-0.0001212956
-9.410444e-05
-6.667694e-05
-3.90886e-05
-1.139338e-05
1.637137e-05
4.418065e-05
7.201804e-05
9.987232e-05
0.0001277342
0.0001555934
0.0001834352
0.0002112369
0.0002389647
0.0002665683
0.0002939769
0.0003210923
0.000347783
0.0003738763
0.0003991505
0.0004233275
0.0004460662
0.0004669608
0.0004855538
0.0005013401
0.0005138026
0.0005224354
0.0005268396
-0.0003892986
-0.0003842475
-0.0003744465
-0.0003603642
-0.0003426625
-0.0003219596
-0.0002988543
-0.00027388
-0.0002474967
-0.0002200798
-0.0001919278
-0.0001632715
-0.0001342846
-0.000105094
-7.578843e-05
-4.642701e-05
-1.704574e-05
1.233682e-05
4.171484e-05
7.10912e-05
0.0001004741
0.0001298739
0.0001592998
0.0001887569
0.0002182426
0.0002477425
0.000277226
0.0003066402
0.0003359032
0.0003648954
0.0003934495
0.0004213392
0.0004482669
0.0004738521
0.0004976201
0.0005190096
0.0005373805
0.0005520613
0.0005623176
0.0005676266
-0.0004343893
-0.0004281853
-0.0004164235
-0.0003996647
-0.0003789172
-0.0003549646
-0.0003285713
-0.0003003912
-0.0002709532
-0.0002406712
-0.0002098585
-0.000178745
-0.0001474926
-0.00011621
-8.496437e-05
-5.379163e-05
-2.270401e-05
8.303383e-06
3.924804e-05
7.015589e-05
0.0001010578
0.0001319869
0.0001629751
0.0001940511
0.0002252362
0.0002565407
0.0002879591
0.0003194639
0.0003509977
0.0003824625
0.0004137076
0.0004445131
0.0004745725
0.0005034719
0.0005306716
0.0005554889
0.0005771064
0.0005946732
0.0006070632
0.0006136461
-0.0004855995
-0.0004776825
-0.0004633189
-0.0004430152
-0.0004184172
-0.0003904535
-0.0003601291
-0.0003282122
-0.0002952991
-0.0002618303
-0.0002281194
-0.0001943796
-0.0001607472
-0.0001273007
-9.407567e-05
-6.107694e-05
-2.828674e-05
4.328958e-06
3.681527e-05
6.922451e-05
0.0001016133
0.0001340401
0.000166563
0.0001992371
0.0002321121
0.0002652283
0.0002986118
0.0003322684
0.0003661754
0.0004002696
0.0004344316
0.0004684661
0.0005020752
0.0005348284
0.0005661268
0.0005951799
0.0006209166
0.0006423323
0.0006575781
0.0006660802
-0.0005442442
-0.0005337574
-0.0005159399
-0.0004908298
-0.0004613216
-0.0004283907
-0.0003933614
-0.0003571016
-0.0003202592
-0.0002832768
-0.0002464425
-0.0002099305
-0.0001738322
-0.0001381805
-0.0001029684
-6.816005e-05
-3.36999e-05
4.80225e-07
3.445684e-05
6.83117e-05
0.0001021296
0.0001359969
0.0001699999
0.0002042235
0.0002387489
0.0002736514
0.000308996
0.0003448314
0.0003811806
0.0004180311
0.0004553154
0.0004928874
0.0005304878
0.0005677002
0.0006038911
0.0006381834
0.0006691889
0.0006958648
0.0007149438
0.0007263945
-0.0006134731
-0.000598101
-0.0005754876
-0.0005434781
-0.0005076808
-0.0004685878
-0.0004279418
-0.0003866704
-0.000345432
-0.0003046267
-0.0002644786
-0.0002250902
-0.0001864843
-0.0001486313
-0.0001114658
-7.490108e-05
-3.883754e-05
-3.168273e-06
3.221781e-05
6.743414e-05
0.0001025955
0.0001378175
0.0001732164
0.0002089088
0.0002450104
0.0002816356
0.0003188939
0.0003568862
0.0003956969
0.000435381
0.0004759473
0.0005173333
0.000559362
0.0006016834
0.0006436838
0.0006844587
0.0007221938
0.0007564577
0.0007808859
0.0007979551
-0.0006889076
-0.0006690072
-0.0006416207
-0.0006008532
-0.0005572763
-0.00051057
-0.0004632949
-0.0004163235
-0.0003702541
-0.0003253737
-0.000281786
-0.0002394864
-0.0001983984
-0.0001584052
-0.0001193698
-8.114586e-05
-4.35843e-05
-6.535987e-06
3.014677e-05
6.661018e-05
0.0001029995
0.0001394603
0.000176139
0.0002131846
0.0002507492
0.0002889886
0.0003280617
0.0003681291
0.000409348
0.0004518638
0.0004957931
0.000541193
0.0005880282
0.0006360946
0.000684886
0.0007336203
0.0007796305
0.0008237243
0.00085355
0.0008770304
-0.0008061813
-0.0007621356
-0.0007252942
-0.0006654191
-0.000610479
-0.0005537779
-0.0004986224
-0.0004452487
-0.000393981
-0.0003448727
-0.0002978352
-0.0002526918
-0.0002092307
-0.0001672291
-0.0001264666
-8.673087e-05
-4.781931e-05
-9.539152e-06
2.829423e-05
6.585936e-05
0.0001033311
0.0001408837
0.0001786931
0.0002169398
0.0002558117
0.0002955069
0.000336236
0.0003782242
0.0004217109
0.0004669478
0.0005141901
0.0005636791
0.0006156
0.0006700233
0.0007268016
0.0007860459
0.0008441754
0.0009091352
0.0009499338
0.0009991531
-0.0008908065
-0.0008406606
-0.000798135
-0.0007257578
-0.0006621801
-0.0005954117
-0.0005320847
-0.0004720875
-0.0004155802
-0.0003623402
-0.000312017
-0.0002642302
-0.0002186108
-0.0001748169
-0.0001325375
-9.149138e-05
-5.142237e-05
-1.209515e-05
2.670987e-05
6.520119e-05
0.0001035806
0.0001420481
0.0001808068
0.0002200658
0.000260046
0.0003009857
0.0003431455
0.0003868155
0.0004323209
0.0004800274
0.0005303435
0.0005837124
0.0006405848
0.0007013396
0.0007659722
0.0008349402
0.0009007013
0.0009806886
0.001025616
0.001090894
-0.001148806
-0.0009863521
-0.000928653
-0.0008026535
-0.0007218344
-0.0006372765
-0.0005633418
-0.0004958893
-0.0004340817
-0.0003769419
-0.0003236693
-0.0002735936
-0.0002261541
-0.0001808788
-0.0001373654
-9.526651e-05
-5.427712e-05
-1.412401e-05
2.544269e-05
6.465689e-05
0.0001037422
0.0001429198
0.0001824171
0.0002224657
0.0002633143
0.0003052355
0.0003485343
0.0003935602
0.0004407216
0.0004905045
0.0005434988
0.0006004345
0.000662237
0.0007302545
0.0008057808
0.0008938836
0.0009788446
0.0011164
0.001184635
0.001363962
-0.001227371
-0.001064535
-0.0009919226
-0.0008529778
-0.0007618009
-0.0006676801
-0.0005866273
-0.0005136794
-0.0004478254
-0.0003876806
-0.0003321485
-0.0002803427
-0.0002315501
-0.0001851913
-0.0001407887
-9.794116e-05
-5.630436e-05
-1.557577e-05
2.451746e-05
6.422826e-05
0.0001037985
0.0001434639
0.0001834632
0.0002240481
0.0002654874
0.000308078
0.0003521571
0.0003981174
0.0004464271
0.0004976561
0.0005525097
0.0006118696
0.0006768262
0.0007486577
0.0008279844
0.0009228005
0.001007402
0.001163337
0.001221406
0.001440838
-0.001941785
-0.001234153
-0.001151429
-0.0009134515
-0.0008016312
-0.0006924813
-0.0006022239
-0.0005243854
-0.0004555301
-0.0003934505
-0.0003365945
-0.0002838339
-0.0002343208
-0.000187397
-0.0001425366
-9.930651e-05
-5.734084e-05
-1.63212e-05
2.403732e-05
6.399744e-05
0.0001038093
0.0001437187
0.0001839706
0.0002248238
0.0002665578
0.0003094825
0.0003539522
0.0004003843
0.0004492859
0.0005012935
0.0005572375
0.0006182487
0.0006859344
0.0007627931
0.0008519871
0.0009644013
0.001075605
0.001336645
0.001444334
0.002207625
)
;

boundaryField
{
    movingWall
    {
        type            zeroGradient;
    }
    fixedWalls
    {
        type            zeroGradient;
    }
    frontAndBack
    {
        type            empty;
    }
}


// ************************************************************************* //
