/*--------------------------------*- C++ -*----------------------------------*\
| =========                 |                                                 |
| \\      /  F ield         | OpenFOAM: The Open Source CFD Toolbox           |
|  \\    /   O peration     | Version:  2412                                  |
|   \\  /    A nd           | Website:  www.openfoam.com                      |
|    \\/     M anipulation  |                                                 |
\*---------------------------------------------------------------------------*/
FoamFile
{
    version     2.0;
    format      ascii;
    arch        "LSB;label=32;scalar=64";
    class       surfaceScalarField;
    location    "0.45";
    object      phi;
}
// * * * * * * * * * * * * * * * * * * * * * * * * * * * * * * * * * * * * * //

dimensions      [0 3 -1 0 0 0 0];

oriented        oriented;

internalField   nonuniform List<scalar> 
3120
(
-2.414201e-08
2.414201e-08
-4.830293e-08
2.416092e-08
-7.215259e-08
2.384965e-08
-9.553757e-08
2.338499e-08
-1.183089e-07
2.27713e-08
-1.403227e-07
2.201378e-08
-1.614413e-07
2.111866e-08
-1.815345e-07
2.009316e-08
-2.004797e-07
1.894526e-08
-2.181634e-07
1.768364e-08
-2.344808e-07
1.631747e-08
-2.493372e-07
1.485633e-08
-2.626472e-07
1.331004e-08
-2.743358e-07
1.168862e-08
-2.84338e-07
1.000212e-08
-2.925986e-07
8.260633e-09
-2.990728e-07
6.474227e-09
-3.037257e-07
4.652903e-09
-3.065323e-07
2.806609e-09
-3.074776e-07
9.452406e-10
-3.065562e-07
-9.213395e-10
-3.03773e-07
-2.783275e-09
-2.991423e-07
-4.630693e-09
-2.926886e-07
-6.453672e-09
-2.844464e-07
-8.24223e-09
-2.7446e-07
-9.986315e-09
-2.627842e-07
-1.167581e-08
-2.494837e-07
-1.330056e-08
-2.346333e-07
-1.485041e-08
-2.18318e-07
-1.631528e-08
-2.006327e-07
-1.768526e-08
-1.816821e-07
-1.895067e-08
-1.615798e-07
-2.010224e-08
-1.404486e-07
-2.113122e-08
-1.184191e-07
-2.20295e-08
-9.562927e-08
-2.278981e-08
-7.222345e-08
-2.340582e-08
-4.835116e-08
-2.387229e-08
-2.416637e-08
-2.418479e-08
-2.416637e-08
-2.447218e-08
4.861418e-08
-4.896261e-08
4.865136e-08
-7.313688e-08
4.802393e-08
-9.683918e-08
4.708728e-08
-1.199182e-07
4.585035e-08
-1.422281e-07
4.432362e-08
-1.636292e-07
4.251977e-08
-1.839894e-07
4.045339e-08
-2.031848e-07
3.814069e-08
-2.211004e-07
3.55992e-08
-2.376304e-07
3.284747e-08
-2.526789e-07
2.990484e-08
-2.6616e-07
2.679114e-08
-2.779979e-07
2.352653e-08
-2.881271e-07
2.013129e-08
-2.964922e-07
1.662571e-08
-3.030479e-07
1.303001e-08
-3.077593e-07
9.364279e-09
-3.106012e-07
5.648478e-09
-3.115584e-07
1.902452e-09
-3.106257e-07
-1.854027e-09
-3.078078e-07
-5.601202e-09
-3.031192e-07
-9.319277e-09
-2.965845e-07
-1.298836e-08
-2.882383e-07
-1.658841e-08
-2.781254e-07
-2.009926e-08
-2.663006e-07
-2.350056e-08
-2.528293e-07
-2.677189e-08
-2.377869e-07
-2.989282e-08
-2.212592e-07
-3.284301e-08
-2.03342e-07
-3.560246e-08
-1.84141e-07
-3.815164e-08
-1.637714e-07
-4.047179e-08
-1.423575e-07
-4.254521e-08
-1.200315e-07
-4.435548e-08
-9.693342e-08
-4.588787e-08
-7.320971e-08
-4.712953e-08
-4.901217e-08
-4.806983e-08
-2.449722e-08
-4.869974e-08
-4.866359e-08
-2.478655e-08
7.340073e-08
-4.959092e-08
7.345572e-08
-7.407363e-08
7.250664e-08
-9.80763e-08
7.108995e-08
-1.214452e-07
6.921929e-08
-1.440323e-07
6.691071e-08
-1.656962e-07
6.418358e-08
-1.863029e-07
6.106016e-08
-2.057274e-07
5.756516e-08
-2.238534e-07
5.372525e-08
-2.405746e-07
4.956865e-08
-2.557945e-07
4.512469e-08
-2.694267e-07
4.042343e-08
-2.813955e-07
3.549533e-08
-2.916353e-07
3.037104e-08
-3.000907e-07
2.508111e-08
-3.067167e-07
1.965599e-08
-3.114782e-07
1.412585e-08
-3.143504e-07
8.520644e-09
-3.153181e-07
2.870136e-09
-3.143761e-07
-2.796049e-09
-3.11529e-07
-8.448311e-09
-3.067913e-07
-1.405698e-08
-3.001874e-07
-1.959224e-08
-2.917518e-07
-2.502402e-08
-2.81529e-07
-3.032199e-08
-2.695741e-07
-3.545555e-08
-2.55952e-07
-4.039392e-08
-2.407386e-07
-4.510624e-08
-2.240199e-07
-4.956177e-08
-2.058921e-07
-5.373019e-08
-1.864619e-07
-5.758187e-08
-1.658454e-07
-6.10883e-08
-1.441681e-07
-6.42225e-08
-1.215641e-07
-6.695949e-08
-9.817522e-08
-6.927675e-08
-7.415009e-08
-7.115466e-08
-4.964296e-08
-7.257696e-08
-2.481284e-08
-7.352986e-08
-7.347643e-08
-2.526148e-08
9.866221e-08
-5.054e-08
9.873425e-08
-7.548849e-08
9.745513e-08
-9.994461e-08
9.554607e-08
-1.23751e-07
9.302569e-08
-1.467563e-07
8.991598e-08
-1.688161e-07
8.624339e-08
-1.897942e-07
8.203831e-08
-2.095635e-07
7.733439e-08
-2.280061e-07
7.216792e-08
-2.450147e-07
6.657718e-08
-2.604919e-07
6.060188e-08
-2.74351e-07
5.428262e-08
-2.865162e-07
4.766044e-08
-2.969216e-07
4.077651e-08
-3.055123e-07
3.367183e-08
-3.122434e-07
2.638707e-08
-3.170801e-07
1.896255e-08
-3.199976e-07
1.143816e-08
-3.20981e-07
3.85351e-09
-3.200251e-07
-3.752011e-09
-3.171343e-07
-1.133906e-08
-3.123231e-07
-1.886818e-08
-3.056157e-07
-2.62997e-08
-2.970461e-07
-3.359354e-08
-2.866589e-07
-4.070923e-08
-2.745086e-07
-4.760583e-08
-2.606605e-07
-5.424208e-08
-2.451902e-07
-6.057648e-08
-2.281843e-07
-6.656764e-08
-2.097399e-07
-7.217458e-08
-1.899646e-07
-7.73572e-08
-1.689761e-07
-8.207681e-08
-1.469019e-07
-8.629671e-08
-1.238785e-07
-8.998286e-08
-1.000508e-07
-9.310451e-08
-7.557055e-08
-9.563486e-08
-5.059586e-08
-9.755165e-08
-2.52897e-08
-9.883601e-08
-9.876613e-08
-2.590158e-08
1.245638e-07
-5.181906e-08
1.246517e-07
-7.739503e-08
1.230311e-07
-1.024617e-07
1.206128e-07
-1.268569e-07
1.174208e-07
-1.504245e-07
1.134836e-07
-1.730164e-07
1.088353e-07
-1.944931e-07
1.03515e-07
-2.147247e-07
9.7566e-08
-2.335916e-07
9.103478e-08
-2.509847e-07
8.397028e-08
-2.668059e-07
7.642311e-08
-2.809681e-07
6.844484e-08
-2.933951e-07
6.008746e-08
-3.040215e-07
5.14029e-08
-3.127925e-07
4.244276e-08
-3.196635e-07
3.325806e-08
-3.246001e-07
2.389921e-08
-3.27578e-07
1.441601e-08
-3.285822e-07
4.857774e-09
-3.276078e-07
-4.726471e-09
-3.24659e-07
-1.428779e-08
-3.197501e-07
-2.37771e-08
-3.129049e-07
-3.314496e-08
-3.04157e-07
-4.234139e-08
-2.935505e-07
-5.131572e-08
-2.811397e-07
-6.001664e-08
-2.669896e-07
-6.83922e-08
-2.51176e-07
-7.639004e-08
-2.337859e-07
-8.395774e-08
-2.149173e-07
-9.104323e-08
-1.946791e-07
-9.759539e-08
-1.731912e-07
-1.035647e-07
-1.505836e-07
-1.089043e-07
-1.269963e-07
-1.135702e-07
-1.025778e-07
-1.175229e-07
-7.74848e-08
-1.207279e-07
-5.188018e-08
-1.231563e-07
-2.593247e-08
-1.247837e-07
-1.246986e-07
-2.671263e-08
1.512764e-07
-5.343952e-08
1.513786e-07
-7.981005e-08
1.494016e-07
-1.056495e-07
1.464522e-07
-1.307891e-07
1.425604e-07
-1.550671e-07
1.377617e-07
-1.783305e-07
1.320987e-07
-2.004356e-07
1.256201e-07
-2.212492e-07
1.183796e-07
-2.406493e-07
1.104348e-07
-2.585251e-07
1.018461e-07
-2.747776e-07
9.267557e-08
-2.893191e-07
8.298637e-08
-3.020735e-07
7.284186e-08
-3.129757e-07
6.230511e-08
-3.219714e-07
5.143848e-08
-3.290167e-07
4.03034e-08
-3.340779e-07
2.896037e-08
-3.371309e-07
1.746897e-08
-3.381612e-07
5.888076e-09
-3.371638e-07
-5.723891e-09
-3.341429e-07
-1.730862e-08
-3.291124e-07
-2.880762e-08
-3.220955e-07
-4.016187e-08
-3.131253e-07
-5.131154e-08
-3.022452e-07
-6.219587e-08
-2.895088e-07
-7.275303e-08
-2.749808e-07
-8.292022e-08
-2.587369e-07
-9.263388e-08
-2.408646e-07
-1.018301e-07
-2.214627e-07
-1.104451e-07
-2.006419e-07
-1.184162e-07
-1.785245e-07
-1.256822e-07
-1.552438e-07
-1.321849e-07
-1.309439e-07
-1.378701e-07
-1.057785e-07
-1.426884e-07
-7.990986e-08
-1.465965e-07
-5.350749e-08
-1.495586e-07
-2.674699e-08
-1.515442e-07
-1.514456e-07
-2.770208e-08
1.789785e-07
-5.541617e-08
1.790927e-07
-8.27553e-08
1.767408e-07
-1.09536e-07
1.732329e-07
-1.355814e-07
1.686059e-07
-1.60723e-07
1.629032e-07
-1.848013e-07
1.56177e-07
-2.076679e-07
1.484867e-07
-2.291856e-07
1.398974e-07
-2.492296e-07
1.304788e-07
-2.676874e-07
1.203038e-07
-2.844587e-07
1.094469e-07
-2.994558e-07
9.798347e-08
-3.126027e-07
8.598883e-08
-3.238352e-07
7.353753e-08
-3.330996e-07
6.070293e-08
-3.403532e-07
4.755695e-08
-3.455629e-07
3.41701e-08
-3.487055e-07
2.061156e-08
-3.497669e-07
6.949486e-09
-3.487422e-07
-6.748589e-09
-3.456355e-07
-2.041532e-08
-3.4046e-07
-3.398311e-08
-3.332383e-07
-4.73836e-08
-3.240025e-07
-6.054735e-08
-3.127948e-07
-7.340351e-08
-2.996681e-07
-8.58797e-08
-2.846863e-07
-9.790204e-08
-2.679248e-07
-1.093954e-07
-2.494712e-07
-1.202838e-07
-2.294253e-07
-1.30491e-07
-2.078997e-07
-1.399418e-07
-1.850194e-07
-1.485625e-07
-1.609218e-07
-1.562826e-07
-1.357558e-07
-1.630361e-07
-1.096813e-07
-1.687628e-07
-8.286775e-08
-1.734101e-07
-5.549279e-08
-1.769336e-07
-2.774081e-08
-1.792962e-07
-1.791864e-07
-2.88793e-08
2.078578e-07
-5.776756e-08
2.07981e-07
-8.625796e-08
2.052312e-07
-1.141564e-07
2.011313e-07
-1.412763e-07
1.957258e-07
-1.674404e-07
1.890673e-07
-1.924822e-07
1.812188e-07
-2.162472e-07
1.722517e-07
-2.385941e-07
1.622442e-07
-2.593946e-07
1.512794e-07
-2.785343e-07
1.394436e-07
-2.959125e-07
1.26825e-07
-3.114412e-07
1.135122e-07
-3.250453e-07
9.95929e-08
-3.366614e-07
8.515371e-08
-3.462377e-07
7.027916e-08
-3.537324e-07
5.505173e-08
-3.591141e-07
3.955178e-08
-3.623604e-07
2.385783e-08
-3.634579e-07
8.046949e-09
-3.624018e-07
-7.804683e-09
-3.59196e-07
-2.362114e-08
-3.538529e-07
-3.932616e-08
-3.463941e-07
-5.484244e-08
-3.368502e-07
-7.009117e-08
-3.252622e-07
-8.499158e-08
-3.116812e-07
-9.946068e-08
-2.9617e-07
-1.134133e-07
-2.788032e-07
-1.267622e-07
-2.596682e-07
-1.394187e-07
-2.388658e-07
-1.512934e-07
-2.165104e-07
-1.622973e-07
-1.927299e-07
-1.723429e-07
-1.676664e-07
-1.813461e-07
-1.414746e-07
-1.892279e-07
-1.143218e-07
-1.959157e-07
-8.638605e-08
-2.013458e-07
-5.785485e-08
-2.054648e-07
-2.892344e-08
-2.082276e-07
-2.081098e-07
-3.025579e-08
2.381136e-07
-6.051644e-08
2.382416e-07
-9.035143e-08
2.350662e-07
-1.195537e-07
2.303336e-07
-1.479251e-07
2.240972e-07
-1.752781e-07
2.164203e-07
-2.014378e-07
2.073784e-07
-2.262428e-07
1.970567e-07
-2.495468e-07
1.855481e-07
-2.712183e-07
1.729509e-07
-2.911412e-07
1.593665e-07
-3.092141e-07
1.448979e-07
-3.253498e-07
1.296478e-07
-3.394744e-07
1.137175e-07
-3.515265e-07
9.720582e-08
-3.614562e-07
8.020883e-08
-3.692239e-07
6.28195e-08
-3.748e-07
4.512782e-08
-3.781634e-07
2.722125e-08
-3.793017e-07
9.185228e-09
-3.782103e-07
-8.896021e-09
-3.748928e-07
-2.693864e-08
-3.693607e-07
-4.485829e-08
-3.616338e-07
-6.25693e-08
-3.517411e-07
-7.998388e-08
-3.397211e-07
-9.701155e-08
-3.256231e-07
-1.135588e-07
-3.095075e-07
-1.295288e-07
-2.914479e-07
-1.448218e-07
-2.715308e-07
-1.593358e-07
-2.498575e-07
-1.729668e-07
-2.265439e-07
-1.856108e-07
-2.017216e-07
-1.971652e-07
-1.755373e-07
-2.075304e-07
-1.481527e-07
-2.166124e-07
-1.197437e-07
-2.243247e-07
-9.04986e-08
-2.305909e-07
-6.061677e-08
-2.353466e-07
-3.030654e-08
-2.385379e-07
-2.384164e-07
-3.184554e-08
2.699591e-07
-6.369046e-08
2.700865e-07
-9.507617e-08
2.664519e-07
-1.257801e-07
2.610375e-07
-1.555903e-07
2.539073e-07
-1.84307e-07
2.451371e-07
-2.117456e-07
2.34817e-07
-2.377371e-07
2.230482e-07
-2.621296e-07
2.099407e-07
-2.847885e-07
1.956098e-07
-3.055961e-07
1.801741e-07
-3.244512e-07
1.63753e-07
-3.412679e-07
1.464645e-07
-3.559747e-07
1.284243e-07
-3.685129e-07
1.09744e-07
-3.788356e-07
9.053156e-08
-3.869063e-07
7.08902e-08
-3.926977e-07
5.091921e-08
-3.961909e-07
3.071439e-08
-3.973745e-07
1.036882e-08
-3.962444e-07
-1.002608e-08
-3.928036e-07
-3.037939e-08
-3.870624e-07
-5.059954e-08
-3.790385e-07
-7.059321e-08
-3.687581e-07
-9.026423e-08
-3.562569e-07
-1.095128e-07
-3.415808e-07
-1.282349e-07
-3.247875e-07
-1.46322e-07
-3.05948e-07
-1.636613e-07
-2.851476e-07
-1.801362e-07
-2.62487e-07
-1.956273e-07
-2.380838e-07
-2.10014e-07
-2.120728e-07
-2.231762e-07
-1.846061e-07
-2.349971e-07
-1.558532e-07
-2.453653e-07
-1.259998e-07
-2.541781e-07
-9.524643e-08
-2.613442e-07
-6.38066e-08
-2.667865e-07
-3.19043e-08
-2.704402e-07
-2.703207e-07
-3.366544e-08
3.036246e-07
-6.732296e-08
3.03744e-07
-1.004809e-07
2.996098e-07
-1.328982e-07
2.934548e-07
-1.643462e-07
2.853553e-07
-1.946115e-07
2.754024e-07
-2.234977e-07
2.637032e-07
-2.508276e-07
2.503781e-07
-2.764435e-07
2.355566e-07
-3.002076e-07
2.193739e-07
-3.220015e-07
2.01968e-07
-3.417248e-07
1.834764e-07
-3.592944e-07
1.640341e-07
-3.746422e-07
1.437721e-07
-3.877137e-07
1.228156e-07
-3.984663e-07
1.012841e-07
-4.068674e-07
7.929128e-08
-4.128932e-07
5.694503e-08
-4.165275e-07
3.434864e-08
-4.177605e-07
1.160184e-08
-4.165887e-07
-1.119786e-08
-4.130144e-07
-3.395364e-08
-4.070461e-07
-5.656787e-08
-3.986988e-07
-7.894055e-08
-3.87995e-07
-1.00968e-07
-3.749663e-07
-1.225416e-07
-3.59654e-07
-1.435471e-07
-3.421119e-07
-1.638642e-07
-3.22407e-07
-1.833662e-07
-3.00622e-07
-2.019213e-07
-2.768565e-07
-2.193928e-07
-2.512288e-07
-2.356416e-07
-2.238768e-07
-2.505282e-07
-1.949584e-07
-2.639155e-07
-1.646516e-07
-2.756722e-07
-1.331535e-07
-2.856762e-07
-1.00679e-07
-2.938187e-07
-6.745816e-08
-3.000073e-07
-3.373387e-08
-3.041644e-07
-3.040545e-07
-3.573583e-08
3.393604e-07
-7.145406e-08
3.394623e-07
-1.066241e-07
3.347798e-07
-1.409827e-07
3.278134e-07
-1.742819e-07
3.186545e-07
-2.062916e-07
3.074121e-07
-2.368028e-07
2.942144e-07
-2.656288e-07
2.792041e-07
-2.926061e-07
2.625339e-07
-3.175943e-07
2.443621e-07
-3.404749e-07
2.248486e-07
-3.611503e-07
2.041517e-07
-3.795411e-07
1.82425e-07
-3.955848e-07
1.598157e-07
-4.092326e-07
1.364634e-07
-4.204478e-07
1.124993e-07
-4.292033e-07
8.804678e-08
-4.354799e-07
6.32217e-08
-4.39265e-07
3.813375e-08
-4.405511e-07
1.288791e-08
-4.393353e-07
-1.241371e-08
-4.35619e-07
-3.766992e-08
-4.294084e-07
-6.277849e-08
-4.207148e-07
-8.763414e-08
-4.09556e-07
-1.121267e-07
-3.959578e-07
-1.361398e-07
-3.799556e-07
-1.595492e-07
-3.61597e-07
-1.822227e-07
-3.409437e-07
-2.040195e-07
-3.180741e-07
-2.24791e-07
-2.930851e-07
-2.443817e-07
-2.660949e-07
-2.626318e-07
-2.372439e-07
-2.793793e-07
-2.066959e-07
-2.944636e-07
-1.746381e-07
-3.077299e-07
-1.412809e-07
-3.190334e-07
-1.068556e-07
-3.28244e-07
-7.16122e-08
-3.352507e-07
-3.58159e-08
-3.399608e-07
-3.398704e-07
-3.808121e-08
3.774416e-07
-7.613198e-08
3.77513e-07
-1.135759e-07
3.722237e-07
-1.501233e-07
3.643609e-07
-1.855031e-07
3.540343e-07
-2.194663e-07
3.413753e-07
-2.517892e-07
3.265373e-07
-2.82275e-07
3.096899e-07
-3.107544e-07
2.910133e-07
-3.370854e-07
2.70693e-07
-3.61151e-07
2.489143e-07
-3.82858e-07
2.258587e-07
-4.021334e-07
2.017004e-07
-4.18922e-07
1.766043e-07
-4.331832e-07
1.507246e-07
-4.448884e-07
1.242044e-07
-4.540177e-07
9.717607e-08
-4.605582e-07
6.976217e-08
-4.645017e-07
4.207729e-08
-4.658437e-07
1.422994e-08
-4.645823e-07
-1.367515e-08
-4.607178e-07
-4.153441e-08
-4.542533e-07
-6.924297e-08
-4.451954e-07
-9.669204e-08
-4.335556e-07
-1.237666e-07
-4.193519e-07
-1.503434e-07
-4.026119e-07
-1.762892e-07
-3.833747e-07
-2.0146e-07
-3.616942e-07
-2.257e-07
-3.376423e-07
-2.488429e-07
-3.113115e-07
-2.707126e-07
-2.82818e-07
-2.911253e-07
-2.52304e-07
-3.098932e-07
-2.19939e-07
-3.268287e-07
-1.859203e-07
-3.417486e-07
-1.50473e-07
-3.544807e-07
-1.138477e-07
-3.648692e-07
-7.631773e-08
-3.727807e-07
-3.81753e-08
-3.781032e-07
-3.780457e-07
-4.073114e-08
4.181728e-07
-8.141487e-08
4.181968e-07
-1.214207e-07
4.122296e-07
-1.604274e-07
4.033675e-07
-1.981363e-07
3.917433e-07
-2.342765e-07
3.775155e-07
-2.686078e-07
3.608686e-07
-3.009228e-07
3.420049e-07
-3.310471e-07
3.211377e-07
-3.588382e-07
2.984841e-07
-3.84183e-07
2.742591e-07
-4.069951e-07
2.486707e-07
-4.272107e-07
2.219161e-07
-4.447854e-07
1.941789e-07
-4.596894e-07
1.656287e-07
-4.719046e-07
1.364197e-07
-4.81421e-07
1.066924e-07
-4.882335e-07
7.657473e-08
-4.923403e-07
4.6184e-08
-4.937402e-07
1.562992e-08
-4.924327e-07
-1.498264e-08
-4.884169e-07
-4.55503e-08
-4.816918e-07
-7.596807e-08
-4.722578e-07
-1.06126e-07
-4.601182e-07
-1.359062e-07
-4.452814e-07
-1.651802e-07
-4.277638e-07
-1.938068e-07
-4.075934e-07
-2.216304e-07
-3.848133e-07
-2.484801e-07
-3.594858e-07
-2.741705e-07
-3.316963e-07
-2.98502e-07
-3.01557e-07
-3.212645e-07
-2.692103e-07
-3.4224e-07
-2.348307e-07
-3.612083e-07
-1.986263e-07
-3.77953e-07
-1.608386e-07
-3.922684e-07
-1.217408e-07
-4.039671e-07
-8.163385e-08
-4.128877e-07
-4.084212e-08
-4.188949e-07
-4.188879e-07
-4.372147e-08
4.618942e-07
-8.737306e-08
4.618484e-07
-1.302603e-07
4.551168e-07
-1.720236e-07
4.451309e-07
-2.123322e-07
4.320518e-07
-2.508894e-07
4.160727e-07
-2.874367e-07
3.974159e-07
-3.217559e-07
3.76324e-07
-3.536683e-07
3.5305e-07
-3.830332e-07
3.27849e-07
-4.097445e-07
3.009704e-07
-4.337261e-07
2.726524e-07
-4.549275e-07
2.431175e-07
-4.733184e-07
2.125698e-07
-4.888839e-07
1.811941e-07
-5.016198e-07
1.491556e-07
-5.115285e-07
1.166011e-07
-5.186154e-07
8.366168e-08
-5.228863e-07
5.045489e-08
-5.24345e-07
1.708863e-08
-5.229924e-07
-1.633528e-08
-5.188258e-07
-4.971693e-08
-5.118394e-07
-8.295438e-08
-5.020259e-07
-1.159395e-07
-4.893777e-07
-1.485544e-07
-4.738907e-07
-1.806673e-07
-4.555669e-07
-2.121306e-07
-4.344193e-07
-2.427779e-07
-4.104765e-07
-2.72423e-07
-3.837872e-07
-3.008598e-07
-3.54426e-07
-3.278632e-07
-3.22498e-07
-3.531924e-07
-2.881435e-07
-3.765945e-07
-2.515409e-07
-3.978109e-07
-2.129094e-07
-4.165845e-07
-1.72509e-07
-4.326688e-07
-1.306386e-07
-4.458375e-07
-8.763214e-08
-4.558941e-07
-4.385286e-08
-4.626742e-07
-4.627407e-07
-4.709585e-08
5.089901e-07
-9.409208e-08
5.088446e-07
-1.40218e-07
5.012427e-07
-1.850677e-07
4.899806e-07
-2.28272e-07
4.752561e-07
-2.695044e-07
4.573051e-07
-3.084865e-07
4.36398e-07
-3.44989e-07
4.128265e-07
-3.788311e-07
3.868921e-07
-4.098772e-07
3.588951e-07
-4.38032e-07
3.291252e-07
-4.632349e-07
2.978552e-07
-4.854532e-07
2.653358e-07
-5.046761e-07
2.317927e-07
-5.209079e-07
1.97426e-07
-5.341626e-07
1.624103e-07
-5.444586e-07
1.268971e-07
-5.518145e-07
9.101759e-08
-5.562458e-07
5.488622e-08
-5.577625e-07
1.860528e-08
-5.563673e-07
-1.773049e-08
-5.520554e-07
-5.402873e-08
-5.448152e-07
-9.019463e-08
-5.34629e-07
-1.261257e-07
-5.214761e-07
-1.617073e-07
-5.053359e-07
-1.968075e-07
-4.861921e-07
-2.312744e-07
-4.640381e-07
-2.649319e-07
-4.388825e-07
-2.975786e-07
-4.107557e-07
-3.289865e-07
-3.797166e-07
-3.589024e-07
-3.458588e-07
-3.870502e-07
-3.093172e-07
-4.131362e-07
-2.702722e-07
-4.368558e-07
-2.289539e-07
-4.579028e-07
-1.856423e-07
-4.759803e-07
-1.406666e-07
-4.908132e-07
-9.439968e-08
-5.02161e-07
-4.725197e-08
-5.098219e-07
-5.099927e-07
-5.090785e-08
5.598979e-07
-1.016766e-07
5.596133e-07
-1.514441e-07
5.510102e-07
-1.997483e-07
5.382849e-07
-2.461739e-07
5.216816e-07
-2.903601e-07
5.014914e-07
-3.320067e-07
4.780446e-07
-3.708745e-07
4.516942e-07
-4.067833e-07
4.228009e-07
-4.396072e-07
3.91719e-07
-4.692676e-07
3.587857e-07
-4.957256e-07
3.243132e-07
-5.18973e-07
2.885832e-07
-5.390244e-07
2.518442e-07
-5.559094e-07
2.143109e-07
-5.69665e-07
1.761659e-07
-5.8033e-07
1.375621e-07
-5.879397e-07
9.862725e-08
-5.925217e-07
5.946826e-08
-5.940935e-07
2.01771e-08
-5.926605e-07
-1.916356e-08
-5.882152e-07
-5.847401e-08
-5.807383e-07
-9.767158e-08
-5.701998e-07
-1.366643e-07
-5.565622e-07
-1.753449e-07
-5.397842e-07
-2.135855e-07
-5.198262e-07
-2.512324e-07
-4.966559e-07
-2.881023e-07
-4.702558e-07
-3.239787e-07
-4.406313e-07
-3.58611e-07
-4.078191e-07
-3.917147e-07
-3.718954e-07
-4.229738e-07
-3.329849e-07
-4.520467e-07
-2.912671e-07
-4.785737e-07
-2.469816e-07
-5.021883e-07
-2.004307e-07
-5.225312e-07
-1.519779e-07
-5.39266e-07
-1.020432e-07
-5.520957e-07
-5.109406e-08
-5.60771e-07
-5.610867e-07
-5.52237e-08
6.151216e-07
-1.102557e-07
6.146454e-07
-1.641234e-07
6.048779e-07
-2.162958e-07
5.904573e-07
-2.663024e-07
5.716882e-07
-3.137431e-07
5.489322e-07
-3.582944e-07
5.225959e-07
-3.997091e-07
4.931089e-07
-4.378123e-07
4.609042e-07
-4.724945e-07
4.264012e-07
-5.037016e-07
3.899928e-07
-5.314244e-07
3.52036e-07
-5.556877e-07
3.128464e-07
-5.765394e-07
2.726959e-07
-5.940411e-07
2.318127e-07
-6.082596e-07
1.903843e-07
-6.192588e-07
1.485614e-07
-6.270947e-07
1.064632e-07
-6.318102e-07
6.418374e-08
-6.334319e-07
2.17988e-08
-6.319682e-07
-2.062721e-08
-6.274088e-07
-6.303345e-08
-6.197248e-07
-1.053556e-07
-6.088712e-07
-1.475179e-07
-5.947895e-07
-1.894265e-07
-5.774128e-07
-2.309621e-07
-5.566716e-07
-2.719736e-07
-5.325009e-07
-3.122729e-07
-5.048494e-07
-3.516302e-07
-4.736887e-07
-3.897716e-07
-4.390248e-07
-4.263785e-07
-4.009089e-07
-4.610897e-07
-3.594485e-07
-4.935072e-07
-3.14817e-07
-5.232051e-07
-2.672619e-07
-5.497434e-07
-2.171088e-07
-5.726844e-07
-1.647609e-07
-5.916138e-07
-1.106943e-07
-6.061624e-07
-5.544672e-08
-6.160186e-07
-6.165335e-07
-6.012596e-08
6.752476e-07
-1.1999e-07
6.745094e-07
-1.784844e-07
6.633723e-07
-2.349934e-07
6.469663e-07
-2.889802e-07
6.25675e-07
-3.399998e-07
5.999518e-07
-3.877046e-07
5.703007e-07
-4.318432e-07
5.372474e-07
-4.722531e-07
5.013141e-07
-5.088503e-07
4.629984e-07
-5.416156e-07
4.227581e-07
-5.705806e-07
3.81001e-07
-5.958134e-07
3.380792e-07
-6.17405e-07
2.942875e-07
-6.354579e-07
2.498656e-07
-6.500755e-07
2.050019e-07
-6.613534e-07
1.598393e-07
-6.693729e-07
1.144826e-07
-6.741952e-07
6.900609e-08
-6.758584e-07
2.346196e-08
-6.743746e-07
-2.211099e-08
-6.697297e-07
-6.767837e-08
-6.618836e-07
-1.132016e-07
-6.507728e-07
-1.586288e-07
-6.363134e-07
-2.03886e-07
-6.184067e-07
-2.488688e-07
-5.969459e-07
-2.934344e-07
-5.718247e-07
-3.373941e-07
-5.429477e-07
-3.805072e-07
-5.102425e-07
-4.224768e-07
-4.736732e-07
-4.629478e-07
-4.33255e-07
-5.01508e-07
-3.890687e-07
-5.376935e-07
-3.412745e-07
-5.709992e-07
-2.901237e-07
-6.008942e-07
-2.359655e-07
-6.268426e-07
-1.792489e-07
-6.483305e-07
-1.20517e-07
-6.648943e-07
-6.039431e-08
-6.761413e-07
-6.769278e-07
-6.571867e-08
7.409663e-07
-1.310808e-07
7.398716e-07
-1.948125e-07
7.27104e-07
-2.561923e-07
7.083461e-07
-3.146038e-07
6.840865e-07
-3.69551e-07
6.54899e-07
-4.206634e-07
6.21413e-07
-4.676915e-07
5.842755e-07
-5.104958e-07
5.441184e-07
-5.490306e-07
5.015332e-07
-5.833258e-07
4.570533e-07
-6.134675e-07
4.111428e-07
-6.395805e-07
3.641921e-07
-6.618109e-07
3.165179e-07
-6.803125e-07
2.683672e-07
-6.95234e-07
2.199234e-07
-7.067098e-07
1.71315e-07
-7.148514e-07
1.226243e-07
-7.197427e-07
7.389739e-08
-7.214351e-07
2.515432e-08
-7.199454e-07
-2.360069e-08
-7.15255e-07
-7.23688e-08
-7.073105e-07
-1.211461e-07
-6.960261e-07
-1.699132e-07
-6.812872e-07
-2.186249e-07
-6.629564e-07
-2.671996e-07
-6.40881e-07
-3.155099e-07
-6.149027e-07
-3.633724e-07
-5.848701e-07
-4.105398e-07
-5.506531e-07
-4.566938e-07
-5.121597e-07
-5.014412e-07
-4.693546e-07
-5.443131e-07
-4.222786e-07
-5.847694e-07
-3.710681e-07
-6.222098e-07
-3.159711e-07
-6.559912e-07
-2.573593e-07
-6.854544e-07
-1.957334e-07
-7.099565e-07
-1.317173e-07
-7.289103e-07
-6.604325e-08
-7.418153e-07
-7.42971e-07
-7.213428e-08
8.131005e-07
-1.437839e-07
8.115212e-07
-2.134672e-07
7.967873e-07
-2.80331e-07
7.752099e-07
-3.436632e-07
7.474187e-07
-4.02911e-07
7.141468e-07
-4.576843e-07
6.761863e-07
-5.077463e-07
6.343375e-07
-5.529957e-07
5.893677e-07
-5.93443e-07
5.419805e-07
-6.291857e-07
4.927959e-07
-6.603827e-07
4.423398e-07
-6.872317e-07
3.910411e-07
-7.099487e-07
3.392349e-07
-7.287507e-07
2.871692e-07
-7.438423e-07
2.35015e-07
-7.554038e-07
1.828766e-07
-7.635839e-07
1.308044e-07
-7.684926e-07
7.880606e-08
-7.701972e-07
2.685898e-08
-7.687203e-07
-2.507767e-08
-7.640379e-07
-7.705117e-08
-7.560811e-07
-1.291029e-07
-7.447377e-07
-1.812566e-07
-7.298566e-07
-2.33506e-07
-7.112538e-07
-2.858024e-07
-6.887206e-07
-3.380431e-07
-6.620345e-07
-3.900585e-07
-6.309734e-07
-4.416009e-07
-5.953326e-07
-4.923346e-07
-5.549456e-07
-5.418283e-07
-5.097075e-07
-5.895512e-07
-4.596008e-07
-6.348761e-07
-4.047217e-07
-6.770889e-07
-3.45304e-07
-7.154089e-07
-2.817384e-07
-7.4902e-07
-2.145822e-07
-7.771126e-07
-1.445568e-07
-7.989358e-07
-7.252922e-08
-8.138429e-07
-8.155002e-07
-7.954349e-08
8.92644e-07
-1.584269e-07
8.904045e-07
-2.349064e-07
8.732669e-07
-3.079628e-07
8.482663e-07
-3.767691e-07
8.16225e-07
-4.407117e-07
7.780895e-07
-4.99389e-07
7.348635e-07
-5.525935e-07
6.875421e-07
-6.002843e-07
6.370585e-07
-6.425529e-07
5.842492e-07
-6.795889e-07
5.298319e-07
-7.11647e-07
4.74398e-07
-7.390184e-07
4.184125e-07
-7.62006e-07
3.622225e-07
-7.809042e-07
3.060674e-07
-7.959844e-07
2.500951e-07
-8.074829e-07
1.943752e-07
-8.155914e-07
1.389128e-07
-8.204502e-07
8.366489e-08
-8.22145e-07
2.855377e-08
-8.207043e-07
-2.651838e-08
-8.160987e-07
-8.165675e-08
-8.082416e-07
-1.3696e-07
-7.969907e-07
-1.925074e-07
-7.821523e-07
-2.483444e-07
-7.634864e-07
-3.044684e-07
-7.407166e-07
-3.608129e-07
-7.135427e-07
-4.172324e-07
-6.816541e-07
-4.734894e-07
-6.447511e-07
-5.292376e-07
-6.025691e-07
-5.840103e-07
-5.549083e-07
-6.372119e-07
-5.016676e-07
-6.881168e-07
-4.428796e-07
-7.358768e-07
-3.787464e-07
-7.795421e-07
-3.096686e-07
-8.180978e-07
-2.362644e-07
-8.505168e-07
-1.593717e-07
-8.758285e-07
-8.002738e-08
-8.931872e-07
-8.955276e-07
-8.816933e-08
9.808133e-07
-1.754356e-07
9.776708e-07
-2.597195e-07
9.575508e-07
-3.397914e-07
9.283382e-07
-4.146882e-07
8.911218e-07
-4.837345e-07
8.471357e-07
-5.465325e-07
7.976615e-07
-6.029309e-07
7.439405e-07
-6.529812e-07
6.871088e-07
-6.968897e-07
6.281576e-07
-7.349702e-07
5.679125e-07
-7.676024e-07
5.070301e-07
-7.95195e-07
4.460051e-07
-8.181566e-07
3.851841e-07
-8.36878e-07
3.247888e-07
-8.517112e-07
2.649283e-07
-8.629563e-07
2.056203e-07
-8.708535e-07
1.4681e-07
-8.755773e-07
8.838871e-08
-8.772338e-07
3.02103e-08
-8.758586e-07
-2.789358e-08
-8.714161e-07
-8.609923e-08
-8.638e-07
-1.445761e-07
-8.528346e-07
-2.034728e-07
-8.382778e-07
-2.629012e-07
-8.198262e-07
-3.2292e-07
-7.971228e-07
-3.835162e-07
-7.697699e-07
-4.445853e-07
-7.373498e-07
-5.059096e-07
-6.99443e-07
-5.671445e-07
-6.556575e-07
-6.277958e-07
-6.056656e-07
-6.872038e-07
-5.492474e-07
-7.445351e-07
-4.863387e-07
-7.987855e-07
-4.170818e-07
-8.48799e-07
-3.418707e-07
-8.933089e-07
-2.613846e-07
-9.310029e-07
-1.765993e-07
-9.606137e-07
-8.876701e-08
-9.810196e-07
-9.842946e-07
-9.830762e-08
1.079121e-06
-1.953705e-07
1.074734e-06
-2.886741e-07
1.050854e-06
-3.767214e-07
1.016385e-06
-4.583902e-07
9.727907e-07
-5.3295e-07
9.216955e-07
-6.000349e-07
8.647465e-07
-6.595906e-07
8.034961e-07
-7.118073e-07
7.393256e-07
-7.57052e-07
6.734023e-07
-7.958048e-07
6.066653e-07
-8.286035e-07
5.398288e-07
-8.560028e-07
4.734044e-07
-8.785484e-07
4.077297e-07
-8.967435e-07
3.429839e-07
-9.110313e-07
2.792162e-07
-9.21784e-07
2.16373e-07
-9.292958e-07
1.543217e-07
-9.337788e-07
9.28718e-08
-9.353616e-07
3.17931e-08
-9.340875e-07
-2.916777e-08
-9.299141e-07
-9.027256e-08
-9.227141e-07
-1.517762e-07
-9.12275e-07
-2.139119e-07
-8.983016e-07
-2.768746e-07
-8.804188e-07
-3.408027e-07
-8.581785e-07
-4.057565e-07
-8.3107e-07
-4.716938e-07
-7.985372e-07
-5.384424e-07
-7.600116e-07
-6.056701e-07
-7.149398e-07
-6.728676e-07
-6.628234e-07
-7.393202e-07
-6.032763e-07
-8.040823e-07
-5.360895e-07
-8.659723e-07
-4.613024e-07
-9.235861e-07
-3.792723e-07
-9.75339e-07
-2.907315e-07
-1.019544e-06
-1.968164e-07
-1.054529e-06
-9.905287e-08
-1.078783e-06
-1.083348e-06
-1.103577e-07
1.189479e-06
-2.189806e-07
1.183357e-06
-3.227829e-07
1.154657e-06
-4.199268e-07
1.113529e-06
-5.091107e-07
1.061975e-06
-5.895697e-07
1.002154e-06
-6.610187e-07
9.361955e-07
-7.235629e-07
8.660402e-07
-7.775973e-07
7.9336e-07
-8.237108e-07
7.195158e-07
-8.625977e-07
6.455523e-07
-8.949995e-07
5.722306e-07
-9.21664e-07
5.00069e-07
-9.432943e-07
4.2936e-07
-9.605225e-07
3.60212e-07
-9.738944e-07
2.925881e-07
-9.838613e-07
2.263399e-07
-9.907757e-07
1.612361e-07
-9.948899e-07
9.698599e-08
-9.963557e-07
3.325891e-08
-9.952246e-07
-3.029882e-08
-9.914479e-07
-9.404929e-08
-9.848759e-07
-1.583481e-07
-9.752579e-07
-2.235299e-07
-9.622412e-07
-2.898913e-07
-9.453727e-07
-3.576712e-07
-9.241021e-07
-4.270271e-07
-8.977897e-07
-4.980063e-07
-8.657208e-07
-5.705112e-07
-8.271314e-07
-6.442595e-07
-7.812589e-07
-7.187401e-07
-7.273858e-07
-7.931933e-07
-6.648966e-07
-8.665715e-07
-5.933689e-07
-9.374999e-07
-5.126735e-07
-1.004281e-06
-4.230791e-07
-1.064933e-06
-3.253475e-07
-1.117275e-06
-2.207954e-07
-1.159081e-06
-1.112973e-07
-1.188281e-06
-1.194645e-06
-1.248694e-07
1.314348e-06
-2.472834e-07
1.305771e-06
-3.634e-07
1.270773e-06
-4.709475e-07
1.221077e-06
-5.684352e-07
1.159462e-06
-6.551118e-07
1.088831e-06
-7.308545e-07
1.011938e-06
-7.96023e-07
9.312088e-07
-8.513095e-07
8.486465e-07
-8.975972e-07
7.658035e-07
-9.358647e-07
6.838199e-07
-9.671296e-07
6.034955e-07
-9.923631e-07
5.253024e-07
-1.01245e-06
4.494471e-07
-1.028168e-06
3.759295e-07
-1.040173e-06
3.045937e-07
-1.049002e-06
2.351687e-07
-1.055067e-06
1.673008e-07
-1.05866e-06
1.005793e-07
-1.059957e-06
3.455616e-08
-1.059018e-06
-3.123782e-08
-1.055788e-06
-9.727968e-08
-1.050095e-06
-1.64041e-07
-1.04165e-06
-2.319748e-07
-1.030043e-06
-3.014989e-07
-1.014737e-06
-3.72977e-07
-9.950717e-07
-4.466923e-07
-9.70263e-07
-5.22815e-07
-9.394135e-07
-6.013608e-07
-9.015337e-07
-6.821394e-07
-8.555807e-07
-7.646931e-07
-8.005429e-07
-8.48231e-07
-7.355022e-07
-9.316122e-07
-6.597271e-07
-1.013275e-06
-5.728202e-07
-1.091188e-06
-4.748746e-07
-1.162879e-06
-3.666293e-07
-1.225521e-06
-2.495883e-07
-1.276122e-06
-1.2607e-07
-1.311799e-06
-1.320715e-06
-1.426184e-07
1.456966e-06
-2.816861e-07
1.444838e-06
-4.123626e-07
1.40145e-06
-5.318237e-07
1.340538e-06
-6.384112e-07
1.26605e-06
-7.314824e-07
1.181902e-06
-8.112122e-07
1.091668e-06
-8.783562e-07
9.983527e-07
-9.34019e-07
9.043093e-07
-9.794816e-07
8.112661e-07
-1.016127e-06
7.204648e-07
-1.045295e-06
6.326637e-07
-1.068219e-06
5.482264e-07
-1.085989e-06
4.672173e-07
-1.099539e-06
3.894796e-07
-1.109643e-06
3.14698e-07
-1.116921e-06
2.424461e-07
-1.121842e-06
1.722224e-07
-1.124739e-06
1.034759e-07
-1.125808e-06
3.562483e-08
-1.125116e-06
-3.192939e-08
-1.122604e-06
-9.979203e-08
-1.11808e-06
-1.685646e-07
-1.11122e-06
-2.388347e-07
-1.101557e-06
-3.111619e-07
-1.088474e-06
-3.8606e-07
-1.071196e-06
-4.63971e-07
-1.048781e-06
-5.45229e-07
-1.020129e-06
-6.300128e-07
-9.839868e-07
-7.18282e-07
-9.389833e-07
-8.096966e-07
-8.836952e-07
-9.035191e-07
-8.167906e-07
-9.985168e-07
-7.371108e-07
-1.092955e-06
-6.438425e-07
-1.184457e-06
-5.367599e-07
-1.269962e-06
-4.164759e-07
-1.345805e-06
-2.846539e-07
-1.407944e-06
-1.441773e-07
-1.452276e-06
-1.464892e-06
-1.647303e-07
1.621697e-06
-3.241728e-07
1.604281e-06
-4.722017e-07
1.549479e-06
-6.052865e-07
1.473623e-06
-7.216967e-07
1.38246e-06
-8.210769e-07
1.281282e-06
-9.041184e-07
1.174709e-06
-9.721667e-07
1.066401e-06
-1.026888e-06
9.590307e-07
-1.070167e-06
8.545445e-07
-1.103868e-06
7.541665e-07
-1.129719e-06
6.585141e-07
-1.149248e-06
5.677555e-07
-1.163768e-06
4.81738e-07
-1.174376e-06
4.00087e-07
-1.181958e-06
3.222799e-07
-1.187211e-06
2.47699e-07
-1.190656e-06
1.756683e-07
-1.192658e-06
1.054774e-07
-1.19343e-06
3.639693e-08
-1.193047e-06
-3.23126e-08
-1.191444e-06
-1.013948e-07
-1.188417e-06
-1.715922e-07
-1.183611e-06
-2.436407e-07
-1.176511e-06
-3.18261e-07
-1.166428e-06
-3.961434e-07
-1.152475e-06
-4.779243e-07
-1.133553e-06
-5.641506e-07
-1.10834e-06
-6.55226e-07
-1.075285e-06
-7.513371e-07
-1.032629e-06
-8.523524e-07
-9.784577e-07
-9.576904e-07
-9.108184e-07
-1.066156e-06
-8.279653e-07
-1.175808e-06
-7.284685e-07
-1.283954e-06
-6.115519e-07
-1.386878e-06
-4.775094e-07
-1.479847e-06
-3.280555e-07
-1.557398e-06
-1.667938e-07
-1.613538e-06
-1.631686e-06
-1.928927e-07
1.814589e-06
-3.775997e-07
1.788988e-06
-5.464605e-07
1.718339e-06
-6.950258e-07
1.622188e-06
-8.217549e-07
1.509189e-06
-9.268999e-07
1.386427e-06
-1.012005e-06
1.259815e-06
-1.079236e-06
1.133632e-06
-1.131165e-06
1.010959e-06
-1.17043e-06
8.938094e-07
-1.199483e-06
7.832195e-07
-1.220493e-06
6.79525e-07
-1.235316e-06
5.825778e-07
-1.245489e-06
4.919116e-07
-1.252262e-06
4.068597e-07
-1.256621e-06
3.266386e-07
-1.259323e-06
2.504015e-07
-1.260928e-06
1.772732e-07
-1.261818e-06
1.063675e-07
-1.262219e-06
3.679776e-08
-1.262209e-06
-3.232266e-08
-1.261723e-06
-1.018809e-07
-1.260548e-06
-1.72767e-07
-1.258314e-06
-2.458746e-07
-1.254474e-06
-3.221008e-07
-1.248281e-06
-4.023367e-07
-1.238754e-06
-4.874512e-07
-1.224648e-06
-5.782571e-07
-1.204416e-06
-6.75458e-07
-1.176187e-06
-7.795661e-07
-1.137756e-06
-8.907826e-07
-1.086617e-06
-1.00883e-06
-1.020047e-06
-1.132726e-06
-9.353549e-07
-1.2605e-06
-8.302535e-07
-1.389055e-06
-7.030614e-07
-1.51407e-06
-5.534095e-07
-1.629499e-06
-3.827731e-07
-1.728034e-06
-1.9569e-07
-1.800621e-06
-1.827376e-06
-2.297345e-07
2.044324e-06
-4.461691e-07
2.005423e-06
-6.401815e-07
1.912352e-06
-8.06067e-07
1.788074e-06
-9.431066e-07
1.646229e-06
-1.052698e-06
1.496019e-06
-1.137671e-06
1.344788e-06
-1.201533e-06
1.197494e-06
-1.2481e-06
1.057526e-06
-1.280938e-06
9.266474e-07
-1.303188e-06
8.054695e-07
-1.317507e-06
6.93844e-07
-1.326077e-06
5.911478e-07
-1.330647e-06
4.964814e-07
-1.332589e-06
4.088022e-07
-1.332959e-06
3.270088e-07
-1.332548e-06
2.499898e-07
-1.331926e-06
1.766511e-07
-1.331479e-06
1.059207e-07
-1.331431e-06
3.674941e-08
-1.331859e-06
-3.189468e-08
-1.332701e-06
-1.010382e-07
-1.333752e-06
-1.71716e-07
-1.334643e-06
-2.449841e-07
-1.334818e-06
-3.219256e-07
-1.333503e-06
-4.036513e-07
-1.329658e-06
-4.912966e-07
-1.321919e-06
-5.859962e-07
-1.308539e-06
-6.888377e-07
-1.287326e-06
-8.007792e-07
-1.255592e-06
-9.225173e-07
-1.210135e-06
-1.054287e-06
-1.147289e-06
-1.195572e-06
-1.063095e-06
-1.344694e-06
-9.538377e-07
-1.498312e-06
-8.164842e-07
-1.651424e-06
-6.49426e-07
-1.796557e-06
-4.532068e-07
-1.924253e-06
-2.336386e-07
-2.020189e-06
-2.061015e-06
-2.795045e-07
2.323828e-06
-5.361953e-07
2.262113e-06
-7.606541e-07
2.13681e-06
-9.452946e-07
1.972714e-06
-1.091633e-06
1.792567e-06
-1.203011e-06
1.607396e-06
-1.284288e-06
1.426065e-06
-1.341104e-06
1.25431e-06
-1.378819e-06
1.095241e-06
-1.402118e-06
9.49947e-07
-1.41491e-06
8.182606e-07
-1.420343e-06
6.992772e-07
-1.420895e-06
5.916995e-07
-1.418471e-06
4.94058e-07
-1.414515e-06
4.04846e-07
-1.4101e-06
3.225934e-07
-1.406007e-06
2.458971e-07
-1.40278e-06
1.734242e-07
-1.400776e-06
1.039169e-07
-1.400201e-06
3.617456e-08
-1.401129e-06
-3.096747e-08
-1.403504e-06
-9.866253e-08
-1.407142e-06
-1.680778e-07
-1.411707e-06
-2.404194e-07
-1.416678e-06
-3.169548e-07
-1.421297e-06
-3.990325e-07
-1.424513e-06
-4.880803e-07
-1.424906e-06
-5.856031e-07
-1.420585e-06
-6.931589e-07
-1.409076e-06
-8.12288e-07
-1.38721e-06
-9.443833e-07
-1.351025e-06
-1.090472e-06
-1.295727e-06
-1.250869e-06
-1.215776e-06
-1.424646e-06
-1.105252e-06
-1.608836e-06
-9.589431e-07
-1.797732e-06
-7.731669e-07
-1.982333e-06
-5.459943e-07
-2.151426e-06
-2.851511e-07
-2.281032e-06
-2.346166e-06
-3.495523e-07
2.673381e-06
-6.574335e-07
2.569995e-06
-9.185887e-07
2.397966e-06
-1.122168e-06
2.176294e-06
-1.274923e-06
1.945322e-06
-1.383103e-06
1.715577e-06
-1.455289e-06
1.498251e-06
-1.499864e-06
1.298885e-06
-1.524103e-06
1.11948e-06
-1.533959e-06
9.598029e-07
-1.534116e-06
8.18417e-07
-1.528153e-06
6.933145e-07
-1.518748e-06
5.822945e-07
-1.507867e-06
4.831766e-07
-1.496938e-06
3.939171e-07
-1.486969e-06
3.126247e-07
-1.478653e-06
2.375809e-07
-1.472458e-06
1.672297e-07
-1.468687e-06
1.001459e-07
-1.467511e-06
3.499871e-08
-1.468993e-06
-2.948596e-08
-1.473092e-06
-9.456378e-08
-1.479659e-06
-1.615104e-07
-1.488419e-06
-2.316599e-07
-1.498929e-06
-3.064442e-07
-1.510531e-06
-3.87431e-07
-1.522252e-06
-4.763588e-07
-1.532701e-06
-5.751539e-07
-1.539948e-06
-6.859126e-07
-1.541341e-06
-8.108948e-07
-1.533307e-06
-9.524168e-07
-1.51113e-06
-1.112649e-06
-1.468755e-06
-1.293244e-06
-1.398704e-06
-1.494697e-06
-1.292243e-06
-1.715298e-06
-1.140222e-06
-1.949753e-06
-9.358316e-07
-2.186724e-06
-6.714171e-07
-2.41584e-06
-3.580535e-07
-2.594396e-06
-2.704219e-06
-4.515721e-07
3.124953e-06
-8.244541e-07
2.942877e-06
-1.129723e-06
2.703235e-06
-1.349614e-06
2.396184e-06
-1.502201e-06
2.097909e-06
-1.598987e-06
1.812362e-06
-1.654048e-06
1.553313e-06
-1.679241e-06
1.324078e-06
-1.684055e-06
1.124294e-06
-1.675729e-06
9.514776e-07
-1.6596e-06
8.022875e-07
-1.639503e-06
6.732172e-07
-1.61814e-06
5.609323e-07
-1.597388e-06
4.624242e-07
-1.578488e-06
3.750167e-07
-1.562258e-06
2.96395e-07
-1.549235e-06
2.245576e-07
-1.53976e-06
1.577553e-07
-1.534045e-06
9.443023e-08
-1.532204e-06
3.315774e-08
-1.534282e-06
-2.740817e-08
-1.540258e-06
-8.858765e-08
-1.550041e-06
-1.517266e-07
-1.563451e-06
-2.182499e-07
-1.580179e-06
-2.897169e-07
-1.599728e-06
-3.678819e-07
-1.621328e-06
-4.547584e-07
-1.643797e-06
-5.526853e-07
-1.665324e-06
-6.643856e-07
-1.683268e-06
-7.929511e-07
-1.693844e-06
-9.418409e-07
-1.691733e-06
-1.11476e-06
-1.669635e-06
-1.315342e-06
-1.617864e-06
-1.546468e-06
-1.52415e-06
-1.809012e-06
-1.37369e-06
-2.100212e-06
-1.153946e-06
-2.406468e-06
-8.449767e-07
-2.72481e-06
-4.650923e-07
-2.97428e-06
-3.169312e-06
-6.15853e-07
3.740806e-06
-1.062417e-06
3.389441e-06
-1.419116e-06
3.059934e-06
-1.645021e-06
2.622089e-06
-1.784466e-06
2.237355e-06
-1.856849e-06
1.884745e-06
-1.883226e-06
1.57969e-06
-1.879552e-06
1.320404e-06
-1.857577e-06
1.102319e-06
-1.825581e-06
9.194809e-07
-1.789209e-06
7.65916e-07
-1.752239e-06
6.362466e-07
-1.71708e-06
5.257741e-07
-1.685196e-06
4.305402e-07
-1.657469e-06
3.472892e-07
-1.634414e-06
2.733406e-07
-1.616322e-06
2.064656e-07
-1.603346e-06
1.447792e-07
-1.595563e-06
8.664715e-08
-1.593011e-06
3.060535e-08
-1.595707e-06
-2.471162e-08
-1.603658e-06
-8.063673e-08
-1.616851e-06
-1.385333e-07
-1.63524e-06
-1.998612e-07
-1.658708e-06
-2.662491e-07
-1.687013e-06
-3.395768e-07
-1.7197e-06
-4.220716e-07
-1.755963e-06
-5.164219e-07
-1.79444e-06
-6.25909e-07
-1.832841e-06
-7.545496e-07
-1.86751e-06
-9.07172e-07
-1.892904e-06
-1.089366e-06
-1.900782e-06
-1.307464e-06
-1.879285e-06
-1.567965e-06
-1.812039e-06
-1.876258e-06
-1.677037e-06
-2.235214e-06
-1.453616e-06
-2.62989e-06
-1.092904e-06
-3.085522e-06
-6.381492e-07
-3.429035e-06
-3.807461e-06
-8.383693e-07
4.579175e-06
-1.383826e-06
3.934898e-06
-1.809597e-06
3.485704e-06
-2.027229e-06
2.839721e-06
-2.133268e-06
2.343393e-06
-2.161708e-06
1.913186e-06
-2.143516e-06
1.561498e-06
-2.098974e-06
1.275862e-06
-2.041611e-06
1.044956e-06
-1.980072e-06
8.579418e-07
-1.919695e-06
7.055391e-07
-1.863464e-06
5.800156e-07
-1.812968e-06
4.752782e-07
-1.768997e-06
3.865688e-07
-1.731876e-06
3.101677e-07
-1.701674e-06
2.431391e-07
-1.678338e-06
1.831299e-07
-1.66177e-06
1.282109e-07
-1.651875e-06
7.675199e-08
-1.648591e-06
2.732105e-08
-1.651903e-06
-2.139982e-08
-1.661847e-06
-7.069233e-08
-1.67851e-06
-1.218706e-07
-1.702014e-06
-1.763567e-07
-1.732497e-06
-2.357662e-07
-1.770064e-06
-3.020095e-07
-1.814716e-06
-3.774194e-07
-1.866225e-06
-4.649132e-07
-1.923932e-06
-5.682024e-07
-1.98642e-06
-6.920612e-07
-2.050941e-06
-8.426514e-07
-2.112417e-06
-1.02789e-06
-2.162421e-06
-1.25746e-06
-2.187537e-06
-1.542849e-06
-2.167258e-06
-1.896537e-06
-2.069389e-06
-2.333083e-06
-1.85973e-06
-2.839548e-06
-1.431788e-06
-3.513464e-06
-8.816743e-07
-3.979149e-06
-4.689135e-06
-1.40957e-06
5.988745e-06
-1.987414e-06
4.512742e-06
-2.419604e-06
3.917894e-06
-2.542562e-06
2.962679e-06
-2.56614e-06
2.366972e-06
-2.517343e-06
1.864388e-06
-2.43245e-06
1.476605e-06
-2.332352e-06
1.175764e-06
-2.230489e-06
9.430928e-07
-2.134118e-06
7.615711e-07
-2.046605e-06
6.180263e-07
-1.969317e-06
5.027268e-07
-1.902552e-06
4.085137e-07
-1.84608e-06
3.300971e-07
-1.799441e-06
2.635279e-07
-1.762113e-06
2.058117e-07
-1.733613e-06
1.546292e-07
-1.713535e-06
1.081335e-07
-1.701584e-06
6.480097e-08
-1.697581e-06
2.331776e-08
-1.701473e-06
-1.750776e-08
-1.713331e-06
-5.883468e-08
-1.73335e-06
-1.018511e-07
-1.761853e-06
-1.47854e-07
-1.799277e-06
-1.983418e-07
-1.846159e-06
-2.551274e-07
-1.903093e-06
-3.204858e-07
-1.970648e-06
-3.97358e-07
-2.049217e-06
-4.89634e-07
-2.138729e-06
-6.025492e-07
-2.238145e-06
-7.432352e-07
-2.344561e-06
-9.214731e-07
-2.451372e-06
-1.15065e-06
-2.545723e-06
-1.448498e-06
-2.607756e-06
-1.834504e-06
-2.598729e-06
-2.34211e-06
-2.493026e-06
-2.945251e-06
-2.061143e-06
-3.945347e-06
-1.474054e-06
-4.566238e-06
-6.163189e-06
-1.838637e-06
7.827382e-06
-2.539274e-06
5.213379e-06
-3.041721e-06
4.420341e-06
-3.105524e-06
3.026482e-06
-3.050856e-06
2.312304e-06
-2.905652e-06
1.719184e-06
-2.73552e-06
1.306474e-06
-2.568166e-06
1.00841e-06
-2.415137e-06
7.900636e-07
-2.280228e-06
6.266618e-07
-2.163849e-06
5.016481e-07
-2.064959e-06
4.038365e-07
-1.982012e-06
3.255671e-07
-1.913417e-06
2.615019e-07
-1.857731e-06
2.07842e-07
-1.813738e-06
1.618179e-07
-1.780461e-06
1.213528e-07
-1.757164e-06
8.483637e-08
-1.743332e-06
5.096891e-08
-1.738662e-06
1.864797e-08
-1.743063e-06
-1.310649e-08
-1.756641e-06
-4.525738e-08
-1.779702e-06
-7.878998e-08
-1.812777e-06
-1.147787e-07
-1.85663e-06
-1.544887e-07
-1.912277e-06
-1.994805e-07
-1.981001e-06
-2.517621e-07
-2.064349e-06
-3.140101e-07
-2.164081e-06
-3.89902e-07
-2.282005e-06
-4.846252e-07
-2.419572e-06
-6.056684e-07
-2.576985e-06
-7.640594e-07
-2.751323e-06
-9.763122e-07
-2.932024e-06
-1.267796e-06
-3.092055e-06
-1.674473e-06
-3.166379e-06
-2.267786e-06
-3.139504e-06
-2.972126e-06
-2.659276e-06
-4.425576e-06
-2.009016e-06
-5.216498e-06
-8.172205e-06
-4.376666e-06
1.220405e-05
-4.512883e-06
5.349596e-06
-4.504209e-06
4.411667e-06
-4.125649e-06
2.647922e-06
-3.721997e-06
1.908652e-06
-3.359461e-06
1.356648e-06
-3.052988e-06
1.000001e-06
-2.79707e-06
7.524924e-07
-2.584541e-06
5.775339e-07
-2.408787e-06
4.509076e-07
-2.263811e-06
3.566724e-07
-2.144544e-06
2.8457e-07
-2.046874e-06
2.278971e-07
-1.967541e-06
1.821688e-07
-1.904003e-06
1.443039e-07
-1.854309e-06
1.121233e-07
-1.816991e-06
8.403511e-08
-1.790987e-06
5.883201e-08
-1.775573e-06
3.555584e-08
-1.770323e-06
1.339721e-08
-1.775128e-06
-8.300967e-09
-1.790115e-06
-3.027048e-08
-1.815683e-06
-5.322182e-08
-1.852565e-06
-7.789734e-08
-1.901834e-06
-1.052195e-07
-1.964979e-06
-1.363348e-07
-2.043997e-06
-1.727447e-07
-2.14151e-06
-2.16497e-07
-2.260929e-06
-2.704831e-07
-2.406642e-06
-3.38912e-07
-2.584233e-06
-4.280774e-07
-2.800727e-06
-5.475652e-07
-3.065422e-06
-7.116177e-07
-3.390348e-06
-9.428701e-07
-3.781744e-06
-1.283076e-06
-4.223371e-06
-1.82616e-06
-4.67166e-06
-2.523837e-06
-4.722087e-06
-4.375149e-06
-4.589384e-06
-5.349201e-06
-1.276159e-05
-5.353755e-06
1.75578e-05
-5.36977e-06
5.365611e-06
-5.244668e-06
4.286565e-06
-4.672022e-06
2.075276e-06
-4.1011e-06
1.33773e-06
-3.608876e-06
8.64424e-07
-3.196598e-06
5.877231e-07
-2.864586e-06
4.204806e-07
-2.599462e-06
3.124092e-07
-2.387486e-06
2.389315e-07
-2.217362e-06
1.865484e-07
-2.080408e-06
1.476158e-07
-1.970113e-06
1.176029e-07
-1.881646e-06
9.370126e-08
-1.811432e-06
7.409024e-08
-1.756844e-06
5.753498e-08
-1.715968e-06
4.315967e-08
-1.68745e-06
3.031377e-08
-1.670383e-06
1.848869e-08
-1.664245e-06
7.25919e-09
-1.668821e-06
-3.724519e-09
-1.684282e-06
-1.480934e-08
-1.711105e-06
-2.639966e-08
-1.750135e-06
-3.886664e-08
-1.802669e-06
-5.268548e-08
-1.870546e-06
-6.845851e-08
-1.956302e-06
-8.698795e-08
-2.0634e-06
-1.09399e-07
-2.19653e-06
-1.373537e-07
-2.362005e-06
-1.734371e-07
-2.568205e-06
-2.218767e-07
-2.825833e-06
-2.899374e-07
-3.146727e-06
-3.907236e-07
-3.540302e-06
-5.492953e-07
-4.010545e-06
-8.128334e-07
-4.552416e-06
-1.284288e-06
-5.084195e-06
-1.992057e-06
-5.197017e-06
-4.262327e-06
-5.091518e-06
-5.454701e-06
-1.785311e-05
1.75578e-05
2.292341e-05
2.720998e-05
2.928525e-05
3.062298e-05
3.148741e-05
3.207513e-05
3.249561e-05
3.280802e-05
3.304695e-05
3.32335e-05
3.338112e-05
3.349872e-05
3.359242e-05
3.366651e-05
3.372405e-05
3.376721e-05
3.379752e-05
3.381601e-05
3.382327e-05
3.381954e-05
3.380473e-05
3.377833e-05
3.373947e-05
3.368678e-05
3.361832e-05
3.353134e-05
3.342194e-05
3.328458e-05
3.311115e-05
3.288927e-05
3.259933e-05
3.220861e-05
3.165931e-05
3.084648e-05
2.956219e-05
2.757013e-05
2.330781e-05
1.785311e-05
)
;

boundaryField
{
    movingWall
    {
        type            calculated;
        value           uniform 0;
    }
    fixedWalls
    {
        type            calculated;
        value           uniform 0;
    }
    frontAndBack
    {
        type            empty;
    }
}


// ************************************************************************* //
