/*--------------------------------*- C++ -*----------------------------------*\
| =========                 |                                                 |
| \\      /  F ield         | OpenFOAM: The Open Source CFD Toolbox           |
|  \\    /   O peration     | Version:  2412                                  |
|   \\  /    A nd           | Website:  www.openfoam.com                      |
|    \\/     M anipulation  |                                                 |
\*---------------------------------------------------------------------------*/
FoamFile
{
    version     2.0;
    format      ascii;
    arch        "LSB;label=32;scalar=64";
    class       volVectorField;
    location    "0.45";
    object      U;
}
// * * * * * * * * * * * * * * * * * * * * * * * * * * * * * * * * * * * * * //

dimensions      [0 1 -1 0 0 0 0];

internalField   nonuniform List<vector> 
1600
(
(-4.828711e-06 4.82245e-06 0)
(-1.449333e-05 4.82622e-06 0)
(-2.410098e-05 4.764064e-06 0)
(-3.355159e-05 4.671277e-06 0)
(-4.27865e-05 4.54873e-06 0)
(-5.1747e-05 4.397456e-06 0)
(-6.037678e-05 4.218699e-06 0)
(-6.862222e-05 4.013895e-06 0)
(-7.643275e-05 3.784639e-06 0)
(-8.376113e-05 3.532659e-06 0)
(-9.056371e-05 3.259787e-06 0)
(-9.680056e-05 2.967932e-06 0)
(-0.0001024357 2.659058e-06 0)
(-0.000107437 2.335161e-06 0)
(-0.0001117765 1.998254e-06 0)
(-0.0001154302 1.650351e-06 0)
(-0.000118378 1.293464e-06 0)
(-0.0001206041 9.295939e-07 0)
(-0.0001220964 5.60729e-07 0)
(-0.000122847 1.888488e-07 0)
(-0.0001228518 -1.840737e-07 0)
(-0.0001221107 -5.560672e-07 0)
(-0.0001206275 -9.251564e-07 0)
(-0.0001184099 -1.289357e-06 0)
(-0.0001154699 -1.646674e-06 0)
(-0.0001118231 -1.995096e-06 0)
(-0.0001074893 -2.332601e-06 0)
(-0.0001024924 -2.657161e-06 0)
(-9.686039e-05 -2.966747e-06 0)
(-9.062516e-05 -3.259346e-06 0)
(-8.38227e-05 -3.532978e-06 0)
(-7.649291e-05 -3.785715e-06 0)
(-6.867948e-05 -4.015704e-06 0)
(-6.042971e-05 -4.221201e-06 0)
(-5.179427e-05 -4.40059e-06 0)
(-4.282692e-05 -4.55242e-06 0)
(-3.358413e-05 -4.675431e-06 0)
(-2.412482e-05 -4.768578e-06 0)
(-1.450786e-05 -4.830978e-06 0)
(-4.833583e-06 -4.827309e-06 0)
(-4.894757e-06 1.454156e-05 0)
(-1.469143e-05 1.455274e-05 0)
(-2.443005e-05 1.436517e-05 0)
(-3.400914e-05 1.408517e-05 0)
(-4.336916e-05 1.371538e-05 0)
(-5.24505e-05 1.325893e-05 0)
(-6.119606e-05 1.27196e-05 0)
(-6.955148e-05 1.210174e-05 0)
(-7.746552e-05 1.141017e-05 0)
(-8.489037e-05 1.065012e-05 0)
(-9.178188e-05 9.827148e-06 0)
(-9.809972e-05 8.947009e-06 0)
(-0.0001038075 8.015636e-06 0)
(-0.0001088729 7.039053e-06 0)
(-0.0001132677 6.023328e-06 0)
(-0.0001169677 4.974535e-06 0)
(-0.0001199528 3.898727e-06 0)
(-0.0001222069 2.801925e-06 0)
(-0.000123718 1.69011e-06 0)
(-0.000124478 5.692318e-07 0)
(-0.0001244829 -5.547795e-07 0)
(-0.0001237326 -1.676e-06 0)
(-0.0001222308 -2.788494e-06 0)
(-0.0001199855 -3.886296e-06 0)
(-0.0001170085 -4.963403e-06 0)
(-0.0001133155 -6.013768e-06 0)
(-0.0001089266 -7.031302e-06 0)
(-0.0001038658 -8.009891e-06 0)
(-9.816115e-05 -8.943419e-06 0)
(-9.184498e-05 -9.825814e-06 0)
(-8.49536e-05 -1.065109e-05 0)
(-7.752731e-05 -1.141343e-05 0)
(-6.96103e-05 -1.210722e-05 0)
(-6.125044e-05 -1.272718e-05 0)
(-5.249907e-05 -1.326843e-05 0)
(-4.341069e-05 -1.372656e-05 0)
(-3.404258e-05 -1.409776e-05 0)
(-2.445455e-05 -1.437885e-05 0)
(-1.470635e-05 -1.456716e-05 0)
(-4.899765e-06 -1.455628e-05 0)
(-4.957641e-06 2.439326e-05 0)
(-1.488006e-05 2.441163e-05 0)
(-2.474327e-05 2.409653e-05 0)
(-3.444419e-05 2.362616e-05 0)
(-4.392232e-05 2.300502e-05 0)
(-5.311716e-05 2.223841e-05 0)
(-6.197076e-05 2.133273e-05 0)
(-7.042806e-05 2.029533e-05 0)
(-7.843723e-05 1.913438e-05 0)
(-8.595001e-05 1.785872e-05 0)
(-9.292186e-05 1.647769e-05 0)
(-9.93122e-05 1.5001e-05 0)
(-0.0001050845 1.343863e-05 0)
(-0.0001102063 1.180071e-05 0)
(-0.0001146494 1.00974e-05 0)
(-0.0001183895 8.338884e-06 0)
(-0.0001214067 6.535288e-06 0)
(-0.0001236849 4.696668e-06 0)
(-0.000125212 2.833012e-06 0)
(-0.0001259802 9.54243e-07 0)
(-0.0001259854 -9.297538e-07 0)
(-0.0001252273 -2.809103e-06 0)
(-0.0001237099 -4.673907e-06 0)
(-0.000121441 -6.514218e-06 0)
(-0.0001184322 -8.320014e-06 0)
(-0.0001146994 -1.008119e-05 0)
(-0.0001102625 -1.178756e-05 0)
(-0.0001051455 -1.342888e-05 0)
(-9.937656e-05 -1.49949e-05 0)
(-9.298799e-05 -1.647541e-05 0)
(-8.601629e-05 -1.786035e-05 0)
(-7.850203e-05 -1.913989e-05 0)
(-7.048975e-05 -2.030461e-05 0)
(-6.20278e-05 -2.134557e-05 0)
(-5.316812e-05 -2.22545e-05 0)
(-4.396591e-05 -2.302397e-05 0)
(-3.447929e-05 -2.36475e-05 0)
(-2.476899e-05 -2.411973e-05 0)
(-1.489573e-05 -2.443609e-05 0)
(-4.962899e-06 -2.441824e-05 0)
(-5.052642e-06 3.439852e-05 0)
(-1.5165e-05 3.442383e-05 0)
(-2.521637e-05 3.397849e-05 0)
(-3.510124e-05 3.331377e-05 0)
(-4.475766e-05 3.243612e-05 0)
(-5.41237e-05 3.135313e-05 0)
(-6.31402e-05 3.007394e-05 0)
(-7.175103e-05 2.860906e-05 0)
(-7.990347e-05 2.697014e-05 0)
(-8.754854e-05 2.516977e-05 0)
(-9.464119e-05 2.322122e-05 0)
(-0.0001011405 2.113828e-05 0)
(-0.0001070096 1.893508e-05 0)
(-0.0001122161 1.662592e-05 0)
(-0.0001167315 1.422513e-05 0)
(-0.0001205318 1.174705e-05 0)
(-0.0001235971 9.205887e-06 0)
(-0.0001259112 6.615746e-06 0)
(-0.0001274625 3.990604e-06 0)
(-0.0001282429 1.344338e-06 0)
(-0.0001282484 -1.30924e-06 0)
(-0.0001274788 -3.956335e-06 0)
(-0.000125938 -6.583118e-06 0)
(-0.0001236337 -9.175678e-06 0)
(-0.0001205774 -1.171999e-05 0)
(-0.000116785 -1.420188e-05 0)
(-0.0001122762 -1.660704e-05 0)
(-0.0001070749 -1.892107e-05 0)
(-0.0001012094 -2.11295e-05 0)
(-9.4712e-05 -2.321792e-05 0)
(-8.761954e-05 -2.517207e-05 0)
(-7.99729e-05 -2.697802e-05 0)
(-7.181716e-05 -2.862235e-05 0)
(-6.320137e-05 -3.009234e-05 0)
(-5.417837e-05 -3.137621e-05 0)
(-4.480443e-05 -3.246332e-05 0)
(-3.513891e-05 -3.334441e-05 0)
(-2.524398e-05 -3.401179e-05 0)
(-1.518183e-05 -3.445894e-05 0)
(-5.058287e-06 -3.443437e-05 0)
(-5.180685e-06 4.462687e-05 0)
(-1.554904e-05 4.465875e-05 0)
(-2.585392e-05 4.40792e-05 0)
(-3.598656e-05 4.32143e-05 0)
(-4.588297e-05 4.207257e-05 0)
(-5.547935e-05 4.066407e-05 0)
(-6.471483e-05 3.900089e-05 0)
(-7.353185e-05 3.70969e-05 0)
(-8.187653e-05 3.496747e-05 0)
(-8.969894e-05 3.262912e-05 0)
(-9.695335e-05 3.009927e-05 0)
(-0.0001035983 2.739597e-05 0)
(-0.0001095969 2.453764e-05 0)
(-0.0001149163 2.154288e-05 0)
(-0.0001195283 1.84303e-05 0)
(-0.0001234088 1.521841e-05 0)
(-0.000126538 1.192556e-05 0)
(-0.0001289001 8.569894e-06 0)
(-0.0001304834 5.169364e-06 0)
(-0.0001312801 1.74176e-06 0)
(-0.000131286 -1.695225e-06 0)
(-0.0001305012 -5.123924e-06 0)
(-0.0001289293 -8.526622e-06 0)
(-0.0001265778 -1.188548e-05 0)
(-0.0001234584 -1.518249e-05 0)
(-0.0001195865 -1.839942e-05 0)
(-0.0001149817 -2.15178e-05 0)
(-0.000109668 -2.4519e-05 0)
(-0.0001036734 -2.738427e-05 0)
(-9.703056e-05 -3.009484e-05 0)
(-8.977639e-05 -3.263211e-05 0)
(-8.195231e-05 -3.497787e-05 0)
(-7.360407e-05 -3.711451e-05 0)
(-6.478167e-05 -3.902529e-05 0)
(-5.55391e-05 -4.06947e-05 0)
(-4.593411e-05 -4.210869e-05 0)
(-3.602776e-05 -4.3255e-05 0)
(-2.588413e-05 -4.412345e-05 0)
(-1.556745e-05 -4.470541e-05 0)
(-5.186862e-06 -4.467452e-05 0)
(-5.342922e-06 5.514524e-05 0)
(-1.60356e-05 5.518313e-05 0)
(-2.666158e-05 5.446412e-05 0)
(-3.710787e-05 5.339132e-05 0)
(-4.730789e-05 5.197551e-05 0)
(-5.719539e-05 5.022945e-05 0)
(-6.670737e-05 4.816846e-05 0)
(-7.578445e-05 4.581007e-05 0)
(-8.437126e-05 4.317363e-05 0)
(-9.241674e-05 4.027992e-05 0)
(-9.987434e-05 3.715078e-05 0)
(-0.0001067021 3.380873e-05 0)
(-0.0001128627 3.027669e-05 0)
(-0.0001183234 2.657773e-05 0)
(-0.000123056 2.273484e-05 0)
(-0.0001270366 1.87708e-05 0)
(-0.0001302456 1.470811e-05 0)
(-0.0001326674 1.056896e-05 0)
(-0.0001342906 6.375227e-06 0)
(-0.0001351075 2.148572e-06 0)
(-0.0001351141 -2.089505e-06 0)
(-0.0001343102 -6.317544e-06 0)
(-0.0001326996 -1.051401e-05 0)
(-0.0001302896 -1.465721e-05 0)
(-0.0001270914 -1.872516e-05 0)
(-0.0001231203 -2.269557e-05 0)
(-0.0001183957 -2.654581e-05 0)
(-0.0001129414 -3.025293e-05 0)
(-0.0001067852 -3.379377e-05 0)
(-9.995984e-05 -3.714505e-05 0)
(-9.250257e-05 -4.028363e-05 0)
(-8.445529e-05 -4.318676e-05 0)
(-7.586458e-05 -4.583237e-05 0)
(-6.678157e-05 -4.819943e-05 0)
(-5.726176e-05 -5.026837e-05 0)
(-4.736472e-05 -5.202143e-05 0)
(-3.715368e-05 -5.344309e-05 0)
(-2.669517e-05 -5.452044e-05 0)
(-1.605608e-05 -5.524253e-05 0)
(-5.349794e-06 -5.520592e-05 0)
(-5.54085e-06 6.602346e-05 0)
(-1.662916e-05 6.606658e-05 0)
(-2.764668e-05 6.520144e-05 0)
(-3.847517e-05 6.391092e-05 0)
(-4.904484e-05 6.220833e-05 0)
(-5.92864e-05 6.010946e-05 0)
(-6.913421e-05 5.76332e-05 0)
(-7.852668e-05 5.480112e-05 0)
(-8.740667e-05 5.163697e-05 0)
(-9.572179e-05 4.816613e-05 0)
(-0.0001034245 4.441521e-05 0)
(-0.0001104724 4.041153e-05 0)
(-0.0001168279 3.618276e-05 0)
(-0.0001224581 3.175663e-05 0)
(-0.0001273352 2.716064e-05 0)
(-0.0001314355 2.242194e-05 0)
(-0.0001347398 1.756721e-05 0)
(-0.000137233 1.262266e-05 0)
(-0.0001389038 7.614057e-06 0)
(-0.0001397448 2.566819e-06 0)
(-0.0001397521 -2.493841e-06 0)
(-0.0001389257 -7.542777e-06 0)
(-0.0001372689 -1.255475e-05 0)
(-0.000134789 -1.750427e-05 0)
(-0.0001314968 -2.236546e-05 0)
(-0.0001274071 -2.7112e-05 0)
(-0.0001225391 -3.171704e-05 0)
(-0.0001169159 -3.615324e-05 0)
(-0.0001105655 -4.039287e-05 0)
(-0.0001035204 -4.440797e-05 0)
(-9.581811e-05 -4.817058e-05 0)
(-8.750105e-05 -5.16531e-05 0)
(-7.861674e-05 -5.482863e-05 0)
(-6.921766e-05 -5.767148e-05 0)
(-5.93611e-05 -6.015762e-05 0)
(-4.910884e-05 -6.22652e-05 0)
(-3.852678e-05 -6.397508e-05 0)
(-2.768454e-05 -6.527127e-05 0)
(-1.665224e-05 -6.614026e-05 0)
(-5.548596e-06 -6.609872e-05 0)
(-5.776341e-06 7.733468e-05 0)
(-1.73353e-05 7.7382e-05 0)
(-2.881839e-05 7.636245e-05 0)
(-4.010098e-05 7.484205e-05 0)
(-5.110935e-05 7.2837e-05 0)
(-6.177052e-05 7.036651e-05 0)
(-7.201571e-05 6.74535e-05 0)
(-8.178068e-05 6.412409e-05 0)
(-9.100625e-05 6.040689e-05 0)
(-9.963849e-05 5.633242e-05 0)
(-0.0001076289 5.193246e-05 0)
(-0.0001149346 4.72395e-05 0)
(-0.0001215176 4.228632e-05 0)
(-0.0001273455 3.710552e-05 0)
(-0.0001323907 3.17293e-05 0)
(-0.00013663 2.618925e-05 0)
(-0.0001400448 2.051626e-05 0)
(-0.0001426206 1.474052e-05 0)
(-0.0001443465 8.891576e-06 0)
(-0.0001452154 2.998508e-06 0)
(-0.0001452237 -2.909919e-06 0)
(-0.0001443711 -8.805034e-06 0)
(-0.0001426611 -1.465803e-05 0)
(-0.0001401003 -2.043977e-05 0)
(-0.0001366991 -2.612056e-05 0)
(-0.0001324719 -3.167009e-05 0)
(-0.000127437 -3.705725e-05 0)
(-0.0001216172 -4.225025e-05 0)
(-0.0001150399 -4.721662e-05 0)
(-0.0001077376 -5.192343e-05 0)
(-9.97477e-05 -5.633762e-05 0)
(-9.111334e-05 -6.042632e-05 0)
(-8.188296e-05 -6.415739e-05 0)
(-7.211056e-05 -6.749997e-05 0)
(-6.185549e-05 -7.042506e-05 0)
(-5.118218e-05 -7.290623e-05 0)
(-4.015975e-05 -7.492022e-05 0)
(-2.886152e-05 -7.644757e-05 0)
(-1.736161e-05 -7.747185e-05 0)
(-5.785169e-06 -7.742649e-05 0)
(-6.0517e-06 8.915626e-05 0)
(-1.816089e-05 8.920634e-05 0)
(-3.018797e-05 8.802227e-05 0)
(-4.200061e-05 8.625718e-05 0)
(-5.352039e-05 8.393059e-05 0)
(-6.46699e-05 8.106564e-05 0)
(-7.537663e-05 7.76899e-05 0)
(-8.557328e-05 7.383465e-05 0)
(-9.519833e-05 6.953402e-05 0)
(-0.0001041962 6.482422e-05 0)
(-0.0001125175 5.974278e-05 0)
(-0.0001201186 5.432786e-05 0)
(-0.0001269618 4.861767e-05 0)
(-0.0001330151 4.265002e-05 0)
(-0.0001382515 3.646199e-05 0)
(-0.0001426486 3.008969e-05 0)
(-0.0001461886 2.356822e-05 0)
(-0.0001488577 1.693169e-05 0)
(-0.0001506458 1.021329e-05 0)
(-0.0001515463 3.445582e-06 0)
(-0.0001515557 -3.339338e-06 0)
(-0.0001506738 -1.010948e-05 0)
(-0.0001489037 -1.68327e-05 0)
(-0.0001462515 -2.347636e-05 0)
(-0.0001427271 -3.000713e-05 0)
(-0.0001383438 -3.639073e-05 0)
(-0.0001331193 -4.259184e-05 0)
(-0.0001270753 -4.857408e-05 0)
(-0.0001202387 -5.430005e-05 0)
(-0.0001126414 -5.973161e-05 0)
(-0.000104321 -6.483015e-05 0)
(-9.532083e-05 -6.955709e-05 0)
(-8.569039e-05 -7.387447e-05 0)
(-7.548533e-05 -7.774563e-05 0)
(-6.476736e-05 -8.1136e-05 0)
(-5.3604e-05 -8.40139e-05 0)
(-4.206812e-05 -8.635135e-05 0)
(-3.023753e-05 -8.812488e-05 0)
(-1.819114e-05 -8.93147e-05 0)
(-6.061849e-06 -8.9267e-05 0)
(-6.369727e-06 0.0001015706 0)
(-1.911429e-05 0.0001016215 0)
(-3.176908e-05 0.0001002607 0)
(-4.419265e-05 9.823305e-05 0)
(-5.630089e-05 9.556191e-05 0)
(-6.801122e-05 9.227506e-05 0)
(-7.92467e-05 8.840547e-05 0)
(-8.993656e-05 8.399039e-05 0)
(-0.0001000167 7.907025e-05 0)
(-0.0001094297 7.368771e-05 0)
(-0.0001181253 6.788673e-05 0)
(-0.0001260597 6.17117e-05 0)
(-0.0001331954 5.520674e-05 0)
(-0.0001395012 4.841519e-05 0)
(-0.000144951 4.13792e-05 0)
(-0.0001495238 3.413953e-05 0)
(-0.0001532028 2.673546e-05 0)
(-0.0001559755 1.920487e-05 0)
(-0.0001578326 1.158443e-05 0)
(-0.000158768 3.909897e-06 0)
(-0.0001587787 -3.783565e-06 0)
(-0.0001578645 -1.146096e-05 0)
(-0.000156028 -1.908708e-05 0)
(-0.0001532747 -2.662607e-05 0)
(-0.0001496135 -3.404111e-05 0)
(-0.0001450566 -4.129413e-05 0)
(-0.0001396203 -4.834558e-05 0)
(-0.0001333254 -5.515442e-05 0)
(-0.0001261974 -6.167812e-05 0)
(-0.0001182676 -6.787296e-05 0)
(-0.0001095732 -7.369433e-05 0)
(-0.0001001577 -7.909735e-05 0)
(-9.007151e-05 -8.403756e-05 0)
(-7.93721e-05 -8.847174e-05 0)
(-6.812375e-05 -9.235892e-05 0)
(-5.639753e-05 -9.566136e-05 0)
(-4.427073e-05 -9.83456e-05 0)
(-3.182644e-05 -0.0001003835 0)
(-1.914931e-05 -0.0001017512 0)
(-6.381479e-06 -0.0001017032 0)
(-6.733807e-06 0.0001146663 0)
(-2.020558e-05 0.0001147155 0)
(-3.357821e-05 0.0001131632 0)
(-4.669942e-05 0.0001108514 0)
(-5.947838e-05 0.0001078082 0)
(-7.182634e-05 0.0001040666 0)
(-8.366129e-05 9.966618e-05 0)
(-9.490851e-05 9.465099e-05 0)
(-0.000105501 8.906884e-05 0)
(-0.0001153797 8.296977e-05 0)
(-0.0001244935 7.640497e-05 0)
(-0.0001327986 6.942576e-05 0)
(-0.0001402584 6.208274e-05 0)
(-0.0001468427 5.442515e-05 0)
(-0.0001525271 4.650046e-05 0)
(-0.0001572923 3.83541e-05 0)
(-0.0001611232 3.002948e-05 0)
(-0.0001640087 2.156809e-05 0)
(-0.0001659408 1.300979e-05 0)
(-0.0001669143 4.393179e-06 0)
(-0.0001669265 -4.243898e-06 0)
(-0.0001659773 -1.286385e-05 0)
(-0.0001640688 -2.142878e-05 0)
(-0.0001612055 -2.989998e-05 0)
(-0.0001573951 -3.823744e-05 0)
(-0.0001526483 -4.639944e-05 0)
(-0.0001469795 -5.434231e-05 0)
(-0.0001404078 -6.202024e-05 0)
(-0.0001329572 -6.938537e-05 0)
(-0.0001246576 -7.6388e-05 0)
(-0.0001155454 -8.297697e-05 0)
(-0.0001056641 -8.910041e-05 0)
(-9.506478e-05 -9.470648e-05 0)
(-8.38067e-05 -9.974448e-05 0)
(-7.195698e-05 -0.000104166 0)
(-5.959067e-05 -0.0001079262 0)
(-4.679024e-05 -0.0001109853 0)
(-3.364497e-05 -0.0001133093 0)
(-2.024635e-05 -0.00011487 0)
(-6.747493e-06 -0.0001148242 0)
(-7.148013e-06 0.0001285392 0)
(-2.144687e-05 0.0001285835 0)
(-3.563514e-05 0.0001268219 0)
(-4.954769e-05 0.0001242002 0)
(-6.308571e-05 0.0001207518 0)
(-7.615321e-05 0.0001165165 0)
(-8.866233e-05 0.0001115412 0)
(-0.0001005339 0.0001058784 0)
(-0.0001116979 9.958438e-05 0)
(-0.0001220936 9.271775e-05 0)
(-0.0001316693 8.533794e-05 0)
(-0.0001403819 7.750406e-05 0)
(-0.000148196 6.927378e-05 0)
(-0.0001550835 6.070271e-05 0)
(-0.0001610221 5.184383e-05 0)
(-0.0001659947 4.274733e-05 0)
(-0.0001699889 3.346061e-05 0)
(-0.0001729952 2.402848e-05 0)
(-0.0001750075 1.449361e-05 0)
(-0.0001760217 4.896981e-06 0)
(-0.0001760358 -4.72141e-06 0)
(-0.0001750494 -1.432191e-05 0)
(-0.0001730641 -2.386447e-05 0)
(-0.0001700834 -3.330799e-05 0)
(-0.0001661129 -4.260963e-05 0)
(-0.0001611615 -5.172435e-05 0)
(-0.0001552411 -6.060444e-05 0)
(-0.0001483685 -6.919933e-05 0)
(-0.0001405652 -7.745557e-05 0)
(-0.0001318592 -8.531702e-05 0)
(-0.0001222856 -9.272537e-05 0)
(-0.0001118872 -9.962086e-05 0)
(-0.0001007156 -0.0001059433 0)
(-8.883163e-05 -0.0001116333 0)
(-7.630552e-05 -0.0001166337 0)
(-6.321679e-05 -0.0001208914 0)
(-4.965381e-05 -0.0001243588 0)
(-3.57132e-05 -0.0001269952 0)
(-2.149457e-05 -0.0001287668 0)
(-7.164028e-06 -0.0001287268 0)
(-7.617255e-06 0.0001432945 0)
(-2.285277e-05 0.0001433292 0)
(-3.796366e-05 0.000141337 0)
(-5.276955e-05 0.0001383744 0)
(-6.716212e-05 0.0001344812 0)
(-8.103692e-05 0.0001297055 0)
(-9.429936e-05 0.0001241033 0)
(-0.0001068653 0.0001177369 0)
(-0.0001186617 0.0001106727 0)
(-0.0001296262 0.0001029792 0)
(-0.0001397072 9.472549e-05 0)
(-0.0001488627 8.597932e-05 0)
(-0.0001570597 7.680625e-05 0)
(-0.0001642726 6.726869e-05 0)
(-0.0001704825 5.74254e-05 0)
(-0.0001756755 4.73313e-05 0)
(-0.0001798421 3.703755e-05 0)
(-0.0001829757 2.659194e-05 0)
(-0.0001850723 1.603937e-05 0)
(-0.0001861293 5.422611e-06 0)
(-0.0001861454 -5.216881e-06 0)
(-0.0001851204 -1.583809e-05 0)
(-0.0001830549 -2.639952e-05 0)
(-0.0001799507 -3.685828e-05 0)
(-0.0001758115 -4.716927e-05 0)
(-0.0001706431 -5.728448e-05 0)
(-0.0001644545 -6.715241e-05 0)
(-0.000157259 -7.671771e-05 0)
(-0.0001490749 -8.592112e-05 0)
(-0.0001399274 -9.469962e-05 0)
(-0.0001298492 -0.000102987 0)
(-0.000118882 -0.0001107145 0)
(-0.0001070772 -0.0001178124 0)
(-9.449714e-05 -0.0001242112 0)
(-8.121514e-05 -0.0001298434 0)
(-6.731571e-05 -0.0001346459 0)
(-5.289403e-05 -0.0001385617 0)
(-3.805531e-05 -0.0001415421 0)
(-2.290881e-05 -0.0001435464 0)
(-7.636075e-06 -0.0001435168 0)
(-8.147462e-06 0.0001590476 0)
(-2.44409e-05 0.0001590669 0)
(-4.05924e-05 0.0001568183 0)
(-5.640349e-05 0.0001534773 0)
(-7.175454e-05 0.000149092 0)
(-8.653112e-05 0.0001437202 0)
(-0.000100631 0.0001374292 0)
(-0.0001139645 0.0001302931 0)
(-0.0001264556 0.0001223905 0)
(-0.0001380408 0.0001138015 0)
(-0.0001486692 0.0001046061 0)
(-0.0001583011 9.488225e-05 0)
(-0.0001669067 8.470402e-05 0)
(-0.0001744643 7.414121e-05 0)
(-0.0001809595 6.325853e-05 0)
(-0.0001863826 5.211555e-05 0)
(-0.0001907282 4.076689e-05 0)
(-0.0001939934 2.926273e-05 0)
(-0.0001961768 1.764954e-05 0)
(-0.000197278 5.971056e-06 0)
(-0.0001972965 -5.730709e-06 0)
(-0.000196232 -1.741429e-05 0)
(-0.0001940843 -2.903762e-05 0)
(-0.0001908531 -4.055685e-05 0)
(-0.0001865391 -5.192534e-05 0)
(-0.0001811446 -6.309264e-05 0)
(-0.0001746744 -7.400379e-05 0)
(-0.0001671372 -8.45988e-05 0)
(-0.0001585471 -9.481237e-05 0)
(-0.0001489251 -0.0001045741 0)
(-0.0001383005 -0.0001138089 0)
(-0.0001267126 -0.000122438 0)
(-0.0001142122 -0.0001303806 0)
(-0.0001008626 -0.0001375551 0)
(-8.674028e-05 -0.000143882 0)
(-7.193509e-05 -0.0001492859 0)
(-5.655003e-05 -0.0001536984 0)
(-4.070042e-05 -0.0001570608 0)
(-2.450699e-05 -0.0001593239 0)
(-8.169664e-06 -0.0001593109 0)
(-8.745825e-06 0.0001759274 0)
(-2.62326e-05 0.0001759234 0)
(-4.355598e-05 0.0001733871 0)
(-6.049589e-05 0.0001696224 0)
(-7.691917e-05 0.0001646878 0)
(-9.269971e-05 0.0001586532 0)
(-0.0001077265 0.0001515998 0)
(-0.0001219041 0.000143616 0)
(-0.0001351533 0.000134795 0)
(-0.0001474105 0.0001252308 0)
(-0.0001586264 0.0001150163 0)
(-0.0001687648 0.0001042405 0)
(-0.0001778007 9.298743e-05 0)
(-0.0001857181 8.133459e-05 0)
(-0.0001925082 6.935286e-05 0)
(-0.0001981672 5.710626e-05 0)
(-0.0002026949 4.465235e-05 0)
(-0.0002060931 3.204299e-05 0)
(-0.000208364 1.932529e-05 0)
(-0.0002095096 6.542875e-06 0)
(-0.0002095308 -6.262811e-06 0)
(-0.0002084273 -1.905102e-05 0)
(-0.0002061974 -3.178026e-05 0)
(-0.0002028384 -4.44068e-05 0)
(-0.0001983473 -5.688336e-05 0)
(-0.0001927216 -6.915785e-05 0)
(-0.0001859607 -8.117235e-05 0)
(-0.0001780675 -9.286238e-05 0)
(-0.0001690502 -0.0001041565 0)
(-0.0001589239 -0.0001149764 0)
(-0.0001477132 -0.0001252372 0)
(-0.0001354537 -0.0001348486 0)
(-0.0001221943 -0.0001437169 0)
(-0.0001079985 -0.0001517464 0)
(-9.294587e-05 -0.0001588427 0)
(-7.713207e-05 -0.0001649157 0)
(-6.066895e-05 -0.000169883 0)
(-4.368372e-05 -0.0001736735 0)
(-2.631082e-05 -0.0001762275 0)
(-8.772112e-06 -0.000176239 0)
(-9.421112e-06 0.0001940783 0)
(-2.825385e-05 0.0001940407 0)
(-4.689643e-05 0.0001911784 0)
(-6.510282e-05 0.0001869349 0)
(-8.272368e-05 0.0001813818 0)
(-9.961913e-05 0.0001746042 0)
(-0.0001156682 0.0001667003 0)
(-0.0001307693 0.0001577765 0)
(-0.0001448408 0.0001479433 0)
(-0.0001578195 0.0001373116 0)
(-0.0001696595 0.000125989 0)
(-0.00018033 0.0001140775 0)
(-0.0001898126 0.0001016719 0)
(-0.0001980989 8.885811e-05 0)
(-0.0002051878 7.571318e-05 0)
(-0.0002110831 6.230521e-05 0)
(-0.0002157915 4.869401e-05 0)
(-0.0002193205 3.493212e-05 0)
(-0.0002216769 2.106609e-05 0)
(-0.0002228661 7.138069e-06 0)
(-0.0002228904 -6.81249e-06 0)
(-0.0002217495 -2.074704e-05 0)
(-0.0002194401 -3.462612e-05 0)
(-0.0002159562 -4.840747e-05 0)
(-0.0002112902 -6.20444e-05 0)
(-0.0002054336 -7.548417e-05 0)
(-0.0001983789 -8.866663e-05 0)
(-0.0001901213 -0.0001015232 0)
(-0.0001806611 -0.0001139763 0)
(-0.0001700057 -0.000125939 0)
(-0.0001581727 -0.0001373158 0)
(-0.0001451924 -0.0001480032 0)
(-0.00013111 -0.0001578922 0)
(-0.0001159884 -0.0001668704 0)
(-9.990959e-05 -0.0001748256 0)
(-8.297546e-05 -0.0001816494 0)
(-6.530788e-05 -0.0001872421 0)
(-4.704799e-05 -0.0001915167 0)
(-2.834676e-05 -0.0001944005 0)
(-9.45235e-06 -0.0001944473 0)
(-1.018408e-05 0.0002136643 0)
(-3.05365e-05 0.0002135794 0)
(-5.06651e-05 0.0002103439 0)
(-7.029254e-05 0.0002055542 0)
(-8.924994e-05 0.0001992981 0)
(-0.0001073812 0.0001916803 0)
(-0.0001245542 0.0001828204 0)
(-0.000140661 0.0001728468 0)
(-0.0001556182 0.0001618914 0)
(-0.0001693648 0.0001500847 0)
(-0.0001818605 0.0001375521 0)
(-0.0001930819 0.0001244105 0)
(-0.0002030202 0.0001107662 0)
(-0.0002116769 9.671431e-05 0)
(-0.0002190611 8.233786e-05 0)
(-0.0002251863 6.770847e-05 0)
(-0.000230068 5.288721e-05 0)
(-0.000233721 3.792597e-05 0)
(-0.000236158 2.286922e-05 0)
(-0.0002373881 7.755925e-06 0)
(-0.0002374159 -7.378283e-06 0)
(-0.0002362409 -2.24989e-05 0)
(-0.0002338578 -3.757028e-05 0)
(-0.0002302567 -5.255339e-05 0)
(-0.000225424 -6.74037e-05 0)
(-0.0002193438 -8.206912e-05 0)
(-0.0002119997 -9.648831e-05 0)
(-0.0002033772 -0.0001105892 0)
(-0.000193466 -0.0001242882 0)
(-0.0001822634 -0.0001374894 0)
(-0.0001697774 -0.0001500852 0)
(-0.0001560302 -0.0001619573 0)
(-0.0001410615 -0.0001729789 0)
(-0.0001249319 -0.0001830174 0)
(-0.0001077248 -0.0001919387 0)
(-8.954857e-05 -0.0001996121 0)
(-7.053631e-05 -0.0002059161 0)
(-5.084559e-05 -0.0002107437 0)
(-3.064727e-05 -0.0002140053 0)
(-1.022135e-05 -0.0002141015 0)
(-1.104806e-05 0.000234873 0)
(-3.31199e-05 0.0002347225 0)
(-5.492523e-05 0.0002310555 0)
(-7.614865e-05 0.0002256362 0)
(-9.659756e-05 0.0002185737 0)
(-0.0001160968 0.0002099975 0)
(-0.0001345017 0.0002000543 0)
(-0.0001516984 0.0001888998 0)
(-0.0001676028 0.0001766922 0)
(-0.0001821587 0.0001635858 0)
(-0.0001953338 0.0001497266 0)
(-0.0002071159 0.0001352482 0)
(-0.0002175088 0.0001202702 0)
(-0.0002265273 0.0001048969 0)
(-0.0002341936 8.921701e-05 0)
(-0.0002405337 7.330483e-05 0)
(-0.000245574 5.72213e-05 0)
(-0.0002493385 4.101599e-05 0)
(-0.000251847 2.472927e-05 0)
(-0.0002531136 8.394822e-06 0)
(-0.0002531452 -7.957782e-06 0)
(-0.0002519415 -2.430035e-05 0)
(-0.0002494946 -4.060333e-05 0)
(-0.0002457896 -5.683304e-05 0)
(-0.0002408059 -7.294909e-05 0)
(-0.0002345182 -8.890182e-05 0)
(-0.000226899 -0.0001046301 0)
(-0.0002179212 -0.0001200593 0)
(-0.0002075612 -0.0001351001 0)
(-0.0001958027 -0.0001496473 0)
(-0.0001826407 -0.0001635803 0)
(-0.0001680861 -0.0001767637 0)
(-0.00015217 -0.0001890496 0)
(-0.0001349482 -0.0002002815 0)
(-0.0001165044 -0.0002102985 0)
(-9.695288e-05 -0.000218942 0)
(-7.643945e-05 -0.0002260627 0)
(-5.514101e-05 -0.0002315283 0)
(-3.325251e-05 -0.0002352273 0)
(-1.10927e-05 -0.0002353917 0)
(-1.202967e-05 0.0002579215 0)
(-3.605308e-05 0.0002576811 0)
(-5.975534e-05 0.0002535095 0)
(-8.277432e-05 0.000247357 0)
(-0.0001048886 0.0002393601 0)
(-0.0001259006 0.0002296808 0)
(-0.0001456519 0.0002184998 0)
(-0.0001640231 0.0002060075 0)
(-0.0001809322 0.0001923941 0)
(-0.0001963305 0.0001778426 0)
(-0.0002101981 0.000162523 0)
(-0.0002225383 0.0001465882 0)
(-0.0002333715 0.000130172 0)
(-0.0002427301 0.0001133881 0)
(-0.0002506531 9.633015e-05 0)
(-0.000257182 7.907384e-05 0)
(-0.0002623568 6.167812e-05 0)
(-0.000266213 4.418802e-05 0)
(-0.0002687792 2.663741e-05 0)
(-0.0002700752 9.051999e-06 0)
(-0.0002701111 -8.547414e-06 0)
(-0.0002688865 -2.614174e-05 0)
(-0.0002663905 -4.371024e-05 0)
(-0.0002626025 -6.122727e-05 0)
(-0.0002574928 -7.865908e-05 0)
(-0.0002510248 -9.596067e-05 0)
(-0.0002431572 -0.000113073 0)
(-0.0002338472 -0.0001299203 0)
(-0.000223054 -0.0001464083 0)
(-0.0002107436 -0.0001624224 0)
(-0.0001968937 -0.0001778278 0)
(-0.0001814995 -0.0001924698 0)
(-0.0001645793 -0.000206176 0)
(-0.0001461807 -0.0002187608 0)
(-0.0001263853 -0.0002300307 0)
(-0.0001053128 -0.0002397919 0)
(-8.312258e-05 -0.0002478598 0)
(-6.001439e-05 -0.0002540692 0)
(-3.621255e-05 -0.0002582804 0)
(-1.20834e-05 -0.0002585381 0)
(-1.314987e-05 0.0002830641 0)
(-3.939774e-05 0.0002827012 0)
(-6.525375e-05 0.0002779325 0)
(-9.029799e-05 0.0002709165 0)
(-0.0001142738 0.0002618259 0)
(-0.0001369571 0.0002508646 0)
(-0.000158175 0.0002382578 0)
(-0.0001778041 0.0002242387 0)
(-0.0001957677 0.0002090374 0)
(-0.0002120298 0.0001928712 0)
(-0.0002265881 0.0001759382 0)
(-0.0002394669 0.0001584131 0)
(-0.000250709 0.0001404445 0)
(-0.0002603691 0.0001221554 0)
(-0.0002685078 0.0001036435 0)
(-0.0002751858 8.498348e-05 0)
(-0.0002804598 6.623012e-05 0)
(-0.0002843792 4.742107e-05 0)
(-0.000286983 2.85806e-05 0)
(-0.0002882984 9.723276e-06 0)
(-0.0002883389 -9.142211e-06 0)
(-0.0002871043 -2.800919e-05 0)
(-0.0002845801 -4.686908e-05 0)
(-0.0002807385 -6.570752e-05 0)
(-0.0002755393 -8.450048e-05 0)
(-0.0002689321 -0.0001032105 0)
(-0.0002608587 -0.0001217831 0)
(-0.0002512565 -0.0001401436 0)
(-0.0002400634 -0.0001581937 0)
(-0.0002272223 -0.00017581 0)
(-0.000212688 -0.0001928425 0)
(-0.0001964342 -0.0002091149 0)
(-0.0001784611 -0.0002244263 0)
(-0.0001588028 -0.0002385562 0)
(-0.0001375354 -0.0002512706 0)
(-0.000114782 -0.0002623318 0)
(-9.071685e-05 -0.0002715098 0)
(-6.556624e-05 -0.0002785963 0)
(-3.95905e-05 -0.0002834142 0)
(-1.321488e-05 -0.0002837988 0)
(-1.443542e-05 0.0003106018 0)
(-4.323235e-05 0.0003100725 0)
(-7.154489e-05 0.0003045885 0)
(-9.888093e-05 0.0002965436 0)
(-0.0001249405 0.0002861589 0)
(-0.0001494687 0.0002736936 0)
(-0.0001722778 0.00025943 0)
(-0.0001932436 0.0002436558 0)
(-0.0002122997 0.0002266501 0)
(-0.0002294296 0.0002086713 0)
(-0.0002446562 0.0001899502 0)
(-0.000258032 0.0001706852 0)
(-0.0002696291 0.0001510408 0)
(-0.0002795312 0.0001311479 0)
(-0.000287825 0.0001111063 0)
(-0.0002945954 9.098741e-05 0)
(-0.0002999193 7.083841e-05 0)
(-0.0003038626 5.068598e-05 0)
(-0.000306477 3.054093e-05 0)
(-0.000307798 1.04028e-05 0)
(-0.0003078435 -9.735683e-06 0)
(-0.0003066133 -2.988409e-05 0)
(-0.0003040889 -5.004988e-05 0)
(-0.0003002339 -7.023387e-05 0)
(-0.0002949958 -9.04257e-05 0)
(-0.0002883074 -0.0001105992 0)
(-0.0002800903 -0.0001307078 0)
(-0.0002702577 -0.0001506802 0)
(-0.0002587205 -0.0001704168 0)
(-0.0002453925 -0.000189786 0)
(-0.0002301986 -0.0002086223 0)
(-0.0002130832 -0.0002267255 0)
(-0.0001940207 -0.0002438619 0)
(-0.000173025 -0.0002597691 0)
(-0.0001501609 -0.0002741634 0)
(-0.000125552 -0.0002867513 0)
(-9.938712e-05 -0.0002972442 0)
(-7.192389e-05 -0.0003053771 0)
(-4.346671e-05 -0.0003109229 0)
(-1.451456e-05 -0.0003114798 0)
(-1.592084e-05 0.0003408956 0)
(-4.765792e-05 0.00034014 0)
(-7.878793e-05 0.0003337879 0)
(-0.0001087276 0.0003245018 0)
(-0.0001371237 0.0003125688 0)
(-0.000163686 0.0002983215 0)
(-0.0001882128 0.0002821162 0)
(-0.0002105841 0.00026431 0)
(-0.0002307523 0.000245242 0)
(-0.0002487296 0.0002252199 0)
(-0.0002645742 0.0002045116 0)
(-0.0002783763 0.0001833411 0)
(-0.0002902463 0.0001618885 0)
(-0.0003003036 0.000140291 0)
(-0.0003086683 0.0001186477 0)
(-0.0003154536 9.7023e-05 0)
(-0.0003207612 7.545162e-05 0)
(-0.0003246767 5.394471e-05 0)
(-0.0003272662 3.249511e-05 0)
(-0.000328575 1.10829e-05 0)
(-0.0003286258 -1.031956e-05 0)
(-0.0003274185 -3.17425e-05 0)
(-0.0003249299 -5.321381e-05 0)
(-0.0003211143 -7.475398e-05 0)
(-0.0003159047 -9.63709e-05 0)
(-0.0003092142 -0.0001180544 0)
(-0.0003009396 -0.0001397705 0)
(-0.0002909655 -0.0001614557 0)
(-0.0002791692 -0.0001830115 0)
(-0.0002654278 -0.0002043003 0)
(-0.0002496275 -0.0002251416 0)
(-0.0002316738 -0.0002453092 0)
(-0.0002115047 -0.0002645323 0)
(-0.0001891044 -0.0002824986 0)
(-0.0001645175 -0.0002988632 0)
(-0.0001378628 -0.0003132618 0)
(-0.0001093427 -0.00032533 0)
(-7.925047e-05 -0.0003347269 0)
(-4.79448e-05 -0.0003411574 0)
(-1.601786e-05 -0.0003419485 0)
(-1.765137e-05 0.0003743843 0)
(-5.280619e-05 0.0003733201 0)
(-8.718888e-05 0.0003658991 0)
(-0.0001201 0.0003550965 0)
(-0.0001511208 0.0003412894 0)
(-0.0001799213 0.0003249091 0)
(-0.0002062893 0.0003064091 0)
(-0.0002301177 0.0002862339 0)
(-0.0002513898 0.0002647966 0)
(-0.0002701601 0.0002424625 0)
(-0.000286535 0.0002195412 0)
(-0.0003006551 0.0001962836 0)
(-0.0003126793 0.0001728837 0)
(-0.0003227719 0.000149483 0)
(-0.000331093 0.0001261743 0)
(-0.0003377915 0.0001030087 0)
(-0.0003429975 8.000337e-05 0)
(-0.0003468191 5.714829e-05 0)
(-0.0003493388 3.441322e-05 0)
(-0.0003506127 1.175365e-05 0)
(-0.0003506689 -1.08834e-05 0)
(-0.0003495076 -3.355386e-05 0)
(-0.0003471003 -5.631111e-05 0)
(-0.000343391 -7.920044e-05 0)
(-0.0003382962 -0.0001022532 0)
(-0.000331707 -0.0001254807 0)
(-0.0003234916 -0.0001488673 0)
(-0.0003134988 -0.0001723634 0)
(-0.0003015651 -0.0001958774 0)
(-0.0002875226 -0.0002192685 0)
(-0.0002712074 -0.0002423422 0)
(-0.0002524739 -0.0002648461 0)
(-0.00023121 -0.0002864674 0)
(-0.000207356 -0.0003068357 0)
(-0.0001809241 -0.000325531 0)
(-0.0001520188 -0.0003420993 0)
(-0.0001208522 -0.0003560766 0)
(-8.775743e-05 -0.0003670202 0)
(-5.316013e-05 -0.0003745419 0)
(-1.777128e-05 -0.0003756524 0)
(-1.968716e-05 0.000411609 0)
(-5.885153e-05 0.0004101215 0)
(-9.701787e-05 0.0004013645 0)
(-0.0001333374 0.0003886832 0)
(-0.0001673111 0.0003725804 0)
(-0.0001985663 0.0003536213 0)
(-0.000226888 0.0003323863 0)
(-0.0002521965 0.0003094314 0)
(-0.0002745237 0.000285259 0)
(-0.000293985 0.0002603015 0)
(-0.0003107531 0.0002349134 0)
(-0.0003250338 0.0002093729 0)
(-0.0003370468 0.0001838858 0)
(-0.0003470131 0.0001585899 0)
(-0.0003551426 0.000133564 0)
(-0.0003616245 0.0001088394 0)
(-0.0003666217 8.440865e-05 0)
(-0.0003702668 6.023448e-05 0)
(-0.0003726608 3.625735e-05 0)
(-0.0003738716 1.24024e-05 0)
(-0.0003739333 -1.141434e-05 0)
(-0.0003728462 -3.527996e-05 0)
(-0.0003705765 -5.927896e-05 0)
(-0.0003670564 -8.348728e-05 0)
(-0.0003621849 -0.000107966 0)
(-0.0003558283 -0.0001327543 0)
(-0.0003478224 -0.0001578618 0)
(-0.0003379756 -0.0001832597 0)
(-0.0003260743 -0.0002088712 0)
(-0.0003118926 -0.0002345603 0)
(-0.0002952051 -0.0002601219 0)
(-0.000275799 -0.0002852767 0)
(-0.0002534944 -0.0003096672 0)
(-0.0002281679 -0.0003328555 0)
(-0.0001997811 -0.0003543306 0)
(-0.0001684084 -0.000373525 0)
(-0.0001342637 -0.000389844 0)
(-9.772256e-05 -0.0004027069 0)
(-5.929223e-05 -0.0004115951 0)
(-1.983682e-05 -0.000413144 0)
(-2.210977e-05 0.0004532474 0)
(-6.602851e-05 0.0004511738 0)
(-0.0001086341 0.0004407192 0)
(-0.0001488841 0.0004256768 0)
(-0.0001861827 0.0004067272 0)
(-0.0002201154 0.0003846184 0)
(-0.0002504791 0.0003600981 0)
(-0.000277245 0.0003338621 0)
(-0.0003005197 0.0003065205 0)
(-0.0003205057 0.0002785806 0)
(-0.0003374636 0.0002504457 0)
(-0.0003516826 0.0002224194 0)
(-0.0003634623 0.0001947085 0)
(-0.0003730936 0.0001674367 0)
(-0.0003808435 0.0001406605 0)
(-0.0003869469 0.0001143823 0)
(-0.0003916025 8.856171e-05 0)
(-0.0003949704 6.312654e-05 0)
(-0.0003971709 3.7981e-05 0)
(-0.0003982844 1.301348e-05 0)
(-0.0003983513 -1.189692e-05 0)
(-0.0003973722 -3.687435e-05 0)
(-0.0003953077 -6.204041e-05 0)
(-0.000392078 -8.75081e-05 0)
(-0.0003875632 -0.0001133752 0)
(-0.0003816028 -0.0001397168 0)
(-0.000373997 -0.000166576 0)
(-0.0003645081 -0.0001939542 0)
(-0.0003528658 -0.0002217983 0)
(-0.0003387733 -0.0002499877 0)
(-0.0003219239 -0.0002783179 0)
(-0.0003020193 -0.0003064858 0)
(-0.0002787888 -0.0003340853 0)
(-0.0002520193 -0.0003606035 0)
(-0.0002215936 -0.0003854204 0)
(-0.0001875323 -0.0004078258 0)
(-0.0001500341 -0.000427053 0)
(-0.0001095159 -0.0004423324 0)
(-6.658318e-05 -0.0004529604 0)
(-2.229871e-05 -0.0004551168 0)
(-2.50322e-05 0.0005001631 0)
(-7.46587e-05 0.0004972678 0)
(-0.0001225225 0.0004846177 0)
(-0.0001673293 0.0004665619 0)
(-0.0002083694 0.0004440376 0)
(-0.0002451954 0.0004180436 0)
(-0.0002776442 0.0003895476 0)
(-0.0003057741 0.0003594197 0)
(-0.0003298053 0.0003283957 0)
(-0.0003500598 0.0002970669 0)
(-0.0003669143 0.0002658868 0)
(-0.000380771 0.0002351689 0)
(-0.0003920295 0.0002051073 0)
(-0.000401061 0.0001758 0)
(-0.000408197 0.0001472683 0)
(-0.0004137234 0.0001194741 0)
(-0.0004178774 9.233409e-05 0)
(-0.0004208475 6.573205e-05 0)
(-0.0004227739 3.952837e-05 0)
(-0.0004237495 1.356801e-05 0)
(-0.0004238212 -1.2313e-05 0)
(-0.0004229897 -3.828181e-05 0)
(-0.0004212102 -6.450326e-05 0)
(-0.0004183912 -9.113417e-05 0)
(-0.0004143935 -0.0001183167 0)
(-0.0004090291 -0.0001461707 0)
(-0.0004020599 -0.0001747835 0)
(-0.0003931979 -0.0002041983 0)
(-0.0003821078 -0.0002343989 0)
(-0.0003684122 -0.0002652924 0)
(-0.0003517031 -0.0002966892 0)
(-0.0003315664 -0.0003282786 0)
(-0.0003076121 -0.0003596063 0)
(-0.000279503 -0.0003900753 0)
(-0.0002470034 -0.000418939 0)
(-0.000210041 -0.0004453094 0)
(-0.0001687703 -0.0004681941 0)
(-0.0001236382 -0.0004865636 0)
(-7.536575e-05 -0.0004994472 0)
(-2.527406e-05 -0.0005024568 0)
(-2.861529e-05 0.0005534788 0)
(-8.519235e-05 0.0005494103 0)
(-0.0001393483 0.0005338663 0)
(-0.0001894642 0.0005119015 0)
(-0.0002347009 0.0004848312 0)
(-0.0002746053 0.0004539995 0)
(-0.000309103 0.0004206612 0)
(-0.0003383969 0.0003858995 0)
(-0.0003628725 0.0003505943 0)
(-0.0003830147 0.000315432 0)
(-0.0003993616 0.0002808945 0)
(-0.000412462 0.0002472859 0)
(-0.0004228312 0.0002147704 0)
(-0.0004309326 0.0001834016 0)
(-0.0004371694 0.0001531487 0)
(-0.0004418811 0.0001239188 0)
(-0.0004453445 9.557322e-05 0)
(-0.0004477761 6.794215e-05 0)
(-0.0004493349 4.083405e-05 0)
(-0.0004501257 1.404373e-05 0)
(-0.0004502011 -1.264175e-05 0)
(-0.0004495625 -3.943818e-05 0)
(-0.00044816 -6.655958e-05 0)
(-0.0004458915 -9.421323e-05 0)
(-0.0004425997 -0.0001225938 0)
(-0.0004380696 -0.0001518758 0)
(-0.0004320245 -0.000182203 0)
(-0.0004241235 -0.0002136752 0)
(-0.0004139599 -0.0002463305 0)
(-0.0004010637 -0.0002801232 0)
(-0.0003849101 -0.0003148965 0)
(-0.0003649363 -0.0003503525 0)
(-0.0003405856 -0.0003860122 0)
(-0.000311352 -0.0004211854 0)
(-0.0002768278 -0.0004549805 0)
(-0.0002367874 -0.0004862934 0)
(-0.0001912884 -0.0005138365 0)
(-0.0001407782 -0.0005362233 0)
(-8.610731e-05 -0.0005520877 0)
(-2.893014e-05 -0.0005563185 0)
(-3.309586e-05 0.0006146861 0)
(-9.827539e-05 0.0006089008 0)
(-0.0001600404 0.000589465 0)
(-0.0002163644 0.0005623409 0)
(-0.0002662714 0.0005294172 0)
(-0.0003093654 0.0004925091 0)
(-0.0003457441 0.0004532423 0)
(-0.000375841 0.0004129514 0)
(-0.0004002728 0.0003726917 0)
(-0.0004197596 0.0003332181 0)
(-0.0004350603 0.0002950107 0)
(-0.0004468951 0.0002583388 0)
(-0.0004559139 0.0002233081 0)
(-0.0004626826 0.0001899022 0)
(-0.0004676798 0.0001580166 0)
(-0.0004712989 0.0001274856 0)
(-0.000473854 9.810212e-05 0)
(-0.0004755867 6.963178e-05 0)
(-0.0004766723 4.182326e-05 0)
(-0.0004772253 1.441507e-05 0)
(-0.0004773031 -1.285991e-05 0)
(-0.0004769075 -4.027084e-05 0)
(-0.0004759852 -6.808603e-05 0)
(-0.0004744255 -9.656944e-05 0)
(-0.0004720561 -0.0001259762 0)
(-0.0004686383 -0.0001565459 0)
(-0.0004638592 -0.0001884925 0)
(-0.0004573254 -0.0002219903 0)
(-0.0004485557 -0.000257154 0)
(-0.0004369782 -0.0002940111 0)
(-0.0004219325 -0.000332468 0)
(-0.0004026822 -0.0003722663 0)
(-0.0003784451 -0.0004129341 0)
(-0.0003484714 -0.0004537186 0)
(-0.0003121113 -0.0004935533 0)
(-0.000268897 -0.0005310797 0)
(-0.0002187003 -0.0005646308 0)
(-0.0001618997 -0.0005923323 0)
(-9.948077e-05 -0.0006122172 0)
(-3.351441e-05 -0.0006182409 0)
(-3.883767e-05 0.0006858202 0)
(-0.0001148605 0.0006774376 0)
(-0.0001859181 0.0006526596 0)
(-0.000249512 0.0006185992 0)
(-0.0003045327 0.0005780489 0)
(-0.0003507802 0.0005334516 0)
(-0.0003886606 0.000486897 0)
(-0.0004189475 0.0004400338 0)
(-0.0004426059 0.0003940773 0)
(-0.0004606956 0.0003497985 0)
(-0.0004742408 0.0003076377 0)
(-0.0004841646 0.0002677839 0)
(-0.0004912679 0.0002302439 0)
(-0.0004962242 0.0001948972 0)
(-0.0004995859 0.000161539 0)
(-0.0005017956 0.0001299105 0)
(-0.0005031984 9.972093e-05 0)
(-0.000504055 7.066119e-05 0)
(-0.0005045516 4.24129e-05 0)
(-0.0005048089 1.46534e-05 0)
(-0.000504887 -1.294222e-05 0)
(-0.0005047886 -4.069987e-05 0)
(-0.0005044586 -6.894576e-05 0)
(-0.0005037816 -9.800523e-05 0)
(-0.0005025761 -0.000128201 0)
(-0.0005005859 -0.000159848 0)
(-0.000497469 -0.0001932454 0)
(-0.000492785 -0.0002286625 0)
(-0.0004859806 -0.0002663173 0)
(-0.0004763777 -0.000306346 0)
(-0.0004631653 -0.0003487595 0)
(-0.0004454025 -0.000393387 0)
(-0.0004220379 -0.0004398045 0)
(-0.0003919713 -0.0004872514 0)
(-0.0003541889 -0.0005345106 0)
(-0.0003078649 -0.0005799058 0)
(-0.000252541 -0.0006212968 0)
(-0.0001883762 -0.0006561618 0)
(-0.0001164828 -0.0006815832 0)
(-3.940911e-05 -0.0006903313 0)
(-4.642906e-05 0.0007697376 0)
(-0.0001363975 0.0007572583 0)
(-0.0002188897 0.0007250015 0)
(-0.0002909751 0.0006814295 0)
(-0.0003514189 0.0006308386 0)
(-0.0004005172 0.0005764515 0)
(-0.0004391618 0.0005209467 0)
(-0.0004686606 0.0004663323 0)
(-0.0004905081 0.0004138867 0)
(-0.0005061993 0.0003643374 0)
(-0.000517075 0.0003180113 0)
(-0.0005242889 0.0002749508 0)
(-0.0005288006 0.0002350084 0)
(-0.0005313875 0.0001979166 0)
(-0.0005326665 0.0001633383 0)
(-0.000533117 0.0001308996 0)
(-0.0005331033 0.0001002107 0)
(-0.0005328947 7.087921e-05 0)
(-0.0005326801 4.251403e-05 0)
(-0.0005325805 1.472806e-05 0)
(-0.0005326563 -1.286257e-05 0)
(-0.0005329111 -4.064081e-05 0)
(-0.0005332906 -6.899181e-05 0)
(-0.0005336807 -9.830542e-05 0)
(-0.0005338989 -0.0001289772 0)
(-0.0005336827 -0.0001614061 0)
(-0.0005326737 -0.0001959911 0)
(-0.0005303973 -0.0002331186 0)
(-0.0005262392 -0.0002731422 0)
(-0.0005194204 -0.0003163499 0)
(-0.0005089735 -0.0003629143 0)
(-0.0004937272 -0.000412821 0)
(-0.0004723095 -0.0004657724 0)
(-0.0004431775 -0.0005210647 0)
(-0.0004047658 -0.0005774334 0)
(-0.0003556834 -0.0006328522 0)
(-0.0002949565 -0.0006845789 0)
(-0.0002221991 -0.0007292937 0)
(-0.0001386373 -0.0007624917 0)
(-4.72365e-05 -0.000775562 0)
(-5.68734e-05 0.000870654 0)
(-0.000165165 0.0008513339 0)
(-0.0002617588 0.0008084127 0)
(-0.0003436748 0.0007515174 0)
(-0.0004095106 0.0006876009 0)
(-0.000460672 0.0006206955 0)
(-0.0004987797 0.000554306 0)
(-0.0005260075 0.0004906394 0)
(-0.0005446008 0.0004309306 0)
(-0.0005565709 0.0003757435 0)
(-0.0005636274 0.000325177 0)
(-0.0005671676 0.0002790334 0)
(-0.0005683022 0.0002369397 0)
(-0.0005678942 0.0001984302 0)
(-0.0005666029 0.0001629999 0)
(-0.0005649232 0.0001301381 0)
(-0.0005632188 9.934378e-05 0)
(-0.0005617516 7.013218e-05 0)
(-0.0005607028 4.203706e-05 0)
(-0.0005601855 1.460784e-05 0)
(-0.0005602559 -1.259555e-05 0)
(-0.0005609178 -4.000988e-05 0)
(-0.0005621232 -6.807634e-05 0)
(-0.000563767 -9.724798e-05 0)
(-0.0005656768 -0.0001279952 0)
(-0.0005675998 -0.0001608094 0)
(-0.0005691815 -0.0001962014 0)
(-0.0005699361 -0.0002346955 0)
(-0.0005692119 -0.0002768161 0)
(-0.0005661497 -0.0003230545 0)
(-0.0005596364 -0.0003738173 0)
(-0.0005482606 -0.0004293433 0)
(-0.0005302816 -0.0004895804 0)
(-0.0005036324 -0.0005540123 0)
(-0.0004659765 -0.0006214405 0)
(-0.0004150106 -0.0006896721 0)
(-0.0003489827 -0.0007551306 0)
(-0.000266304 -0.000813681 0)
(-0.0001683528 -0.0008580034 0)
(-5.806637e-05 -0.0008783329 0)
(-7.203336e-05 0.0009944762 0)
(-0.0002049367 0.0009634415 0)
(-0.0003187189 0.0009051901 0)
(-0.000411787 0.0008292437 0)
(-0.0004822406 0.0007475322 0)
(-0.000533812 0.0006647492 0)
(-0.0005692179 0.0005852692 0)
(-0.000592036 0.0005112233 0)
(-0.000605404 0.0004436115 0)
(-0.0006119529 0.0003826261 0)
(-0.0006137851 0.0003279729 0)
(-0.0006125263 0.0002790909 0)
(-0.0006094038 0.0002352945 0)
(-0.0006053274 0.0001958624 0)
(-0.0006009587 0.000160091 0)
(-0.0005967731 0.0001273104 0)
(-0.0005931092 9.689648e-05 0)
(-0.0005902014 6.827067e-05 0)
(-0.0005882044 4.089509e-05 0)
(-0.0005872131 1.426209e-05 0)
(-0.0005872741 -1.211762e-05 0)
(-0.0005883918 -3.87274e-05 0)
(-0.0005905287 -6.605736e-05 0)
(-0.0005935995 -9.461698e-05 0)
(-0.0005974603 -0.0001249474 0)
(-0.0006018889 -0.000157633 0)
(-0.0006065598 -0.0001933067 0)
(-0.0006110119 -0.0002326527 0)
(-0.0006145981 -0.0002763955 0)
(-0.0006164216 -0.0003252866 0)
(-0.0006152623 -0.0003800535 0)
(-0.0006094902 -0.0004413137 0)
(-0.0005969785 -0.0005094324 0)
(-0.0005750378 -0.0005842987 0)
(-0.0005404257 -0.0006649934 0)
(-0.0004893737 -0.0007494435 0)
(-0.0004189654 -0.0008332528 0)
(-0.0003250898 -0.0009116495 0)
(-0.0002096314 -0.000972023 0)
(-7.389153e-05 -0.001004918 0)
(-9.508515e-05 0.001154031 0)
(-0.0002616455 0.001099278 0)
(-0.000395969 0.001018339 0)
(-0.0005013335 0.0009142069 0)
(-0.0005740046 0.0008087983 0)
(-0.000622935 0.0007061787 0)
(-0.0006523056 0.000611238 0)
(-0.0006676652 0.0005256668 0)
(-0.000673198 0.000449838 0)
(-0.0006722095 0.0003832643 0)
(-0.0006671627 0.0003250333 0)
(-0.0006598461 0.0002740668 0)
(-0.0006515306 0.0002292753 0)
(-0.0006430977 0.0001896311 0)
(-0.000635155 0.0001541926 0)
(-0.0006281177 0.0001221178 0)
(-0.0006222585 9.266048e-05 0)
(-0.000617753 6.515728e-05 0)
(-0.0006147114 3.900919e-05 0)
(-0.0006131982 1.366263e-05 0)
(-0.0006132454 -1.14089e-05 0)
(-0.0006148576 -3.672305e-05 0)
(-0.0006180128 -6.280663e-05 0)
(-0.0006226571 -9.021399e-05 0)
(-0.0006286927 -0.0001195459 0)
(-0.0006359591 -0.0001514692 0)
(-0.0006442012 -0.0001867366 0)
(-0.0006530249 -0.0002262024 0)
(-0.0006618458 -0.0002708285 0)
(-0.0006698077 -0.0003216758 0)
(-0.0006756635 -0.0003798816 0)
(-0.0006776394 -0.0004465963 0)
(-0.0006732666 -0.0005228326 0)
(-0.0006591934 -0.0006092065 0)
(-0.0006311212 -0.0007054968 0)
(-0.0005832705 -0.0008101546 0)
(-0.0005111879 -0.0009183408 0)
(-0.0004050969 -0.00102616 0)
(-0.0002688753 -0.001110295 0)
(-9.81983e-05 -0.00116857 0)
(-0.0001351051 0.001343679 0)
(-0.0003489749 0.001257416 0)
(-0.0005037971 0.001148034 0)
(-0.0006213309 0.001003608 0)
(-0.0006902676 0.0008677781 0)
(-0.0007313725 0.0007408785 0)
(-0.0007497299 0.000628371 0)
(-0.0007534361 0.0005306811 0)
(-0.0007478064 0.0004469603 0)
(-0.0007367576 0.0003756097 0)
(-0.0007229827 0.000314818 0)
(-0.0007082844 0.0002628471 0)
(-0.0006938396 0.000218103 0)
(-0.00068041 0.0001791932 0)
(-0.0006684719 0.0001449268 0)
(-0.0006583052 0.0001143001 0)
(-0.0006500698 8.646239e-05 0)
(-0.0006438527 6.068245e-05 0)
(-0.0006396991 3.631778e-05 0)
(-0.0006376312 1.278688e-05 0)
(-0.0006376597 -1.045602e-05 0)
(-0.0006397896 -3.394497e-05 0)
(-0.0006440196 -5.822536e-05 0)
(-0.0006503388 -8.387788e-05 0)
(-0.0006587155 -0.0001115443 0)
(-0.0006690796 -0.0001419562 0)
(-0.000681293 -0.0001759663 0)
(-0.0006951038 -0.0002145853 0)
(-0.0007100715 -0.0002590193 0)
(-0.0007254746 -0.00031069 0)
(-0.0007401828 -0.0003712438 0)
(-0.0007524412 -0.0004425019 0)
(-0.0007595887 -0.0005264037 0)
(-0.000757702 -0.0006247354 0)
(-0.0007413735 -0.0007386006 0)
(-0.000702219 -0.0008678749 0)
(-0.0006349668 -0.001007222 0)
(-0.0005170781 -0.00115744 0)
(-0.0003604563 -0.001271467 0)
(-0.0001405704 -0.001366229 0)
(-0.0001910463 0.001691577 0)
(-0.0004670971 0.001478705 0)
(-0.0006497683 0.001318294 0)
(-0.0007816066 0.001097537 0)
(-0.0008367325 0.0009197094 0)
(-0.0008623432 0.0007630885 0)
(-0.0008625031 0.0006314704 0)
(-0.0008490759 0.0005220748 0)
(-0.0008282694 0.0004317882 0)
(-0.0008043519 0.0003573464 0)
(-0.0007799254 0.0002957513 0)
(-0.0007565613 0.0002443869 0)
(-0.0007351845 0.0002010859 0)
(-0.0007162739 0.0001640916 0)
(-0.0007000481 0.0001319982 0)
(-0.0006865822 0.0001036727 0)
(-0.0006758762 7.819007e-05 0)
(-0.0006678977 5.478062e-05 0)
(-0.0006626069 3.278562e-05 0)
(-0.000659972 1.162087e-05 0)
(-0.0006599772 -9.254747e-06 0)
(-0.0006626269 -3.036838e-05 0)
(-0.0006679457 -5.225999e-05 0)
(-0.000675976 -7.551094e-05 0)
(-0.000686771 -0.0001007759 0)
(-0.000700381 -0.0001288203 0)
(-0.0007168304 -0.0001605647 0)
(-0.0007360778 -0.0001971407 0)
(-0.0007579504 -0.0002399584 0)
(-0.0007820321 -0.0002907907 0)
(-0.0008074753 -0.0003518475 0)
(-0.0008327993 -0.000425828 0)
(-0.0008555001 -0.0005158904 0)
(-0.0008713902 -0.0006255393 0)
(-0.0008742596 -0.000758297 0)
(-0.0008518937 -0.0009176321 0)
(-0.0008007336 -0.001100052 0)
(-0.0006694018 -0.001329737 0)
(-0.0004875355 -0.001497311 0)
(-0.0002029016 -0.001722481 0)
(-0.0003599889 0.001901838 0)
(-0.0007344701 0.001624975 0)
(-0.0008848456 0.001434682 0)
(-0.001019941 0.001155065 0)
(-0.001024693 0.0009442025 0)
(-0.00101961 0.0007599004 0)
(-0.0009907425 0.0006120132 0)
(-0.000953118 0.0004940867 0)
(-0.0009125349 0.0004005805 0)
(-0.0008727947 0.0003261676 0)
(-0.0008359423 0.0002664166 0)
(-0.0008029498 0.0002178209 0)
(-0.000774135 0.0001777054 0)
(-0.0007494977 0.0001440362 0)
(-0.0007288908 0.0001152583 0)
(-0.0007121134 9.016873e-05 0)
(-0.0006989619 6.782025e-05 0)
(-0.0006892572 4.744807e-05 0)
(-0.0006828588 2.841405e-05 0)
(-0.0006796715 1.016313e-05 0)
(-0.000679649 -7.811999e-06 0)
(-0.0006827948 -2.600374e-05 0)
(-0.0006891622 -4.491784e-05 0)
(-0.0006988548 -6.510403e-05 0)
(-0.0007120248 -8.719248e-05 0)
(-0.0007288683 -0.0001119375 0)
(-0.0007496134 -0.0001402734 0)
(-0.0007744975 -0.0001733892 0)
(-0.0008037214 -0.0002128271 0)
(-0.0008373636 -0.0002606144 0)
(-0.00087522 -0.000319436 0)
(-0.0009164842 -0.000392848 0)
(-0.0009593003 -0.0004854066 0)
(-0.00100011 -0.0006027061 0)
(-0.001033468 -0.0007506944 0)
(-0.001043999 -0.0009364634 0)
(-0.001047043 -0.00114949 0)
(-0.0009145279 -0.001443149 0)
(-0.0007653152 -0.001637393 0)
(-0.0003780695 -0.001958882 0)
(-0.0004807063 0.0030259 0)
(-0.0009495578 0.002059073 0)
(-0.001119563 0.001761986 0)
(-0.001272392 0.001243483 0)
(-0.001231917 0.0009642432 0)
(-0.001194555 0.0007316952 0)
(-0.001128321 0.0005654914 0)
(-0.00106051 0.0004425089 0)
(-0.0009961889 0.0003504239 0)
(-0.0009385159 0.0002802569 0)
(-0.0008882719 0.0002257617 0)
(-0.0008452724 0.0001826072 0)
(-0.0008089691 0.0001477424 0)
(-0.0007787208 0.0001189867 0)
(-0.0007539155 9.475457e-05 0)
(-0.00073402 7.38695e-05 0)
(-0.0007185966 5.543604e-05 0)
(-0.0007073037 3.875155e-05 0)
(-0.0006998916 2.324323e-05 0)
(-0.0006961978 8.421864e-06 0)
(-0.0006961439 -6.151788e-06 0)
(-0.0006997325 -2.090778e-05 0)
(-0.0007070458 -3.628577e-05 0)
(-0.0007182504 -5.276589e-05 0)
(-0.0007336042 -7.090907e-05 0)
(-0.0007534617 -9.140135e-05 0)
(-0.0007782818 -0.0001151159 0)
(-0.0008086311 -0.0001432008 0)
(-0.0008451753 -0.0001772071 0)
(-0.0008886406 -0.0002192785 0)
(-0.0009397083 -0.0002724356 0)
(-0.000998769 -0.0003410101 0)
(-0.001065356 -0.0004313421 0)
(-0.001136672 -0.0005528888 0)
(-0.00120799 -0.0007194094 0)
(-0.001250666 -0.0009555379 0)
(-0.001307082 -0.001240368 0)
(-0.001157509 -0.001779666 0)
(-0.001016179 -0.00209881 0)
(-0.0005399929 -0.003111884 0)
(-0.001345712 0.00303002 0)
(-0.002021006 0.002007951 0)
(-0.001698395 0.001683044 0)
(-0.001817606 0.001133566 0)
(-0.001536126 0.0008553174 0)
(-0.001418263 0.0006268351 0)
(-0.001279843 0.0004696236 0)
(-0.001168101 0.0003579577 0)
(-0.001074696 0.0002775213 0)
(-0.0009973598 0.0002182488 0)
(-0.0009334896 0.0001735315 0)
(-0.0008808626 0.0001389663 0)
(-0.0008376457 0.000111588 0)
(-0.000802373 8.936568e-05 0)
(-0.0007738931 7.087914e-05 0)
(-0.0007513151 5.510977e-05 0)
(-0.0007339612 4.130522e-05 0)
(-0.0007213299 2.88899e-05 0)
(-0.000713067 1.740422e-05 0)
(-0.0007089436 6.461578e-06 0)
(-0.0007088544 -4.285472e-06 0)
(-0.0007128031 -1.516174e-05 0)
(-0.0007208932 -2.650948e-05 0)
(-0.0007333494 -3.870643e-05 0)
(-0.0007505299 -5.219625e-05 0)
(-0.0007729426 -6.753102e-05 0)
(-0.000801278 -8.542927e-05 0)
(-0.000836451 -0.000106862 0)
(-0.0008796579 -0.0001331833 0)
(-0.0009324461 -0.0001663332 0)
(-0.0009967996 -0.0002091537 0)
(-0.001075231 -0.0002658826 0)
(-0.001171011 -0.0003428977 0)
(-0.001288007 -0.0004498586 0)
(-0.001435956 -0.0005997392 0)
(-0.001565044 -0.0008227739 0)
(-0.001870903 -0.001081821 0)
(-0.001774534 -0.001660164 0)
(-0.002116739 -0.001947425 0)
(-0.001411485 -0.003208953 0)
(-0.001742087 0.007126413 0)
(-0.002395434 0.002387096 0)
(-0.002014453 0.001951403 0)
(-0.00208602 0.001023709 0)
(-0.001710131 0.0006950156 0)
(-0.001543558 0.0004686062 0)
(-0.001355805 0.0003295273 0)
(-0.001208387 0.0002408542 0)
(-0.001089851 0.0001814659 0)
(-0.0009952201 0.0001399954 0)
(-0.0009193837 0.0001098789 0)
(-0.0008583855 8.721783e-05 0)
(-0.0008092292 6.960892e-05 0)
(-0.0007696817 5.551344e-05 0)
(-0.0007380884 4.390825e-05 0)
(-0.0007132274 3.408678e-05 0)
(-0.0006942031 2.554173e-05 0)
(-0.0006803701 1.789333e-05 0)
(-0.0006712813 1.084343e-05 0)
(-0.0006666546 4.14404e-06 0)
(-0.0006663438 -2.428953e-06 0)
(-0.00067034 -9.079153e-06 0)
(-0.0006787717 -1.601643e-05 0)
(-0.0006919005 -2.348254e-05 0)
(-0.0007101499 -3.176174e-05 0)
(-0.0007341389 -4.121115e-05 0)
(-0.000764731 -5.230396e-05 0)
(-0.0008031086 -6.569658e-05 0)
(-0.0008508773 -8.234001e-05 0)
(-0.0009102061 -0.0001036727 0)
(-0.0009839999 -0.0001319685 0)
(-0.001076059 -0.0001709808 0)
(-0.001191108 -0.0002271514 0)
(-0.001332503 -0.0003119477 0)
(-0.001515235 -0.0004449877 0)
(-0.001658679 -0.0006716875 0)
(-0.002055911 -0.0009950603 0)
(-0.001898042 -0.001959538 0)
(-0.002402698 -0.00249035 0)
(-0.001497462 -0.007418227 0)
(0.007822516 0.006311988 0)
(0.006827382 0.001757188 0)
(0.01098805 0.001347537 0)
(0.01111339 0.0005887198 0)
(0.01209399 0.000346655 0)
(0.01243299 0.0002071931 0)
(0.01271849 0.0001323807 0)
(0.01291715 9.088215e-05 0)
(0.01306225 6.580335e-05 0)
(0.01317183 4.957973e-05 0)
(0.01325658 3.839027e-05 0)
(0.01332323 3.024136e-05 0)
(0.01337617 2.403531e-05 0)
(0.01341837 1.913021e-05 0)
(0.01345189 1.512636e-05 0)
(0.01347819 1.175967e-05 0)
(0.01349831 8.845961e-06 0)
(0.01351299 6.250011e-06 0)
(0.01352275 3.867212e-06 0)
(0.01352789 1.611697e-06 0)
(0.01352859 -5.916936e-07 0)
(0.01352488 -2.818218e-06 0)
(0.01351664 -5.134246e-06 0)
(0.01350359 -7.620257e-06 0)
(0.01348528 -1.037235e-05 0)
(0.01346105 -1.351088e-05 0)
(0.01342998 -1.71965e-05 0)
(0.01339072 -2.165662e-05 0)
(0.01334141 -2.72338e-05 0)
(0.01327933 -3.448118e-05 0)
(0.01320044 -4.436103e-05 0)
(0.01309849 -5.866843e-05 0)
(0.01296322 -8.094857e-05 0)
(0.01277929 -0.0001186532 0)
(0.01250182 -0.0001876583 0)
(0.01222057 -0.0003232265 0)
(0.01118584 -0.0005412657 0)
(0.01121734 -0.001309975 0)
(0.006892507 -0.001688017 0)
(0.008017165 -0.006228732 0)
)
;

boundaryField
{
    movingWall
    {
        type            fixedValue;
        value           uniform (1 0 0);
    }
    fixedWalls
    {
        type            fixedValue;
        value           uniform (0 0 0);
    }
    frontAndBack
    {
        type            empty;
    }
}


// ************************************************************************* //
