/*--------------------------------*- C++ -*----------------------------------*\
| =========                 |                                                 |
| \\      /  F ield         | OpenFOAM: The Open Source CFD Toolbox           |
|  \\    /   O peration     | Version:  2412                                  |
|   \\  /    A nd           | Website:  www.openfoam.com                      |
|    \\/     M anipulation  |                                                 |
\*---------------------------------------------------------------------------*/
FoamFile
{
    version     2.0;
    format      ascii;
    arch        "LSB;label=32;scalar=64";
    class       volVectorField;
    location    "0.45";
    object      vorticity;
}
// * * * * * * * * * * * * * * * * * * * * * * * * * * * * * * * * * * * * * //

dimensions      [0 0 -1 0 0 0 0];

internalField   nonuniform List<vector> 
1600
(
(0 -0 0.0003874428)
(0 -0 0.0005825275)
(0 -0 0.0009675217)
(0 -0 0.001346908)
(0 -0 0.001717637)
(0 -0 0.002077349)
(0 -0 0.002423786)
(0 -0 0.002754793)
(0 -0 0.003068341)
(0 -0 0.003362533)
(0 -0 0.003635617)
(0 -0 0.003885991)
(0 -0 0.004112209)
(0 -0 0.004312982)
(0 -0 0.004487188)
(0 -0 0.004633862)
(0 -0 0.004752201)
(0 -0 0.004841565)
(0 -0 0.004901473)
(0 -0 0.004931604)
(0 -0 0.004931796)
(0 -0 0.004902044)
(0 -0 0.0048425)
(0 -0 0.004753478)
(0 -0 0.004635453)
(0 -0 0.004489053)
(0 -0 0.004315077)
(0 -0 0.004114481)
(0 -0 0.003888387)
(0 -0 0.003638078)
(0 -0 0.003364999)
(0 -0 0.00307075)
(0 -0 0.002757086)
(0 -0 0.002425905)
(0 -0 0.002079242)
(0 -0 0.001719255)
(0 -0 0.001348211)
(0 -0 0.0009684765)
(0 -0 0.0005831096)
(0 -0 0.0003878327)
(0 -0 0.0005844646)
(0 -0 4.2068e-06)
(0 -0 3.4944e-06)
(0 -0 4.8562e-06)
(0 -0 6.1916e-06)
(0 -0 7.4876e-06)
(0 -0 8.7358e-06)
(0 -0 9.9282e-06)
(0 -0 1.10572e-05)
(0 -0 1.211716e-05)
(0 -0 1.310078e-05)
(0 -0 1.400256e-05)
(0 -0 1.481688e-05)
(0 -0 1.553984e-05)
(0 -0 1.616764e-05)
(0 -0 1.669398e-05)
(0 -0 1.71218e-05)
(0 -0 1.744366e-05)
(0 -0 1.765814e-05)
(0 -0 1.776621e-05)
(0 -0 1.776736e-05)
(0 -0 1.765771e-05)
(0 -0 1.744208e-05)
(0 -0 1.712382e-05)
(0 -0 1.669656e-05)
(0 -0 1.616802e-05)
(0 -0 1.554154e-05)
(0 -0 1.481966e-05)
(0 -0 1.400494e-05)
(0 -0 1.310318e-05)
(0 -0 1.211948e-05)
(0 -0 1.10598e-05)
(0 -0 9.9304e-06)
(0 -0 8.7376e-06)
(0 -0 7.4894e-06)
(0 -0 6.1932e-06)
(0 -0 4.8574e-06)
(0 -0 3.4954e-06)
(0 -0 4.2088e-06)
(0 -0 0.0005850551)
(0 -0 0.0009792555)
(0 -0 3.5368e-06)
(0 -0 1.7e-08)
(0 -0 1.18e-08)
(0 -0 1.5e-08)
(0 -0 1.82e-08)
(0 -0 2.12e-08)
(0 -0 2.4e-08)
(0 -0 2.68e-08)
(0 -0 2.96e-08)
(0 -0 3.18e-08)
(0 -0 3.44e-08)
(0 -0 3.62e-08)
(0 -0 3.94e-08)
(0 -0 3.948e-08)
(0 -0 3.976e-08)
(0 -0 4.168e-08)
(0 -0 4.048e-08)
(0 -0 4.15e-08)
(0 -0 4.2684e-08)
(0 -0 4.308e-08)
(0 -0 4.0936e-08)
(0 -0 4.17e-08)
(0 -0 4.186e-08)
(0 -0 3.856e-08)
(0 -0 3.908e-08)
(0 -0 3.82e-08)
(0 -0 3.52e-08)
(0 -0 3.44e-08)
(0 -0 3.14e-08)
(0 -0 2.92e-08)
(0 -0 2.66e-08)
(0 -0 2.36e-08)
(0 -0 2.08e-08)
(0 -0 1.8e-08)
(0 -0 1.48e-08)
(0 -0 1.14e-08)
(0 -0 1.68e-08)
(0 -0 3.5394e-06)
(0 -0 0.000980257)
(0 -0 0.001380908)
(0 -0 4.979e-06)
(0 -0 1.18e-08)
(0 -0 2.100642e-19)
(0 -0 2e-10)
(0 -0 2e-10)
(0 -0 4.269046e-19)
(0 -0 -2e-10)
(0 -0 2e-10)
(0 -0 2e-10)
(0 -0 0)
(0 -0 -8e-10)
(0 -0 8e-10)
(0 -0 1e-09)
(0 -0 6e-10)
(0 -0 1.14e-09)
(0 -0 -8e-11)
(0 -0 -1.66e-09)
(0 -0 -1.6e-10)
(0 -0 1.12e-09)
(0 -0 -1.46e-09)
(0 -0 4.4e-10)
(0 -0 1.14e-09)
(0 -0 -1.44e-09)
(0 -0 -4e-11)
(0 -0 1e-09)
(0 -0 2e-10)
(0 -0 8e-10)
(0 -0 -2e-10)
(0 -0 -1.084202e-19)
(0 -0 -2.168404e-19)
(0 -0 0)
(0 -0 6.369688e-19)
(0 -0 2e-10)
(0 -0 2.100642e-19)
(0 -0 4.269046e-19)
(0 -0 -2.100642e-19)
(0 -0 1.22e-08)
(0 -0 4.9828e-06)
(0 -0 0.001382345)
(0 -0 0.001791518)
(0 -0 6.4586e-06)
(0 -0 1.52e-08)
(0 -0 0)
(0 -0 2.100642e-19)
(0 -0 2e-10)
(0 -0 -4.201283e-19)
(0 -0 0)
(0 -0 2e-10)
(0 -0 -2.032879e-19)
(0 -0 4.201283e-19)
(0 -0 -6e-10)
(0 -0 2e-10)
(0 -0 -8e-10)
(0 -0 6e-10)
(0 -0 1.2e-09)
(0 -0 -3.2e-10)
(0 -0 8e-11)
(0 -0 -6.8e-10)
(0 -0 2.2e-10)
(0 -0 3.2e-10)
(0 -0 6e-11)
(0 -0 8.8e-10)
(0 -0 6.4e-10)
(0 -0 1.2e-09)
(0 -0 -2e-10)
(0 -0 -1.6e-09)
(0 -0 6e-10)
(0 -0 -8e-10)
(0 -0 6.369688e-19)
(0 -0 -1.490778e-18)
(0 -0 -2e-10)
(0 -0 -2.168404e-19)
(0 -0 2e-10)
(0 -0 -2e-10)
(0 -0 -2e-10)
(0 -0 2e-10)
(0 -0 1.56e-08)
(0 -0 6.4636e-06)
(0 -0 0.001793429)
(0 -0 0.002213771)
(0 -0 7.98e-06)
(0 -0 1.9e-08)
(0 -0 -4.201283e-19)
(0 -0 2.168404e-19)
(0 -0 4.201283e-19)
(0 -0 4.201283e-19)
(0 -0 -2.168404e-19)
(0 -0 -2e-10)
(0 -0 6.369688e-19)
(0 -0 -8e-10)
(0 -0 2e-10)
(0 -0 6.234162e-19)
(0 -0 -1e-09)
(0 -0 -6e-10)
(0 -0 -6e-10)
(0 -0 -8e-10)
(0 -0 3.4e-10)
(0 -0 2.4e-10)
(0 -0 -6.4e-10)
(0 -0 -3.2e-10)
(0 -0 -1e-10)
(0 -0 -1.32e-09)
(0 -0 1e-09)
(0 -0 8e-10)
(0 -0 -1e-09)
(0 -0 8e-10)
(0 -0 -1.2e-09)
(0 -0 -4e-10)
(0 -0 -4e-10)
(0 -0 2e-10)
(0 -0 6.369688e-19)
(0 -0 1.057097e-18)
(0 -0 -2e-10)
(0 -0 -4.201283e-19)
(0 -0 2e-10)
(0 -0 2e-10)
(0 -0 1.94e-08)
(0 -0 7.9862e-06)
(0 -0 0.002216204)
(0 -0 0.002650469)
(0 -0 9.5536e-06)
(0 -0 2.3e-08)
(0 -0 -1.057097e-18)
(0 -0 4.201283e-19)
(0 -0 -4.201283e-19)
(0 -0 -4.201283e-19)
(0 -0 -4.201283e-19)
(0 -0 0)
(0 -0 -2e-10)
(0 -0 -8e-10)
(0 -0 1e-09)
(0 -0 -8.402567e-19)
(0 -0 -4e-10)
(0 -0 2e-10)
(0 -0 -6e-10)
(0 -0 -1.6e-09)
(0 -0 9.4e-10)
(0 -0 1.18e-09)
(0 -0 4e-11)
(0 -0 8e-11)
(0 -0 -1.8e-10)
(0 -0 1.4e-10)
(0 -0 -2e-10)
(0 -0 -6e-10)
(0 -0 4e-10)
(0 -0 1.2e-09)
(0 -0 -6e-10)
(0 -0 -6e-10)
(0 -0 1e-09)
(0 -0 -1.680513e-18)
(0 -0 8.402567e-19)
(0 -0 0)
(0 -0 0)
(0 -0 2e-10)
(0 -0 -4.201283e-19)
(0 -0 -2.100642e-19)
(0 -0 2.34e-08)
(0 -0 9.5616e-06)
(0 -0 0.002653487)
(0 -0 0.003104551)
(0 -0 1.119e-05)
(0 -0 2.68e-08)
(0 -0 -2e-10)
(0 -0 2e-10)
(0 -0 0)
(0 -0 4.336809e-19)
(0 -0 -2e-10)
(0 -0 -2e-10)
(0 -0 -4e-10)
(0 -0 1.6e-09)
(0 -0 1.2e-09)
(0 -0 -1.6e-09)
(0 -0 -4e-10)
(0 -0 6e-10)
(0 -0 1.2e-09)
(0 -0 1.4e-09)
(0 -0 3.2e-10)
(0 -0 -2.4e-10)
(0 -0 1e-10)
(0 -0 1.16e-09)
(0 -0 -2.2e-10)
(0 -0 1.28e-09)
(0 -0 -6e-10)
(0 -0 -4e-10)
(0 -0 2e-10)
(0 -0 8e-10)
(0 -0 6e-10)
(0 -0 4e-10)
(0 -0 0)
(0 -0 0)
(0 -0 2e-10)
(0 -0 0)
(0 -0 -8.402567e-19)
(0 -0 0)
(0 -0 8.402567e-19)
(0 -0 2.032879e-19)
(0 -0 2.72e-08)
(0 -0 1.11996e-05)
(0 -0 0.003108232)
(0 -0 0.00357912)
(0 -0 1.29e-05)
(0 -0 3.06e-08)
(0 -0 -2e-10)
(0 -0 4.336809e-19)
(0 -0 2e-10)
(0 -0 0)
(0 -0 -8.402567e-19)
(0 -0 4e-10)
(0 -0 -6e-10)
(0 -0 8e-10)
(0 -0 -2e-10)
(0 -0 -8e-10)
(0 -0 4e-10)
(0 -0 -6e-10)
(0 -0 6e-10)
(0 -0 2.710505e-19)
(0 -0 -6e-10)
(0 -0 -1.6e-10)
(0 -0 -5.6e-10)
(0 -0 -1.24e-09)
(0 -0 7.6e-10)
(0 -0 4e-10)
(0 -0 -6e-10)
(0 -0 6e-10)
(0 -0 -2e-10)
(0 -0 -1e-09)
(0 -0 -2e-10)
(0 -0 -6e-10)
(0 -0 -2e-09)
(0 -0 4e-10)
(0 -0 8e-10)
(0 -0 2e-10)
(0 -0 2e-10)
(0 -0 -2e-10)
(0 -0 -4.336809e-19)
(0 -0 2.168404e-19)
(0 -0 3.14e-08)
(0 -0 1.29116e-05)
(0 -0 0.00358356)
(0 -0 0.004077484)
(0 -0 1.46958e-05)
(0 -0 3.58e-08)
(0 -0 4e-10)
(0 -0 0)
(0 -0 -4.065758e-19)
(0 -0 -2e-10)
(0 -0 2e-10)
(0 -0 -2e-10)
(0 -0 -4e-10)
(0 -0 -2e-10)
(0 -0 2e-10)
(0 -0 1.8e-09)
(0 -0 1.2e-09)
(0 -0 -1.2e-09)
(0 -0 -8e-10)
(0 -0 -1.2e-09)
(0 -0 -6e-10)
(0 -0 5.4e-10)
(0 -0 1e-10)
(0 -0 -1.14e-09)
(0 -0 -3e-10)
(0 -0 -2e-10)
(0 -0 -6e-10)
(0 -0 -1.2e-09)
(0 -0 6e-10)
(0 -0 -1.8e-09)
(0 -0 -8e-10)
(0 -0 -8e-10)
(0 -0 -2e-10)
(0 -0 2e-10)
(0 -0 8e-10)
(0 -0 -4.336809e-19)
(0 -0 2e-10)
(0 -0 -8.402567e-19)
(0 -0 -2e-10)
(0 -0 -4e-10)
(0 -0 3.68e-08)
(0 -0 1.47102e-05)
(0 -0 0.004082801)
(0 -0 0.004603202)
(0 -0 1.65896e-05)
(0 -0 3.92e-08)
(0 -0 8e-10)
(0 -0 4e-10)
(0 -0 -6e-10)
(0 -0 4e-10)
(0 -0 4.065758e-19)
(0 -0 -4e-10)
(0 -0 6e-10)
(0 -0 -2e-10)
(0 -0 -6e-10)
(0 -0 -2e-10)
(0 -0 4e-10)
(0 -0 1e-09)
(0 -0 -1.6e-09)
(0 -0 1.8e-09)
(0 -0 2e-10)
(0 -0 -2.2e-10)
(0 -0 2.4e-10)
(0 -0 1.42e-09)
(0 -0 3.6e-10)
(0 -0 -6e-10)
(0 -0 8e-10)
(0 -0 -1.2e-09)
(0 -0 6e-10)
(0 -0 2.981556e-18)
(0 -0 8e-10)
(0 -0 8e-10)
(0 -0 0)
(0 -0 -2e-10)
(0 -0 -2e-10)
(0 -0 4e-10)
(0 -0 2e-10)
(0 -0 1e-09)
(0 -0 -8e-10)
(0 -0 -4e-10)
(0 -0 4.12e-08)
(0 -0 1.66072e-05)
(0 -0 0.004609535)
(0 -0 0.005160123)
(0 -0 1.85978e-05)
(0 -0 4.3e-08)
(0 -0 6e-10)
(0 -0 8e-10)
(0 -0 -4e-10)
(0 -0 -6e-10)
(0 -0 -6e-10)
(0 -0 1e-09)
(0 -0 1.2e-09)
(0 -0 2e-10)
(0 -0 -1.2e-09)
(0 -0 -1e-09)
(0 -0 -1e-09)
(0 -0 4e-10)
(0 -0 -4e-10)
(0 -0 1e-09)
(0 -0 -5.421011e-19)
(0 -0 2e-11)
(0 -0 -4e-10)
(0 -0 1.8e-10)
(0 -0 8e-10)
(0 -0 4e-10)
(0 -0 8e-10)
(0 -0 8e-10)
(0 -0 -2e-10)
(0 -0 4e-10)
(0 -0 1.4e-09)
(0 -0 2e-10)
(0 -0 -4.336809e-19)
(0 -0 -8e-10)
(0 -0 -6e-10)
(0 -0 -4e-10)
(0 -0 8e-10)
(0 -0 1.2e-09)
(0 -0 -1.2e-09)
(0 -0 -2e-10)
(0 -0 4.68e-08)
(0 -0 1.86172e-05)
(0 -0 0.005167644)
(0 -0 0.005752463)
(0 -0 2.07306e-05)
(0 -0 4.92e-08)
(0 -0 8.402567e-19)
(0 -0 -1.4e-09)
(0 -0 2e-10)
(0 -0 1.4e-09)
(0 -0 1.680513e-18)
(0 -0 -8.673617e-19)
(0 -0 -2e-10)
(0 -0 4e-10)
(0 -0 -8e-10)
(0 -0 1.4e-09)
(0 -0 -1e-09)
(0 -0 2e-10)
(0 -0 1e-09)
(0 -0 -1.2e-09)
(0 -0 4e-10)
(0 -0 -5.8e-10)
(0 -0 9.8e-10)
(0 -0 -2e-11)
(0 -0 -7.8e-10)
(0 -0 2e-10)
(0 -0 -1e-09)
(0 -0 -1.084202e-18)
(0 -0 -8e-10)
(0 -0 1.4e-09)
(0 -0 -2e-10)
(0 -0 -2e-10)
(0 -0 4e-10)
(0 -0 4e-10)
(0 -0 0)
(0 -0 -2e-09)
(0 -0 -6e-10)
(0 -0 1.2e-09)
(0 -0 1.707618e-18)
(0 -0 4e-10)
(0 -0 5.04e-08)
(0 -0 2.07544e-05)
(0 -0 0.005761377)
(0 -0 0.006384861)
(0 -0 2.30106e-05)
(0 -0 5.44e-08)
(0 -0 8e-10)
(0 -0 -1e-09)
(0 -0 -2e-10)
(0 -0 8e-10)
(0 -0 2e-09)
(0 -0 8.131516e-19)
(0 -0 -2e-09)
(0 -0 -1e-09)
(0 -0 4e-10)
(0 -0 -8e-10)
(0 -0 2e-10)
(0 -0 8e-10)
(0 -0 1.2e-09)
(0 -0 -4e-10)
(0 -0 1e-09)
(0 -0 5.2e-10)
(0 -0 1.02e-09)
(0 -0 1.08e-09)
(0 -0 -2.2e-10)
(0 -0 -1.2e-09)
(0 -0 -4e-10)
(0 -0 2e-10)
(0 -0 1e-09)
(0 -0 8e-10)
(0 -0 -1.6e-09)
(0 -0 -4.662069e-18)
(0 -0 -6e-10)
(0 -0 2e-09)
(0 -0 -1.680513e-18)
(0 -0 3.361027e-18)
(0 -0 -8e-10)
(0 -0 -1.4e-09)
(0 -0 -8e-10)
(0 -0 4e-10)
(0 -0 5.82e-08)
(0 -0 2.30382e-05)
(0 -0 0.006395417)
(0 -0 0.007062489)
(0 -0 2.5453e-05)
(0 -0 6.06e-08)
(0 -0 6e-10)
(0 -0 -1.2e-09)
(0 -0 2e-10)
(0 -0 8.673617e-19)
(0 -0 0)
(0 -0 -8.131516e-19)
(0 -0 0)
(0 -0 0)
(0 -0 6e-10)
(0 -0 -2e-10)
(0 -0 6e-10)
(0 -0 -6e-10)
(0 -0 -2e-10)
(0 -0 6e-10)
(0 -0 8e-10)
(0 -0 -3e-10)
(0 -0 -2e-11)
(0 -0 1e-10)
(0 -0 1.02e-09)
(0 -0 4e-10)
(0 -0 -2.493665e-18)
(0 -0 1e-09)
(0 -0 2e-10)
(0 -0 -6e-10)
(0 -0 -1e-09)
(0 -0 -4e-10)
(0 -0 -2e-09)
(0 -0 -8.131516e-19)
(0 -0 2e-09)
(0 -0 -1.680513e-18)
(0 -0 1.680513e-18)
(0 -0 2e-10)
(0 -0 1.4e-09)
(0 -0 1e-09)
(0 -0 6.14e-08)
(0 -0 2.54854e-05)
(0 -0 0.007074984)
(0 -0 0.007791145)
(0 -0 2.808e-05)
(0 -0 6.64e-08)
(0 -0 1e-09)
(0 -0 1.4e-09)
(0 -0 -2e-10)
(0 -0 8.673617e-19)
(0 -0 -2e-09)
(0 -0 8.673617e-19)
(0 -0 1.734723e-18)
(0 -0 -2.547875e-18)
(0 -0 3.415237e-18)
(0 -0 2.2e-09)
(0 -0 1.6e-09)
(0 -0 8.673617e-19)
(0 -0 -1.4e-09)
(0 -0 2e-10)
(0 -0 -4e-10)
(0 -0 -1.02e-09)
(0 -0 -1.6e-09)
(0 -0 -1.8e-10)
(0 -0 -6e-10)
(0 -0 -6e-10)
(0 -0 4e-10)
(0 -0 0)
(0 -0 -6e-10)
(0 -0 -6e-10)
(0 -0 6e-10)
(0 -0 4.228388e-18)
(0 -0 1.680513e-18)
(0 -0 -3.361027e-18)
(0 -0 2e-09)
(0 -0 0)
(0 -0 0)
(0 -0 -1.4e-09)
(0 -0 4.336809e-19)
(0 -0 1.2e-09)
(0 -0 6.94e-08)
(0 -0 2.8117e-05)
(0 -0 0.007805941)
(0 -0 0.008577413)
(0 -0 3.0913e-05)
(0 -0 7.2e-08)
(0 -0 6e-10)
(0 -0 -4e-10)
(0 -0 -6e-10)
(0 -0 0)
(0 -0 2e-09)
(0 -0 -2e-09)
(0 -0 -2e-09)
(0 -0 2e-09)
(0 -0 -2.493665e-18)
(0 -0 2e-10)
(0 -0 1.2e-09)
(0 -0 -8e-10)
(0 -0 -1e-09)
(0 -0 -1.951564e-18)
(0 -0 2e-10)
(0 -0 1.1e-09)
(0 -0 -6e-11)
(0 -0 -5e-10)
(0 -0 6.000001e-11)
(0 -0 2e-10)
(0 -0 -4e-10)
(0 -0 -6e-10)
(0 -0 -2e-10)
(0 -0 4e-10)
(0 -0 2e-10)
(0 -0 -2e-09)
(0 -0 -8.673617e-19)
(0 -0 2e-09)
(0 -0 -8.131516e-19)
(0 -0 -2e-09)
(0 -0 -2.547875e-18)
(0 -0 2.2e-09)
(0 -0 4e-10)
(0 -0 -6e-10)
(0 -0 7.64e-08)
(0 -0 3.0959e-05)
(0 -0 0.008594943)
(0 -0 0.009428822)
(0 -0 3.39816e-05)
(0 -0 7.88e-08)
(0 -0 -4e-10)
(0 -0 -8e-10)
(0 -0 0)
(0 -0 8.673617e-19)
(0 -0 1.734723e-18)
(0 -0 1.626303e-18)
(0 -0 2e-09)
(0 -0 0)
(0 -0 2.493665e-18)
(0 -0 -8.673617e-19)
(0 -0 2e-10)
(0 -0 -1.4e-09)
(0 -0 -2e-10)
(0 -0 -8e-10)
(0 -0 -6e-10)
(0 -0 6.4e-10)
(0 -0 9.6e-10)
(0 -0 5.6e-10)
(0 -0 1.04e-09)
(0 -0 2e-10)
(0 -0 8e-10)
(0 -0 4e-10)
(0 -0 -2e-10)
(0 -0 4e-10)
(0 -0 2.493665e-18)
(0 -0 0)
(0 -0 7.589415e-19)
(0 -0 -2e-09)
(0 -0 3.361027e-18)
(0 -0 3.361027e-18)
(0 -0 -2e-09)
(0 -0 -8.673617e-19)
(0 -0 6e-10)
(0 -0 -6e-10)
(0 -0 8.4e-08)
(0 -0 3.40376e-05)
(0 -0 0.009449621)
(0 -0 0.01035409)
(0 -0 3.73168e-05)
(0 -0 8.84e-08)
(0 -0 -1.2e-09)
(0 -0 8e-10)
(0 -0 2.547875e-18)
(0 -0 -8.131516e-19)
(0 -0 -3.361027e-18)
(0 -0 -8.673617e-19)
(0 -0 -8.673617e-19)
(0 -0 -2e-09)
(0 -0 -8.673617e-19)
(0 -0 2e-09)
(0 -0 -1e-09)
(0 -0 -1.2e-09)
(0 -0 1.4e-09)
(0 -0 -4e-10)
(0 -0 -2e-10)
(0 -0 -4.2e-10)
(0 -0 -4.8e-10)
(0 -0 -7.8e-10)
(0 -0 -5.2e-10)
(0 -0 -6e-10)
(0 -0 1.2e-09)
(0 -0 2.059984e-18)
(0 -0 -4e-10)
(0 -0 1.4e-09)
(0 -0 4.336809e-18)
(0 -0 2e-09)
(0 -0 2e-09)
(0 -0 -2e-09)
(0 -0 -2e-09)
(0 -0 2e-09)
(0 -0 -2e-09)
(0 -0 -2e-09)
(0 -0 4e-10)
(0 -0 2e-09)
(0 -0 9.26e-08)
(0 -0 3.73818e-05)
(0 -0 0.01037881)
(0 -0 0.01136342)
(0 -0 4.09534e-05)
(0 -0 9.7e-08)
(0 -0 2e-10)
(0 -0 -8.673617e-19)
(0 -0 0)
(0 -0 3.469447e-18)
(0 -0 2e-09)
(0 -0 0)
(0 -0 -2e-09)
(0 -0 1.734723e-18)
(0 -0 2.602085e-18)
(0 -0 -2e-09)
(0 -0 2e-09)
(0 -0 -4e-10)
(0 -0 4e-10)
(0 -0 1.8e-09)
(0 -0 1.6e-09)
(0 -0 1.2e-10)
(0 -0 -2.2e-10)
(0 -0 -1.32e-09)
(0 -0 -1.38e-09)
(0 -0 1.4e-09)
(0 -0 -4.228388e-18)
(0 -0 4e-10)
(0 -0 -4e-10)
(0 -0 -4.228388e-18)
(0 -0 -2e-09)
(0 -0 2e-09)
(0 -0 2e-09)
(0 -0 -2.493665e-18)
(0 -0 -2e-09)
(0 -0 2e-09)
(0 -0 -3.361027e-18)
(0 -0 3.361027e-18)
(0 -0 0)
(0 -0 8e-10)
(0 -0 1.02e-07)
(0 -0 4.10332e-05)
(0 -0 0.01139288)
(0 -0 0.01246891)
(0 -0 4.49376e-05)
(0 -0 1.056e-07)
(0 -0 2e-10)
(0 -0 -2e-09)
(0 -0 -8.673617e-19)
(0 -0 -1.734723e-18)
(0 -0 2e-09)
(0 -0 2e-09)
(0 -0 -2e-09)
(0 -0 1.734723e-18)
(0 -0 3.361027e-18)
(0 -0 8.673617e-19)
(0 -0 4.228388e-18)
(0 -0 2e-10)
(0 -0 -1.8e-09)
(0 -0 -6e-10)
(0 -0 4e-10)
(0 -0 4e-10)
(0 -0 -2.6e-10)
(0 -0 2e-10)
(0 -0 6.000001e-11)
(0 -0 4e-10)
(0 -0 -4e-10)
(0 -0 1.4e-09)
(0 -0 1.626303e-18)
(0 -0 -2e-09)
(0 -0 3.469447e-18)
(0 -0 0)
(0 -0 5.963112e-18)
(0 -0 1.734723e-18)
(0 -0 1.734723e-18)
(0 -0 6.830474e-18)
(0 -0 2e-09)
(0 -0 -2e-09)
(0 -0 5.908902e-18)
(0 -0 1e-09)
(0 -0 1.106e-07)
(0 -0 4.5032e-05)
(0 -0 0.01250411)
(0 -0 0.01368503)
(0 -0 4.93228e-05)
(0 -0 1.158e-07)
(0 -0 -6e-10)
(0 -0 -4.228388e-18)
(0 -0 -1.734723e-18)
(0 -0 -2.602085e-18)
(0 -0 -2e-09)
(0 -0 -5.09575e-18)
(0 -0 2e-09)
(0 -0 -6.830474e-18)
(0 -0 -3.469447e-18)
(0 -0 2e-09)
(0 -0 -2e-09)
(0 -0 -2.602085e-18)
(0 -0 4e-10)
(0 -0 -1.8e-09)
(0 -0 -2e-10)
(0 -0 -2e-10)
(0 -0 6e-10)
(0 -0 -4.98733e-18)
(0 -0 1e-09)
(0 -0 -1.6e-09)
(0 -0 2e-10)
(0 -0 -4e-10)
(0 -0 -7.589415e-18)
(0 -0 -3.361027e-18)
(0 -0 2e-09)
(0 -0 -2.493665e-18)
(0 -0 -5.09575e-18)
(0 -0 -2e-09)
(0 -0 0)
(0 -0 -2e-09)
(0 -0 2e-09)
(0 -0 -4.228388e-18)
(0 -0 -4.228388e-18)
(0 -0 -4e-10)
(0 -0 1.228e-07)
(0 -0 4.94364e-05)
(0 -0 0.01372725)
(0 -0 0.01502941)
(0 -0 5.41682e-05)
(0 -0 1.268e-07)
(0 -0 2e-09)
(0 -0 3.361027e-18)
(0 -0 -1.734723e-18)
(0 -0 3.469447e-18)
(0 -0 -2e-09)
(0 -0 5.09575e-18)
(0 -0 5.09575e-18)
(0 -0 -1.734723e-18)
(0 -0 1.734723e-18)
(0 -0 -2e-09)
(0 -0 2e-09)
(0 -0 8.673617e-19)
(0 -0 -6e-10)
(0 -0 1.8e-09)
(0 -0 -1e-09)
(0 -0 -8e-10)
(0 -0 -4e-10)
(0 -0 -2e-10)
(0 -0 -2e-10)
(0 -0 4e-10)
(0 -0 2e-10)
(0 -0 -1.2e-09)
(0 -0 0)
(0 -0 2e-09)
(0 -0 8.673617e-19)
(0 -0 5.963112e-18)
(0 -0 -8.456777e-18)
(0 -0 6.830474e-18)
(0 -0 1.734723e-18)
(0 -0 2e-09)
(0 -0 -2e-09)
(0 -0 1.734723e-18)
(0 -0 -2.493665e-18)
(0 -0 2e-09)
(0 -0 1.358e-07)
(0 -0 5.43046e-05)
(0 -0 0.01508027)
(0 -0 0.01652378)
(0 -0 5.95564e-05)
(0 -0 1.384e-07)
(0 -0 1.626303e-18)
(0 -0 1.626303e-18)
(0 -0 -8.673617e-19)
(0 -0 -2e-09)
(0 -0 -3.361027e-18)
(0 -0 0)
(0 -0 0)
(0 -0 -6.938894e-18)
(0 -0 -2e-09)
(0 -0 -9.324139e-18)
(0 -0 -2e-09)
(0 -0 -7.589415e-18)
(0 -0 1e-09)
(0 -0 1.6e-09)
(0 -0 -8.131516e-18)
(0 -0 4e-10)
(0 -0 2e-10)
(0 -0 8e-10)
(0 -0 -4e-10)
(0 -0 1.6e-09)
(0 -0 -8e-10)
(0 -0 -4e-10)
(0 -0 -6.722053e-18)
(0 -0 7.806256e-18)
(0 -0 -2e-09)
(0 -0 2e-09)
(0 -0 8.456777e-18)
(0 -0 2e-09)
(0 -0 2e-09)
(0 -0 -6.830474e-18)
(0 -0 -2e-09)
(0 -0 2.493665e-18)
(0 -0 2e-09)
(0 -0 -8.673617e-19)
(0 -0 1.474e-07)
(0 -0 5.9719e-05)
(0 -0 0.01658533)
(0 -0 0.01819532)
(0 -0 6.55794e-05)
(0 -0 1.526e-07)
(0 -0 -2e-09)
(0 -0 -2e-09)
(0 -0 0)
(0 -0 -2e-09)
(0 -0 5.20417e-18)
(0 -0 2e-09)
(0 -0 0)
(0 -0 6.722053e-18)
(0 -0 1.734723e-18)
(0 -0 1.734723e-18)
(0 -0 -2e-09)
(0 -0 9.324139e-18)
(0 -0 2.2e-09)
(0 -0 -1.2e-09)
(0 -0 -2e-10)
(0 -0 8e-10)
(0 -0 -4e-10)
(0 -0 1.4e-09)
(0 -0 2e-10)
(0 -0 -1e-09)
(0 -0 2e-10)
(0 -0 -2e-09)
(0 -0 -4.336809e-18)
(0 -0 2e-09)
(0 -0 6.071532e-18)
(0 -0 -1.734723e-18)
(0 -0 3.469447e-18)
(0 -0 -2e-09)
(0 -0 1.192622e-17)
(0 -0 0)
(0 -0 -6.722053e-18)
(0 -0 -1.626303e-18)
(0 -0 3.361027e-18)
(0 -0 7.589415e-18)
(0 -0 1.648e-07)
(0 -0 6.57824e-05)
(0 -0 0.01827029)
(0 -0 0.02007873)
(0 -0 7.23688e-05)
(0 -0 1.66e-07)
(0 -0 -1.626303e-18)
(0 -0 -2e-09)
(0 -0 -2e-09)
(0 -0 -3.252607e-18)
(0 -0 3.469447e-18)
(0 -0 3.469447e-18)
(0 -0 2e-09)
(0 -0 4.98733e-18)
(0 -0 -2e-09)
(0 -0 2.602085e-18)
(0 -0 2.602085e-18)
(0 -0 -1.734723e-18)
(0 -0 -2e-10)
(0 -0 -1e-09)
(0 -0 -4e-10)
(0 -0 -8e-10)
(0 -0 -1.4e-09)
(0 -0 -4e-10)
(0 -0 8e-10)
(0 -0 -1.2e-09)
(0 -0 1.2e-09)
(0 -0 -6e-10)
(0 -0 1.517883e-18)
(0 -0 -2e-09)
(0 -0 -5.20417e-18)
(0 -0 -6.722053e-18)
(0 -0 2e-09)
(0 -0 -4.98733e-18)
(0 -0 -2e-09)
(0 -0 2e-09)
(0 -0 0)
(0 -0 2e-09)
(0 -0 1.01915e-17)
(0 -0 2e-09)
(0 -0 1.84e-07)
(0 -0 7.26186e-05)
(0 -0 0.02017071)
(0 -0 0.02221906)
(0 -0 8.00838e-05)
(0 -0 1.82e-07)
(0 -0 -4.119968e-18)
(0 -0 -3.252607e-18)
(0 -0 3.252607e-18)
(0 -0 -2e-09)
(0 -0 -4.98733e-18)
(0 -0 -1.517883e-18)
(0 -0 4.98733e-18)
(0 -0 -2e-09)
(0 -0 3.469447e-18)
(0 -0 2e-09)
(0 -0 -2e-09)
(0 -0 -6.722053e-18)
(0 -0 4e-10)
(0 -0 -1e-09)
(0 -0 6e-10)
(0 -0 -4e-10)
(0 -0 -5.637851e-18)
(0 -0 -2e-10)
(0 -0 -6e-10)
(0 -0 -1e-09)
(0 -0 1.6e-09)
(0 -0 6e-10)
(0 -0 -1.257675e-17)
(0 -0 -2e-09)
(0 -0 3.252607e-18)
(0 -0 -2e-09)
(0 -0 -1.01915e-17)
(0 -0 2e-09)
(0 -0 2e-09)
(0 -0 2e-09)
(0 -0 2e-09)
(0 -0 -2e-09)
(0 -0 -5.20417e-18)
(0 -0 2e-09)
(0 -0 2.06e-07)
(0 -0 8.03964e-05)
(0 -0 0.02233293)
(0 -0 0.02467619)
(0 -0 8.8941e-05)
(0 -0 1.98e-07)
(0 -0 1.734723e-18)
(0 -0 -3.469447e-18)
(0 -0 -8.456777e-18)
(0 -0 -2e-09)
(0 -0 1.734723e-18)
(0 -0 2e-09)
(0 -0 -2e-09)
(0 -0 -2e-09)
(0 -0 0)
(0 -0 2e-09)
(0 -0 2e-09)
(0 -0 -2e-09)
(0 -0 4e-10)
(0 -0 1.6e-09)
(0 -0 8e-10)
(0 -0 -2e-10)
(0 -0 6e-10)
(0 -0 -2e-10)
(0 -0 -4e-10)
(0 -0 -1.301043e-18)
(0 -0 -1.4e-09)
(0 -0 -1.2e-09)
(0 -0 1.192622e-17)
(0 -0 2e-09)
(0 -0 1.734723e-18)
(0 -0 -2e-09)
(0 -0 -3.469447e-18)
(0 -0 1.192622e-17)
(0 -0 2e-09)
(0 -0 6.722053e-18)
(0 -0 2e-09)
(0 -0 0)
(0 -0 3.469447e-18)
(0 -0 -4.98733e-18)
(0 -0 2.32e-07)
(0 -0 8.93378e-05)
(0 -0 0.02481874)
(0 -0 0.02753182)
(0 -0 9.92302e-05)
(0 -0 2.18e-07)
(0 -0 -4.98733e-18)
(0 -0 -2e-09)
(0 -0 -2e-09)
(0 -0 -2e-09)
(0 -0 -2e-09)
(0 -0 3.252607e-18)
(0 -0 2e-09)
(0 -0 2e-09)
(0 -0 3.469447e-18)
(0 -0 -1.01915e-17)
(0 -0 4.98733e-18)
(0 -0 -8.456777e-18)
(0 -0 6e-10)
(0 -0 -2e-10)
(0 -0 -6e-10)
(0 -0 2e-10)
(0 -0 1.6e-09)
(0 -0 -1.4e-09)
(0 -0 1.2e-09)
(0 -0 8e-10)
(0 -0 -8e-10)
(0 -0 6e-10)
(0 -0 -8.456777e-18)
(0 -0 1.778092e-17)
(0 -0 -1.734723e-18)
(0 -0 8.456777e-18)
(0 -0 1.192622e-17)
(0 -0 -1.734723e-18)
(0 -0 1.864828e-17)
(0 -0 -1.344411e-17)
(0 -0 -5.20417e-18)
(0 -0 2e-09)
(0 -0 4e-09)
(0 -0 4e-09)
(0 -0 2.6e-07)
(0 -0 9.97406e-05)
(0 -0 0.02771273)
(0 -0 0.03090063)
(0 -0 0.000111368)
(0 -0 2.38e-07)
(0 -0 -2e-09)
(0 -0 -2e-09)
(0 -0 -2e-09)
(0 -0 -2e-09)
(0 -0 -3.469447e-18)
(0 -0 -3.469447e-18)
(0 -0 -2e-09)
(0 -0 1.734723e-18)
(0 -0 2e-09)
(0 -0 2e-09)
(0 -0 -2e-09)
(0 -0 2.385245e-18)
(0 -0 1.734723e-18)
(0 -0 2e-10)
(0 -0 -1.4e-09)
(0 -0 1e-09)
(0 -0 2.168404e-18)
(0 -0 6e-10)
(0 -0 -8e-10)
(0 -0 -2e-10)
(0 -0 2e-10)
(0 -0 4e-10)
(0 -0 -9.324139e-18)
(0 -0 2.602085e-18)
(0 -0 0)
(0 -0 -1.192622e-17)
(0 -0 -2e-09)
(0 -0 0)
(0 -0 3.469447e-18)
(0 -0 -9.97466e-18)
(0 -0 2e-09)
(0 -0 2e-09)
(0 -0 4e-09)
(0 -0 4e-09)
(0 -0 3e-07)
(0 -0 0.000112034)
(0 -0 0.03113422)
(0 -0 0.03495184)
(0 -0 0.000125958)
(0 -0 2.54e-07)
(0 -0 2e-09)
(0 -0 -4e-09)
(0 -0 -2e-09)
(0 -0 1.387779e-17)
(0 -0 9.97466e-18)
(0 -0 3.469447e-18)
(0 -0 1.691355e-17)
(0 -0 1.366095e-17)
(0 -0 2e-09)
(0 -0 3.469447e-18)
(0 -0 2e-09)
(0 -0 2e-09)
(0 -0 -4e-10)
(0 -0 -4e-10)
(0 -0 -4e-10)
(0 -0 -8e-10)
(0 -0 -2e-10)
(0 -0 1.6e-09)
(0 -0 -1.8e-09)
(0 -0 -8.456777e-18)
(0 -0 -1.2e-09)
(0 -0 -4e-10)
(0 -0 4.119968e-18)
(0 -0 1.105886e-17)
(0 -0 -2e-09)
(0 -0 -2e-09)
(0 -0 8.456777e-18)
(0 -0 -9.97466e-18)
(0 -0 -2e-09)
(0 -0 2.0383e-17)
(0 -0 4e-09)
(0 -0 2e-09)
(0 -0 4e-09)
(0 -0 8.673617e-18)
(0 -0 3.58e-07)
(0 -0 0.000126844)
(0 -0 0.03525983)
(0 -0 0.03992259)
(0 -0 0.000143888)
(0 -0 2.48e-07)
(0 -0 1.6e-08)
(0 -0 -1e-08)
(0 -0 0)
(0 -0 0)
(0 -0 -9.97466e-18)
(0 -0 -3.469447e-18)
(0 -0 -8.673617e-18)
(0 -0 2e-09)
(0 -0 2e-09)
(0 -0 -2e-09)
(0 -0 1.431147e-17)
(0 -0 2e-09)
(0 -0 -4e-10)
(0 -0 -6e-10)
(0 -0 2e-10)
(0 -0 4e-10)
(0 -0 -2e-10)
(0 -0 2e-10)
(0 -0 1.2e-09)
(0 -0 4e-10)
(0 -0 1.2e-09)
(0 -0 -2.4e-09)
(0 -0 -9.324139e-18)
(0 -0 -8.673617e-19)
(0 -0 1.734723e-18)
(0 -0 -1.864828e-17)
(0 -0 -1.040834e-17)
(0 -0 1.734723e-18)
(0 -0 -2e-09)
(0 -0 1.344411e-17)
(0 -0 -1.344411e-17)
(0 -0 -2e-09)
(0 -0 1e-08)
(0 -0 -1.6e-08)
(0 -0 4.54e-07)
(0 -0 0.00014508)
(0 -0 0.04034146)
(0 -0 0.04632761)
(0 -0 0.000166924)
(0 -0 1.42e-07)
(0 -0 6.4e-08)
(0 -0 -2.4e-08)
(0 -0 4e-09)
(0 -0 2e-09)
(0 -0 2e-09)
(0 -0 -2e-09)
(0 -0 -3.469447e-18)
(0 -0 2e-09)
(0 -0 2e-09)
(0 -0 2e-09)
(0 -0 -2e-09)
(0 -0 -2e-09)
(0 -0 -4e-10)
(0 -0 1.6e-09)
(0 -0 2e-10)
(0 -0 1e-09)
(0 -0 2e-10)
(0 -0 -1.6e-09)
(0 -0 1.4e-09)
(0 -0 -8e-10)
(0 -0 6e-10)
(0 -0 -2e-10)
(0 -0 1.105886e-17)
(0 -0 5.20417e-18)
(0 -0 1.517883e-18)
(0 -0 2.0383e-17)
(0 -0 -2e-09)
(0 -0 1.994932e-17)
(0 -0 6.938894e-18)
(0 -0 -2.0383e-17)
(0 -0 -3.469447e-18)
(0 -0 -6e-09)
(0 -0 2.6e-08)
(0 -0 -8e-08)
(0 -0 6.82e-07)
(0 -0 0.000168298)
(0 -0 0.04691088)
(0 -0 0.05394112)
(0 -0 0.000196132)
(0 -0 -1.74e-07)
(0 -0 3.44e-07)
(0 -0 -3.2e-08)
(0 -0 2.2e-08)
(0 -0 2e-09)
(0 -0 1.387779e-17)
(0 -0 0)
(0 -0 2e-09)
(0 -0 2e-09)
(0 -0 4e-09)
(0 -0 -1.734723e-18)
(0 -0 1.539567e-17)
(0 -0 -2.602085e-18)
(0 -0 1.8e-09)
(0 -0 1e-09)
(0 -0 1.8e-09)
(0 -0 -1.4e-09)
(0 -0 1.734723e-18)
(0 -0 -1e-09)
(0 -0 -8e-10)
(0 -0 -2e-10)
(0 -0 -8e-10)
(0 -0 -4e-10)
(0 -0 -2e-09)
(0 -0 2e-09)
(0 -0 -2e-09)
(0 -0 -2e-09)
(0 -0 -2e-09)
(0 -0 -2e-09)
(0 -0 1.344411e-17)
(0 -0 2.385245e-17)
(0 -0 -2e-09)
(0 -0 -2.2e-08)
(0 -0 3.6e-08)
(0 -0 -3.88e-07)
(0 -0 1.198e-06)
(0 -0 0.000197424)
(0 -0 0.05484799)
(0 -0 0.06790332)
(0 -0 0.000244244)
(0 -0 -2.39e-06)
(0 -0 5.1e-07)
(0 -0 -4.62e-07)
(0 -0 -3e-08)
(0 -0 -2.2e-08)
(0 -0 -6e-09)
(0 -0 2e-09)
(0 -0 4e-09)
(0 -0 2e-09)
(0 -0 6.938894e-18)
(0 -0 2e-09)
(0 -0 1.01915e-17)
(0 -0 1.257675e-17)
(0 -0 1.4e-09)
(0 -0 4e-10)
(0 -0 1e-09)
(0 -0 -1e-09)
(0 -0 -1.34e-09)
(0 -0 1e-09)
(0 -0 -8.6e-10)
(0 -0 8e-10)
(0 -0 1.8e-09)
(0 -0 -1.2e-09)
(0 -0 -2e-09)
(0 -0 -9.324139e-18)
(0 -0 -4.98733e-18)
(0 -0 -2e-09)
(0 -0 -2e-09)
(0 -0 -2e-09)
(0 -0 2e-09)
(0 -0 6e-09)
(0 -0 2.8e-08)
(0 -0 3.4e-08)
(0 -0 5e-07)
(0 -0 -5.74e-07)
(0 -0 3.816e-06)
(0 -0 0.000242298)
(0 -0 0.06914582)
(0 -0 0.07632946)
(0 -0 0.000306094)
(0 -0 -2.306e-06)
(0 -0 6.118e-06)
(0 -0 3.98e-07)
(0 -0 4.5e-07)
(0 -0 8.4e-08)
(0 -0 2.8e-08)
(0 -0 8e-09)
(0 -0 2e-09)
(0 -0 -4e-09)
(0 -0 -2e-09)
(0 -0 -2e-09)
(0 -0 -4e-09)
(0 -0 -1.4e-09)
(0 -0 -5e-09)
(0 -0 -5.2e-09)
(0 -0 -4e-09)
(0 -0 -4.8e-09)
(0 -0 -4.98e-09)
(0 -0 -3.4e-09)
(0 -0 -4.82e-09)
(0 -0 -3.8e-09)
(0 -0 -4.8e-09)
(0 -0 -5.4e-09)
(0 -0 -4.4e-09)
(0 -0 -6e-09)
(0 -0 -8e-09)
(0 -0 -6e-09)
(0 -0 -8e-09)
(0 -0 -1.2e-08)
(0 -0 -1.8e-08)
(0 -0 -4.4e-08)
(0 -0 -1.2e-07)
(0 -0 -5.38e-07)
(0 -0 -4.66e-07)
(0 -0 -6.744e-06)
(0 -0 4.084e-06)
(0 -0 0.00025821)
(0 -0 0.07866733)
(0 -0 0.1214139)
(0 -0 0.000452438)
(0 -0 -4.0812e-05)
(0 -0 -1.556e-06)
(0 -0 -7.096e-06)
(0 -0 -1.976e-06)
(0 -0 -1.716e-06)
(0 -0 -1.69e-06)
(0 -0 -1.818e-06)
(0 -0 -1.942e-06)
(0 -0 -2.048e-06)
(0 -0 -2.13e-06)
(0 -0 -2.196e-06)
(0 -0 -2.2506e-06)
(0 -0 -2.298e-06)
(0 -0 -2.3366e-06)
(0 -0 -2.373e-06)
(0 -0 -2.4022e-06)
(0 -0 -2.42972e-06)
(0 -0 -2.45836e-06)
(0 -0 -2.48488e-06)
(0 -0 -2.51364e-06)
(0 -0 -2.5422e-06)
(0 -0 -2.574e-06)
(0 -0 -2.6072e-06)
(0 -0 -2.6506e-06)
(0 -0 -2.697e-06)
(0 -0 -2.754e-06)
(0 -0 -2.824e-06)
(0 -0 -2.92e-06)
(0 -0 -3.04e-06)
(0 -0 -3.194e-06)
(0 -0 -3.36e-06)
(0 -0 -3.406e-06)
(0 -0 -3.222e-06)
(0 -0 1.728e-06)
(0 -0 -5.362e-06)
(0 -0 3.1282e-05)
(0 -0 0.000384116)
(0 -0 0.1248822)
(0 -0 0.125987)
(0 -0 0.001978004)
(0 -0 0.0004101)
(0 -0 -0.000281972)
(0 -0 -0.000570338)
(0 -0 -0.000733816)
(0 -0 -0.000827868)
(0 -0 -0.000884506)
(0 -0 -0.000920936)
(0 -0 -0.000945712)
(0 -0 -0.000963414)
(0 -0 -0.000976608)
(0 -0 -0.0009868104)
(0 -0 -0.0009949592)
(0 -0 -0.00100166)
(0 -0 -0.00100733)
(0 -0 -0.001012267)
(0 -0 -0.001016692)
(0 -0 -0.001020772)
(0 -0 -0.001024658)
(0 -0 -0.001028468)
(0 -0 -0.00103233)
(0 -0 -0.001036376)
(0 -0 -0.001040733)
(0 -0 -0.001045578)
(0 -0 -0.001051116)
(0 -0 -0.001057636)
(0 -0 -0.001065531)
(0 -0 -0.001075384)
(0 -0 -0.001088098)
(0 -0 -0.001105156)
(0 -0 -0.00112908)
(0 -0 -0.00116448)
(0 -0 -0.00122021)
(0 -0 -0.001313406)
(0 -0 -0.001481376)
(0 -0 -0.001771222)
(0 -0 -0.00250142)
(0 -0 -0.0032454)
(0 -0 0.1222769)
(0 -0 0.00690562)
(0 -0 -0.280468)
(0 -0 -0.2809966)
(0 -0 -0.2837477)
(0 -0 -0.2837044)
(0 -0 -0.2843348)
(0 -0 -0.2845217)
(0 -0 -0.2846662)
(0 -0 -0.2847561)
(0 -0 -0.2848155)
(0 -0 -0.2848569)
(0 -0 -0.2848873)
(0 -0 -0.2849104)
(0 -0 -0.2849289)
(0 -0 -0.2849442)
(0 -0 -0.2849574)
(0 -0 -0.2849693)
(0 -0 -0.2849804)
(0 -0 -0.2849913)
(0 -0 -0.2850021)
(0 -0 -0.2850134)
(0 -0 -0.2850254)
(0 -0 -0.2850387)
(0 -0 -0.2850537)
(0 -0 -0.2850708)
(0 -0 -0.2850907)
(0 -0 -0.2851149)
(0 -0 -0.2851441)
(0 -0 -0.2851809)
(0 -0 -0.2852281)
(0 -0 -0.285291)
(0 -0 -0.2853781)
(0 -0 -0.285504)
(0 -0 -0.2857027)
(0 -0 -0.2859503)
(0 -0 -0.2867137)
(0 -0 -0.2868919)
(0 -0 -0.2897433)
(0 -0 -0.2893587)
(0 -0 0.00959854)
(0 -0 -39.71701)
(0 -0 -40.01065)
(0 -0 -39.8439)
(0 -0 -39.83947)
(0 -0 -39.79995)
(0 -0 -39.7865)
(0 -0 -39.77507)
(0 -0 -39.76716)
(0 -0 -39.76138)
(0 -0 -39.75702)
(0 -0 -39.75364)
(0 -0 -39.75099)
(0 -0 -39.74888)
(0 -0 -39.7472)
(0 -0 -39.74587)
(0 -0 -39.74483)
(0 -0 -39.74403)
(0 -0 -39.74345)
(0 -0 -39.74306)
(0 -0 -39.74286)
(0 -0 -39.74284)
(0 -0 -39.743)
(0 -0 -39.74334)
(0 -0 -39.74387)
(0 -0 -39.74462)
(0 -0 -39.7456)
(0 -0 -39.74686)
(0 -0 -39.74845)
(0 -0 -39.75045)
(0 -0 -39.75296)
(0 -0 -39.75615)
(0 -0 -39.76028)
(0 -0 -39.76576)
(0 -0 -39.7732)
(0 -0 -39.78436)
(0 -0 -39.79583)
(0 -0 -39.83714)
(0 -0 -39.83655)
(0 -0 -40.00858)
(0 -0 -39.71127)
)
;

boundaryField
{
    movingWall
    {
        type            calculated;
        value           nonuniform List<vector> 
40
(
(0 -0 -79.21282)
(0 -0 -79.5531)
(0 -0 -79.14433)
(0 -0 -79.13095)
(0 -0 -79.04011)
(0 -0 -79.00965)
(0 -0 -78.98485)
(0 -0 -78.96796)
(0 -0 -78.95585)
(0 -0 -78.9468)
(0 -0 -78.93986)
(0 -0 -78.93443)
(0 -0 -78.93013)
(0 -0 -78.92671)
(0 -0 -78.924)
(0 -0 -78.92187)
(0 -0 -78.92025)
(0 -0 -78.91906)
(0 -0 -78.91827)
(0 -0 -78.91786)
(0 -0 -78.9178)
(0 -0 -78.9181)
(0 -0 -78.91876)
(0 -0 -78.91982)
(0 -0 -78.9213)
(0 -0 -78.92325)
(0 -0 -78.92576)
(0 -0 -78.92894)
(0 -0 -78.93294)
(0 -0 -78.938)
(0 -0 -78.94445)
(0 -0 -78.95285)
(0 -0 -78.96414)
(0 -0 -78.97979)
(0 -0 -79.00395)
(0 -0 -79.02943)
(0 -0 -79.12487)
(0 -0 -79.12555)
(0 -0 -79.54697)
(0 -0 -79.20029)
)
;
    }
    fixedWalls
    {
        type            calculated;
        value           nonuniform List<vector> 
120
(
(0 -0 0.0005802654)
(0 -0 0.001165903)
(0 -0 0.001954618)
(0 -0 0.002756342)
(0 -0 0.003575955)
(0 -0 0.004418822)
(0 -0 0.005290545)
(0 -0 0.006196991)
(0 -0 0.007144369)
(0 -0 0.00813929)
(0 -0 0.00918887)
(0 -0 0.0103008)
(0 -0 0.01148355)
(0 -0 0.01274638)
(0 -0 0.01409966)
(0 -0 0.01555503)
(0 -0 0.01712568)
(0 -0 0.01882675)
(0 -0 0.02067576)
(0 -0 0.02269324)
(0 -0 0.02490356)
(0 -0 0.02733597)
(0 -0 0.03002607)
(0 -0 0.03301789)
(0 -0 0.03636669)
(0 -0 0.04014316)
(0 -0 0.04443958)
(0 -0 0.04937934)
(0 -0 0.05513228)
(0 -0 0.06193972)
(0 -0 0.07016441)
(0 -0 0.08032233)
(0 -0 0.09358391)
(0 -0 0.1094135)
(0 -0 0.1398238)
(0 -0 0.1579402)
(0 -0 0.2617865)
(0 -0 0.2676292)
(0 -0 0.3867485)
(0 -0 -39.37343)
(0 -0 0.0005808517)
(0 -0 0.001167089)
(0 -0 0.00195663)
(0 -0 0.002759229)
(0 -0 0.003579792)
(0 -0 0.004423708)
(0 -0 0.005296605)
(0 -0 0.006204384)
(0 -0 0.007153286)
(0 -0 0.008149969)
(0 -0 0.009201587)
(0 -0 0.01031592)
(0 -0 0.01150146)
(0 -0 0.01276759)
(0 -0 0.01412477)
(0 -0 0.01558477)
(0 -0 0.01716093)
(0 -0 0.01886858)
(0 -0 0.02072549)
(0 -0 0.02275253)
(0 -0 0.02497444)
(0 -0 0.02742101)
(0 -0 0.03012857)
(0 -0 0.03314207)
(0 -0 0.03651809)
(0 -0 0.04032917)
(0 -0 0.04467029)
(0 -0 0.04966885)
(0 -0 0.05550095)
(0 -0 0.06241811)
(0 -0 0.07079973)
(0 -0 0.08119608)
(0 -0 0.09481918)
(0 -0 0.1113924)
(0 -0 0.1425485)
(0 -0 0.1634524)
(0 -0 0.269619)
(0 -0 0.2758656)
(0 -0 0.4048852)
(0 -0 -39.37131)
(0 -0 0.0005792703)
(0 -0 0.001158299)
(0 -0 0.00192498)
(0 -0 0.002679821)
(0 -0 0.003417444)
(0 -0 0.004133159)
(0 -0 0.004822471)
(0 -0 0.005481096)
(0 -0 0.006104995)
(0 -0 0.006690393)
(0 -0 0.007233802)
(0 -0 0.00773203)
(0 -0 0.008182201)
(0 -0 0.008581744)
(0 -0 0.008928424)
(0 -0 0.00922032)
(0 -0 0.009455825)
(0 -0 0.009633673)
(0 -0 0.009752897)
(0 -0 0.009812864)
(0 -0 0.009813246)
(0 -0 0.009754034)
(0 -0 0.009635534)
(0 -0 0.009458362)
(0 -0 0.009223477)
(0 -0 0.008932129)
(0 -0 0.008585903)
(0 -0 0.008186709)
(0 -0 0.007736787)
(0 -0 0.007238688)
(0 -0 0.006695289)
(0 -0 0.006109778)
(0 -0 0.005485649)
(0 -0 0.004826679)
(0 -0 0.004136917)
(0 -0 0.003420657)
(0 -0 0.002682407)
(0 -0 0.001926875)
(0 -0 0.001159454)
(0 -0 0.0005798524)
)
;
    }
    frontAndBack
    {
        type            empty;
    }
}


// ************************************************************************* //
