/*--------------------------------*- C++ -*----------------------------------*\
| =========                 |                                                 |
| \\      /  F ield         | OpenFOAM: The Open Source CFD Toolbox           |
|  \\    /   O peration     | Version:  2412                                  |
|   \\  /    A nd           | Website:  www.openfoam.com                      |
|    \\/     M anipulation  |                                                 |
\*---------------------------------------------------------------------------*/
FoamFile
{
    version     2.0;
    format      ascii;
    arch        "LSB;label=32;scalar=64";
    class       volScalarField;
    location    "0.25";
    object      p;
}
// * * * * * * * * * * * * * * * * * * * * * * * * * * * * * * * * * * * * * //

dimensions      [0 2 -2 0 0 0 0];

internalField   nonuniform List<scalar> 
1600
(
2.704772e-12
5.3967e-07
1.620326e-06
3.23475e-06
5.372549e-06
8.019983e-06
1.116009e-05
1.477284e-05
1.883526e-05
2.332166e-05
2.820379e-05
3.345108e-05
3.903083e-05
4.490842e-05
5.104757e-05
5.741054e-05
6.395836e-05
7.065105e-05
7.744785e-05
8.430747e-05
9.118824e-05
9.804841e-05
0.0001048463
0.0001115406
0.0001180905
0.0001244559
0.000130598
0.0001364787
0.0001420618
0.0001473126
0.0001521983
0.0001566882
0.0001607541
0.00016437
0.000167513
0.000170163
0.0001723029
0.0001739189
0.0001750007
0.0001755409
-5.390114e-07
4.107656e-09
1.09167e-06
2.716391e-06
4.867792e-06
7.532016e-06
1.069196e-05
1.432744e-05
1.84153e-05
2.292967e-05
2.784208e-05
3.312177e-05
3.873579e-05
4.464932e-05
5.082586e-05
5.722743e-05
6.381484e-05
7.05479e-05
7.738563e-05
8.428651e-05
9.120865e-05
9.811009e-05
0.0001049489
0.0001116836
0.0001182732
0.0001246773
0.0001308567
0.0001367735
0.000142391
0.0001476742
0.0001525903
0.0001571082
0.0001611996
0.0001648383
0.0001680012
0.0001706681
0.0001728216
0.000174448
0.0001755367
0.0001760804
-1.62573e-06
-1.075643e-06
2.586046e-08
1.671367e-06
3.850219e-06
6.548327e-06
9.748311e-06
1.342965e-05
1.756884e-05
2.213961e-05
2.71131e-05
3.245809e-05
3.814121e-05
4.41272e-05
5.037908e-05
5.685845e-05
6.352566e-05
7.034007e-05
7.726027e-05
8.424427e-05
9.124978e-05
9.823437e-05
0.0001051557
0.0001119718
0.0001186412
0.0001251233
0.0001313782
0.0001373675
0.0001430543
0.000148403
0.0001533803
0.0001579548
0.0001620976
0.0001657824
0.0001689855
0.0001716863
0.0001738674
0.0001755146
0.0001766173
0.000177168
-3.26671e-06
-2.70608e-06
-1.583487e-06
9.346134e-08
2.313833e-06
5.063183e-06
8.323699e-06
1.207436e-05
1.629113e-05
2.094714e-05
2.601289e-05
3.145652e-05
3.724399e-05
4.333936e-05
4.970498e-05
5.630176e-05
6.308938e-05
7.002653e-05
7.707113e-05
8.418054e-05
9.13118e-05
9.842184e-05
0.0001054677
0.0001124066
0.0001191966
0.0001257962
0.000132165
0.000138264
0.0001440553
0.0001495029
0.0001545727
0.0001592327
0.0001634533
0.0001672076
0.0001704714
0.0001732237
0.0001754464
0.0001771252
0.0001782491
0.0001788104
-5.472591e-06
-4.897752e-06
-3.746734e-06
-2.027413e-06
2.489036e-07
3.067281e-06
6.409322e-06
1.025333e-05
1.457452e-05
1.934521e-05
2.453506e-05
3.011133e-05
3.603908e-05
4.228144e-05
4.879986e-05
5.555434e-05
6.250366e-05
6.960561e-05
7.681721e-05
8.409497e-05
9.139504e-05
9.867347e-05
0.0001058864
0.0001129903
0.0001199421
0.0001266997
0.0001332216
0.0001394678
0.0001453997
0.0001509803
0.0001561745
0.0001609495
0.0001652749
0.0001691228
0.0001724684
0.00017529
0.0001775689
0.0001792902
0.0001804426
0.0001810182
-8.257689e-06
-7.664843e-06
-6.477811e-06
-4.704811e-06
-2.35764e-06
5.481385e-07
3.993366e-06
7.955482e-06
1.240873e-05
1.732441e-05
2.267108e-05
2.841489e-05
3.451974e-05
4.094762e-05
4.765882e-05
5.46122e-05
6.176539e-05
6.907508e-05
7.649718e-05
8.39871e-05
9.14999e-05
9.899055e-05
0.0001064141
0.0001137259
0.0001208819
0.0001278386
0.0001345536
0.0001409857
0.0001470951
0.0001528437
0.0001581951
0.0001631156
0.0001675734
0.0001715399
0.000174989
0.0001778983
0.0001802483
0.0001820235
0.0001832121
0.0001838057
-1.164014e-05
-1.102533e-05
-9.794358e-06
-7.95589e-06
-5.522326e-06
-2.51002e-06
1.060923e-06
5.16686e-06
9.780845e-06
1.487289e-05
2.041023e-05
2.635761e-05
3.267756e-05
3.933063e-05
4.627574e-05
5.347033e-05
6.08707e-05
6.843217e-05
7.610936e-05
8.385634e-05
9.162689e-05
9.937468e-05
0.0001070535
0.0001146173
0.0001220207
0.000129219
0.0001361684
0.0001428262
0.0001491511
0.0001551038
0.0001606465
0.0001657438
0.0001703629
0.0001744737
0.000178049
0.0001810652
0.0001835019
0.0001853429
0.0001865756
0.0001871912
-1.564207e-05
-1.500112e-05
-1.371788e-05
-1.180155e-05
-9.26527e-06
-6.126368e-06
-2.406103e-06
1.870559e-06
6.675227e-06
1.197636e-05
1.773959e-05
2.392799e-05
3.050241e-05
3.742176e-05
4.464327e-05
5.212277e-05
5.981496e-05
6.76736e-05
7.565176e-05
8.3702e-05
9.177661e-05
9.982776e-05
0.0001078077
0.000115669
0.0001233646
0.0001308483
0.0001380745
0.0001449991
0.0001515792
0.0001577735
0.0001635427
0.0001688498
0.0001736603
0.0001779424
0.0001816676
0.0001848108
0.0001873507
0.0001892699
0.000190555
0.0001911969
-2.028982e-05
-1.961829e-05
-1.827395e-05
-1.62666e-05
-1.361033e-05
-1.032361e-05
-6.429106e-06
-1.953371e-06
3.073467e-06
8.618024e-06
1.4644e-05
2.111254e-05
2.79825e-05
3.521085e-05
4.27529e-05
5.056261e-05
5.859282e-05
6.679554e-05
7.512207e-05
8.352328e-05
9.194976e-05
0.000100352
0.0001086805
0.0001168862
0.0001249203
0.0001327347
0.0001402821
0.0001475164
0.0001543928
0.000160868
0.0001669007
0.0001724521
0.0001774855
0.0001819674
0.0001858675
0.0001891592
0.0001918196
0.0001938301
0.0001951766
0.0001958493
-2.561415e-05
-2.490733e-05
-2.349241e-05
-2.138001e-05
-1.858529e-05
-1.512814e-05
-1.103291e-05
-6.328024e-06
-1.045689e-06
4.778533e-06
1.110609e-05
1.789583e-05
2.510435e-05
3.268634e-05
4.059494e-05
4.878197e-05
5.719822e-05
6.579367e-05
7.45177e-05
8.331928e-05
9.214712e-05
0.0001009499
0.0001096762
0.000118275
0.0001266956
0.000134888
0.0001428027
0.0001503914
0.0001576072
0.0001644045
0.0001707398
0.0001765718
0.0001818616
0.0001865735
0.0001906752
0.0001941381
0.0001969375
0.0001990536
0.000200471
0.0002011791
-3.165064e-05
-3.090339e-05
-2.94077e-05
-2.717511e-05
-2.42221e-05
-2.057025e-05
-1.62459e-05
-1.127975e-05
-5.706415e-06
4.359615e-07
7.1062e-06
1.426049e-05
2.185282e-05
2.983531e-05
3.815861e-05
4.677214e-05
5.562442e-05
6.46632e-05
7.383575e-05
8.308898e-05
9.236955e-05
0.0001016241
0.0001107992
0.0001198419
0.0001286991
0.0001373187
0.0001456489
0.0001536392
0.0001612398
0.0001684028
0.0001750819
0.0001812331
0.0001868151
0.0001917894
0.0001961212
0.0001997795
0.000202738
0.0002049749
0.0002064735
0.0002072222
-3.843997e-05
-3.764673e-05
-3.605916e-05
-3.368994e-05
-3.055713e-05
-2.668432e-05
-2.210025e-05
-1.683826e-05
-1.093588e-05
-4.434235e-06
2.622425e-06
1.018724e-05
1.821119e-05
2.664351e-05
3.543204e-05
4.452357e-05
5.386407e-05
6.339893e-05
7.307311e-05
8.283128e-05
9.261797e-05
0.0001023776
0.0001120548
0.000121594
0.0001309402
0.0001400386
0.0001488351
0.0001572763
0.0001653098
0.0001728846
0.0001799515
0.0001864633
0.0001923756
0.000197647
0.0002022397
0.0002061201
0.0002092593
0.0002116334
0.0002132244
0.0002140193
-4.602846e-05
-4.518312e-05
-4.349149e-05
-4.096762e-05
-3.763148e-05
-3.350909e-05
-2.863202e-05
-2.303679e-05
-1.676432e-05
-9.859244e-06
-2.36937e-06
5.65493e-06
1.416122e-05
2.309548e-05
3.240244e-05
4.202597e-05
5.190932e-05
6.199528e-05
7.222639e-05
8.2545e-05
9.289336e-05
0.0001032137
0.0001134482
0.0001235391
0.000133429
0.0001430604
0.0001523765
0.0001613209
0.0001698382
0.000177874
0.0001853757
0.0001922925
0.0001985765
0.0002041827
0.0002090698
0.000213201
0.0002165445
0.0002190742
0.0002207697
0.0002216171
-5.446855e-05
-5.356433e-05
-5.175516e-05
-4.905675e-05
-4.549136e-05
-4.108794e-05
-3.588145e-05
-2.99122e-05
-2.322509e-05
-1.586889e-05
-7.895511e-06
6.406417e-07
9.683266e-06
1.917466e-05
2.905617e-05
3.926846e-05
4.975184e-05
6.044639e-05
7.12921e-05
8.22289e-05
9.319672e-05
0.0001041355
0.000114985
0.0001256853
0.0001361762
0.0001463975
0.0001562895
0.0001657925
0.0001748478
0.0001833972
0.0001913843
0.0001987542
0.0002054547
0.0002114366
0.0002166548
0.0002210686
0.0002246426
0.0002273478
0.0002291616
0.0002300681
-6.381951e-05
-6.284883e-05
-6.090706e-05
-5.801193e-05
-5.418849e-05
-4.946921e-05
-4.389314e-05
-3.750511e-05
-3.035473e-05
-2.24956e-05
-1.398441e-05
-4.880178e-06
4.756422e-06
1.486361e-05
2.537894e-05
3.623969e-05
4.738304e-05
5.874621e-05
7.026659e-05
8.188168e-05
9.352908e-05
0.0001051464
0.0001166712
0.0001280409
0.0001391928
0.0001500639
0.0001605913
0.0001707119
0.0001803631
0.0001894827
0.0001980097
0.0002058847
0.0002130507
0.0002194536
0.0002250433
0.0002297747
0.0002336083
0.0002365114
0.0002384586
0.0002394321
-7.414821e-05
-7.310252e-05
-7.101116e-05
-6.789436e-05
-6.378058e-05
-5.870657e-05
-5.271632e-05
-4.586003e-05
-3.819296e-05
-2.977435e-05
-2.066644e-05
-1.093352e-05
-6.412135e-07
1.014416e-05
2.135607e-05
3.29281e-05
4.479418e-05
5.688863e-05
6.914621e-05
8.150203e-05
9.389143e-05
0.0001062498
0.0001185124
0.0001306143
0.0001424902
0.0001540741
0.0001652998
0.0001761006
0.0001864098
0.0001961605
0.0002052868
0.0002137239
0.0002214092
0.0002282828
0.0002342891
0.0002393774
0.0002435032
0.0002466294
0.0002487272
0.0002497761
-8.553011e-05
-8.439965e-05
-8.213938e-05
-7.877259e-05
-7.433194e-05
-6.885943e-05
-6.240504e-05
-5.502547e-05
-4.678264e-05
-3.774249e-05
-2.797366e-05
-1.754651e-05
-6.532244e-06
4.997826e-06
1.697272e-05
2.932215e-05
4.197666e-05
5.486767e-05
6.79274e-05
8.108867e-05
9.428472e-05
0.0001074489
0.0001205144
0.0001334139
0.0001460795
0.0001584426
0.0001704333
0.0001819812
0.0001930148
0.0002034626
0.0002132527
0.0002223145
0.0002305786
0.0002379785
0.0002444518
0.0002499412
0.000254396
0.000257774
0.0002600419
0.0002611762
-9.805044e-05
-9.682397e-05
-9.437256e-05
-9.072331e-05
-8.59141e-05
-7.999338e-05
-7.30185e-05
-6.505395e-05
-5.61697e-05
-4.643951e-05
-3.593954e-05
-2.474707e-05
-1.293954e-05
-5.938108e-07
1.221439e-05
2.54107e-05
3.892228e-05
5.267769e-05
6.660679e-05
8.064036e-05
9.470978e-05
0.0001087466
0.0001226823
0.0001364474
0.0001499716
0.0001631835
0.0001760098
0.000188376
0.0002002059
0.0002114222
0.000221947
0.0002317023
0.0002406115
0.0002486
0.0002555972
0.0002615379
0.000266364
0.0002700264
0.000272487
0.0002737181
-0.0001118057
-0.0001104701
-0.0001078017
-0.0001038324
-9.860656e-05
-9.218071e-05
-8.46212e-05
-7.600207e-05
-6.640288e-05
-5.590672e-05
-4.459846e-05
-3.25633e-05
-1.98857e-05
-6.648545e-06
7.067349e-06
2.118346e-05
3.562359e-05
5.031367e-05
6.518143e-05
8.015599e-05
9.516729e-05
0.0001101456
0.0001250207
0.0001397218
0.0001541763
0.0001683101
0.0001820468
0.0001953074
0.0002080107
0.0002200735
0.0002314105
0.0002419361
0.0002515645
0.0002602119
0.0002677978
0.0002742473
0.0002794933
0.0002834784
0.0002861578
0.0002874989
-0.0001269055
-0.0001254454
-0.0001225296
-0.0001181961
-0.0001124977
-0.0001055009
-9.728319e-05
-8.793033e-05
-7.753346e-05
-6.618669e-05
-5.398506e-05
-4.102283e-05
-2.739227e-05
-1.318282e-05
1.519358e-06
1.663157e-05
3.207442e-05
4.777152e-05
6.364894e-05
7.963463e-05
9.565768e-05
0.0001116475
0.0001275333
0.0001432428
0.000158702
0.0001738343
0.0001885601
0.0002027964
0.0002164566
0.0002294507
0.0002416858
0.0002530669
0.0002634981
0.0002728843
0.0002811333
0.0002881583
0.0002938808
0.0002982333
0.0003011622
0.000302629
-0.0001434748
-0.0001418717
-0.0001386723
-0.0001339226
-0.0001276858
-0.0001200411
-0.0001110802
-0.000100903
-8.961464e-05
-7.732248e-05
-6.413335e-05
-5.015181e-05
-3.547881e-05
-2.021084e-05
-4.439535e-06
1.174829e-05
2.82704e-05
4.504855e-05
6.200779e-05
7.907564e-05
9.618108e-05
0.0001132536
0.0001302222
0.0001470142
0.0001635548
0.0001797653
0.0001955635
0.000210862
0.000225569
0.0002395873
0.0002528153
0.0002651476
0.0002764763
0.0002866929
0.0002956911
0.0003033695
0.0003096353
0.000314408
0.0003176233
0.0003192345
-0.0001616569
-0.0001598886
-0.000156362
-0.0001511335
-0.00014428
-0.000135897
-0.0001260935
-0.0001149874
-0.0001027008
-8.935664e-05
-7.507552e-05
-5.997369e-05
-4.416166e-05
-2.774335e-05
-1.081595e-05
6.529915e-06
2.420965e-05
4.214392e-05
6.025761e-05
7.847874e-05
9.67372e-05
0.0001149635
0.0001330876
0.0001510374
0.0001687378
0.0001861092
0.0002030669
0.00021952
0.0002353709
0.0002505151
0.0002648413
0.0002782323
0.0002905663
0.0003017192
0.0003115671
0.0003199907
0.0003268793
0.0003321357
0.0003356817
0.0003374599
-0.0001816175
-0.0001796566
-0.0001757496
-0.0001699664
-0.0001624019
-0.0001531726
-0.0001424098
-0.0001302534
-0.0001168462
-0.0001023296
-8.68403e-05
-7.050758e-05
-5.345234e-05
-3.578627e-05
-1.761197e-05
9.766487e-07
1.989351e-05
3.905916e-05
5.839946e-05
7.784414e-05
9.732527e-05
0.0001167757
0.0001361275
0.0001553103
0.0001742501
0.0001928673
0.0002110757
0.0002287811
0.0002458806
0.0002622619
0.0002778034
0.0002923747
0.0003058378
0.0003180497
0.0003288658
0.0003381441
0.0003457511
0.0003515684
0.0003554993
0.0003574724
-0.0002035491
-0.0002013615
-0.0001970079
-0.0001905768
-0.0001821867
-0.0001719815
-0.0001601209
-0.0001467721
-0.0001321033
-0.0001162779
-9.945086e-05
-8.176611e-05
-6.335565e-05
-4.43391e-05
-2.482386e-05
-4.906207e-06
1.532743e-05
3.579883e-05
5.643625e-05
7.717267e-05
9.794384e-05
0.0001186865
0.0001393365
0.0001598268
0.0001800857
0.000200035
0.0002195883
0.0002386491
0.0002571097
0.00027485
0.0002917373
0.0003076265
0.0003223612
0.000335776
0.0003477006
0.0003579653
0.0003664074
0.0003728805
0.0003772637
0.0003794664
-0.0002276779
-0.0002252205
-0.0002203371
-0.0002131417
-0.0002037848
-0.0001924462
-0.0001793219
-0.0001646138
-0.0001485204
-0.0001312312
-0.0001129219
-9.375286e-05
-7.386755e-05
-5.339291e-05
-3.244023e-05
-1.11068e-05
1.052215e-05
3.237134e-05
5.437326e-05
7.646592e-05
9.859072e-05
0.0001206901
0.0001427056
0.0001645753
0.0001862319
0.0002076001
0.0002285948
0.0002491188
0.0002690606
0.0002882929
0.0003066715
0.0003240349
0.0003402059
0.0003549928
0.0003681943
0.0003796054
0.0003890264
0.000396274
0.0004011944
0.0004036709
-0.0002542728
-0.0002514895
-0.0002459698
-0.0002378629
-0.000227363
-0.0002146977
-0.00020011
-0.0001838448
-0.0001661377
-0.0001472084
-0.0001272565
-0.0001064595
-8.497219e-05
-6.292785e-05
-4.044002e-05
-1.760514e-05
5.494852e-06
2.878978e-05
5.221855e-05
7.572648e-05
9.926276e-05
0.0001227779
0.0001462211
0.000169538
0.0001926677
0.0002155403
0.0002380741
0.000260173
0.0002817234
0.0003025919
0.0003226233
0.0003416388
0.0003594372
0.0003757964
0.0003904775
0.0004032318
0.0004138113
0.0004219838
0.0004275503
0.000430358
-0.000283657
-0.0002804739
-0.0002741788
-0.0002649712
-0.0002531058
-0.0002388743
-0.0002225808
-0.0002045235
-0.0001849828
-0.0001642134
-0.0001424413
-0.0001198614
-9.663852e-05
-7.291028e-05
-4.879022e-05
-2.437131e-05
2.70483e-07
2.507279e-05
4.998357e-05
7.495805e-05
9.995578e-05
0.0001249378
0.0001498637
0.0001746892
0.0001993624
0.0002238216
0.0002479914
0.0002717791
0.0002950718
0.000317732
0.0003395945
0.0003604636
0.0003801117
0.0003982812
0.0004146882
0.0004290293
0.0004409945
0.0004502854
0.0004566407
0.0004598553
-0.0003162255
-0.0003125418
-0.0003052864
-0.0002947307
-0.0002812154
-0.0002651185
-0.000246823
-0.0002266937
-0.0002050638
-0.0001822288
-0.0001584417
-0.0001339132
-0.0001088162
-8.328956e-05
-5.744334e-05
-3.136359e-05
-5.116866e-06
2.124551e-05
4.768367e-05
7.416568e-05
0.0001006643
0.000127154
0.0001536077
0.000179994
0.0002062734
0.0002323954
0.0002582944
0.0002838851
0.0003090583
0.0003336757
0.0003575649
0.0003805145
0.0004022702
0.0004225337
0.0004409674
0.0004572004
0.0004708419
0.0004815047
0.0004888386
0.000492564
-0.0003524696
-0.0003481432
-0.0003396767
-0.000327444
-0.0003119104
-0.000293571
-0.0002729103
-0.0002503746
-0.0002263611
-0.0002012079
-0.0001751937
-0.0001485427
-0.0001214311
-9.39945e-05
-6.633479e-05
-3.85265e-05
-1.062261e-05
1.734047e-05
4.533858e-05
7.335593e-05
0.0001013817
0.0001294066
0.0001574202
0.0001854072
0.0002133443
0.0002411959
0.0002689104
0.0002964145
0.0003236079
0.0003503563
0.0003764843
0.0004017682
0.0004259283
0.000448624
0.0004694534
0.0004879628
0.0005036575
0.0005160299
0.0005246006
0.0005289836
-0.0003930134
-0.0003878351
-0.0003778106
-0.0003634551
-0.0003454211
-0.0003243604
-0.0003008875
-0.0002755499
-0.0002488154
-0.000221064
-0.0001925965
-0.0001636441
-0.00013438
-0.0001049296
-7.538017e-05
-4.578901e-05
-1.619048e-05
1.339836e-05
4.297291e-05
7.253704e-05
0.0001020995
0.0001316709
0.0001612604
0.0001908724
0.0002205033
0.0002501375
0.0002797423
0.0003092622
0.0003386121
0.000367669
0.0003962616
0.0004241601
0.000451064
0.0004765916
0.0005002706
0.0005215445
0.0005397864
0.0005543269
0.0005644928
0.0005697503
-0.0004386708
-0.0004323159
-0.0004202452
-0.0004031502
-0.000381978
-0.0003575854
-0.0003307527
-0.000302149
-0.0002723117
-0.0002416581
-0.0002105018
-0.0001790712
-0.0001475259
-0.0001159716
-8.447297e-05
-5.3063e-05
-2.175153e-05
9.468505e-06
4.06163e-05
7.1719e-05
0.0001028083
0.0001339176
0.0001650789
0.0001963203
0.000227662
0.0002591129
0.0002906652
0.0003222885
0.0003539213
0.0003854612
0.0004167519
0.0004475684
0.0004775991
0.0005064266
0.0005335102
0.0005581716
0.0005796143
0.0005969586
0.0006092253
0.0006156956
-0.0004905393
-0.0004824706
-0.0004676567
-0.0004469496
-0.0004217902
-0.0003932836
-0.0003624306
-0.0003300222
-0.0002966595
-0.000262783
-0.0002287033
-0.0001946291
-0.0001606921
-0.0001269662
-9.348267e-05
-6.024239e-05
-2.722417e-05
5.60868e-06
3.83033e-05
7.091354e-05
0.000103497
0.0001361127
0.0001688187
0.0002016697
0.0002347142
0.0002679909
0.0003015236
0.0003353148
0.000369337
0.0004035213
0.0004377414
0.0004717938
0.0005053731
0.0005380418
0.000569198
0.0005980433
0.0006235577
0.0006446068
0.000659698
0.0006679436
-0.0005501188
-0.0005394202
-0.000520866
-0.0004952818
-0.0004649968
-0.0004313944
-0.0003957315
-0.0003589081
-0.0003215676
-0.0002841461
-0.0002469239
-0.0002100669
-0.0001736589
-0.0001377259
-0.0001022546
-6.720397e-05
-3.251459e-05
1.884865e-06
3.607326e-05
7.013408e-05
0.0001041533
0.000138218
0.0001724146
0.0002068275
0.0002415371
0.0002766169
0.0003121293
0.0003481192
0.0003846051
0.0004215672
0.0004589292
0.0004965339
0.0005341102
0.00057123
0.0006072546
0.0006412808
0.0006720344
0.0006980959
0.0007170509
0.0007280392
-0.0006198912
-0.0006046341
-0.0005808792
-0.0005485182
-0.0005115991
-0.0004716865
-0.0004302935
-0.0003883905
-0.0003466143
-0.0003053497
-0.0002648057
-0.0002250722
-0.0001861608
-0.0001480315
-0.0001106116
-7.380841e-05
-3.751792e-05
-1.629815e-06
3.396955e-05
6.939549e-05
0.0001047641
0.0001401918
0.0001757952
0.0002116904
0.0002479927
0.0002848146
0.0003222632
0.0003604355
0.0003994104
0.0004392355
0.0004799091
0.0005213541
0.0005633757
0.0006056051
0.0006474194
0.0006878554
0.0007253899
0.0007584281
0.0007827685
0.0007985205
-0.0007011594
-0.0006794336
-0.0006487952
-0.0006067823
-0.000561337
-0.0005136481
-0.0004655048
-0.0004178459
-0.0003712157
-0.0003258735
-0.0002819
-0.00023927
-0.0001978912
-0.0001576353
-0.0001183568
-7.99033e-05
-4.212089e-05
-4.857053e-06
3.203846e-05
6.871375e-05
0.0001053155
0.00014199
0.0001788842
0.0002161472
0.0002539305
0.0002923887
0.0003316787
0.0003719575
0.0004133768
0.0004560736
0.0005001527
0.0005456558
0.0005925234
0.0006405221
0.0006891368
0.0007374543
0.000783696
0.0008266931
0.0008582023
0.0008809236
-0.0008109061
-0.0007686903
-0.0007274896
-0.0006701044
-0.0006135855
-0.0005563898
-0.0005004249
-0.000446393
-0.0003945947
-0.0003450611
-0.0002976729
-0.0002522313
-0.0002085074
-0.0001662666
-0.0001252797
-8.532842e-05
-4.62059e-05
-7.716264e-06
3.032738e-05
6.81053e-05
0.0001057938
0.0001435679
0.0001816041
0.0002200834
0.0002591935
0.0002991321
0.0003401085
0.0003823449
0.0004260764
0.0004715466
0.0005189978
0.0005686485
0.0006206471
0.0006750003
0.0007314576
0.0007893703
0.0008468993
0.000905729
0.0009481912
0.00099197
-0.0009110301
-0.0008564924
-0.0008076072
-0.0007345645
-0.0006660126
-0.0005980641
-0.0005335363
-0.0004727795
-0.000415754
-0.0003621365
-0.0003115181
-0.0002634838
-0.000217644
-0.0001736443
-0.0001311662
-8.992342e-05
-4.965674e-05
-1.012851e-05
2.888255e-05
6.75863e-05
0.0001061859
0.0001448825
0.0001838793
0.0002233864
0.0002636255
0.0003048352
0.0003472761
0.0003912372
0.0004370415
0.0004850507
0.0005356669
0.000589325
0.000646466
0.0007074635
0.0007724293
0.0008410866
0.0009106631
0.0009857509
0.001035893
0.001094788
-0.001158753
-0.000998915
-0.0009285509
-0.0008093962
-0.0007212813
-0.0006380103
-0.0005634086
-0.0004956472
-0.000433584
-0.0003762355
-0.0003227805
-0.0002725358
-0.0002249324
-0.0001794926
-0.0001358106
-9.353694e-05
-5.236502e-05
-1.202067e-05
2.77468e-05
6.717213e-05
0.0001064806
0.0001458953
0.0001856414
0.0002259533
0.0002670814
0.0003092998
0.000352915
0.0003982771
0.0004457935
0.0004959463
0.000549313
0.0006065937
0.0006686422
0.0007365068
0.0008114839
0.000895717
0.0009852257
0.001107669
0.001181297
0.001346186
-0.001252966
-0.001074427
-0.0009953278
-0.0008583117
-0.0007607059
-0.0006678466
-0.0005857872
-0.0005126145
-0.0004466352
-0.0003864166
-0.0003308177
-0.0002789344
-0.0002300471
-0.0001835748
-0.0001390405
-9.604438e-05
-5.42431e-05
-1.333488e-05
2.695276e-05
6.687275e-05
0.0001066668
0.0001465725
0.0001868312
0.000227695
0.0002694353
0.000312352
0.0003567863
0.0004031355
0.0004518736
0.0005035787
0.0005589689
0.0006189489
0.000684666
0.0007575664
0.0008393345
0.0009320103
0.001028516
0.001169826
0.001245495
0.00144116
-0.001970817
-0.001259462
-0.001150186
-0.0009219235
-0.0007991545
-0.0006903691
-0.0006002263
-0.0005225156
-0.0004537984
-0.0003918122
-0.0003349959
-0.0002822262
-0.000232663
-0.0001856557
-0.0001406839
-9.731894e-05
-5.519772e-05
-1.400373e-05
2.654695e-05
6.671668e-05
0.0001067556
0.0001469088
0.0001874259
0.0002285683
0.0002706178
0.0003138883
0.0003587394
0.0004055948
0.0004549687
0.0005075049
0.0005640365
0.000625685
0.0006940255
0.0007713852
0.0008612626
0.0009708061
0.001093633
0.001328723
0.001446167
0.002174445
)
;

boundaryField
{
    movingWall
    {
        type            zeroGradient;
    }
    fixedWalls
    {
        type            zeroGradient;
    }
    frontAndBack
    {
        type            empty;
    }
}


// ************************************************************************* //
