/*--------------------------------*- C++ -*----------------------------------*\
| =========                 |                                                 |
| \\      /  F ield         | OpenFOAM: The Open Source CFD Toolbox           |
|  \\    /   O peration     | Version:  2412                                  |
|   \\  /    A nd           | Website:  www.openfoam.com                      |
|    \\/     M anipulation  |                                                 |
\*---------------------------------------------------------------------------*/
FoamFile
{
    version     2.0;
    format      ascii;
    arch        "LSB;label=32;scalar=64";
    class       surfaceScalarField;
    location    "0.25";
    object      phi;
}
// * * * * * * * * * * * * * * * * * * * * * * * * * * * * * * * * * * * * * //

dimensions      [0 3 -1 0 0 0 0];

oriented        oriented;

internalField   nonuniform List<scalar> 
3120
(
-1.35393e-08
1.35393e-08
-2.704564e-08
1.350634e-08
-4.037751e-08
1.333187e-08
-5.344931e-08
1.307179e-08
-6.617771e-08
1.27284e-08
-7.84823e-08
1.230459e-08
-9.028615e-08
1.180385e-08
-1.015164e-07
1.123022e-08
-1.121045e-07
1.058816e-08
-1.219871e-07
9.882524e-09
-1.311055e-07
9.118454e-09
-1.394068e-07
8.301303e-09
-1.468434e-07
7.436578e-09
-1.533733e-07
6.529877e-09
-1.589601e-07
5.586842e-09
-1.635732e-07
4.613124e-09
-1.671876e-07
3.614359e-09
-1.697837e-07
2.596152e-09
-1.713478e-07
1.564074e-09
-1.718715e-07
5.236683e-10
-1.713519e-07
-5.195445e-10
-1.697919e-07
-1.560049e-09
-1.671996e-07
-2.59232e-09
-1.635888e-07
-3.610813e-09
-1.589788e-07
-4.609949e-09
-1.533947e-07
-5.584116e-09
-1.46867e-07
-6.527667e-09
-1.394321e-07
-7.434941e-09
-1.311318e-07
-8.300282e-09
-1.220137e-07
-9.118076e-09
-1.121309e-07
-9.882804e-09
-1.015418e-07
-1.058909e-08
-9.031005e-08
-1.123178e-08
-7.850403e-08
-1.180602e-08
-6.619673e-08
-1.23073e-08
-5.346513e-08
-1.273159e-08
-4.038974e-08
-1.307539e-08
-2.705397e-08
-1.333578e-08
-1.354351e-08
-1.351045e-08
-1.354351e-08
-1.368108e-08
2.722039e-08
-2.732856e-08
2.715381e-08
-4.079936e-08
2.680268e-08
-5.400683e-08
2.627926e-08
-6.686664e-08
2.558822e-08
-7.929746e-08
2.473541e-08
-9.122152e-08
2.372791e-08
-1.025652e-07
2.257387e-08
-1.132594e-07
2.128234e-08
-1.232399e-07
1.986312e-08
-1.324481e-07
1.832656e-08
-1.408302e-07
1.668348e-08
-1.483386e-07
1.494497e-08
-1.54931e-07
1.312229e-08
-1.60571e-07
1.122679e-08
-1.652277e-07
9.269813e-09
-1.68876e-07
7.262668e-09
-1.714964e-07
5.216594e-09
-1.730751e-07
3.142753e-09
-1.736037e-07
1.052241e-09
-1.730793e-07
-1.04389e-09
-1.715048e-07
-3.1346e-09
-1.688883e-07
-5.208834e-09
-1.652436e-07
-7.255486e-09
-1.605902e-07
-9.263381e-09
-1.54953e-07
-1.122127e-08
-1.483629e-07
-1.311782e-08
-1.408562e-07
-1.494165e-08
-1.32475e-07
-1.668141e-08
-1.232673e-07
-1.832579e-08
-1.132864e-07
-1.986368e-08
-1.025913e-07
-2.128423e-08
-9.124604e-08
-2.257704e-08
-7.931976e-08
-2.373229e-08
-6.688616e-08
-2.47409e-08
-5.402308e-08
-2.559468e-08
-4.081192e-08
-2.628654e-08
-2.73371e-08
-2.681059e-08
-1.368541e-08
-2.716215e-08
-2.722892e-08
-1.385706e-08
4.107744e-08
-2.767968e-08
4.097643e-08
-4.132257e-08
4.044557e-08
-5.469761e-08
3.96543e-08
-6.771914e-08
3.860975e-08
-8.030462e-08
3.732088e-08
-9.237521e-08
3.57985e-08
-1.038564e-07
3.405503e-08
-1.146783e-07
3.210425e-08
-1.247762e-07
2.996107e-08
-1.340909e-07
2.764124e-08
-1.425686e-07
2.516115e-08
-1.501612e-07
2.253759e-08
-1.568265e-07
1.978759e-08
-1.62528e-07
1.692827e-08
-1.672349e-07
1.397672e-08
-1.709222e-07
1.094995e-08
-1.735704e-07
7.864835e-09
-1.751658e-07
4.738122e-09
-1.757e-07
1.586438e-09
-1.751702e-07
-1.573663e-09
-1.735791e-07
-4.725649e-09
-1.70935e-07
-7.852962e-09
-1.672516e-07
-1.093896e-08
-1.625481e-07
-1.396687e-08
-1.568495e-07
-1.691981e-08
-1.501866e-07
-1.978073e-08
-1.425957e-07
-2.253251e-08
-1.341192e-07
-2.515797e-08
-1.248049e-07
-2.764006e-08
-1.147067e-07
-2.996192e-08
-1.038838e-07
-3.210713e-08
-9.240094e-08
-3.405988e-08
-8.032802e-08
-3.580521e-08
-6.773963e-08
-3.732929e-08
-5.471466e-08
-3.861965e-08
-4.133575e-08
-3.966545e-08
-2.768865e-08
-4.045769e-08
-1.38616e-08
-4.098921e-08
-4.109052e-08
-1.412301e-08
5.520045e-08
-2.821029e-08
5.506371e-08
-4.211316e-08
5.434844e-08
-5.574129e-08
5.328243e-08
-6.900698e-08
5.187545e-08
-8.182583e-08
5.013974e-08
-9.411741e-08
4.809008e-08
-1.058058e-07
4.574341e-08
-1.168201e-07
4.311852e-08
-1.270946e-07
4.023565e-08
-1.365696e-07
3.711619e-08
-1.451907e-07
3.378231e-08
-1.529098e-07
3.025668e-08
-1.596845e-07
2.656225e-08
-1.654782e-07
2.272201e-08
-1.702604e-07
1.875889e-08
-1.740061e-07
1.469561e-08
-1.766959e-07
1.05547e-08
-1.783163e-07
6.358479e-09
-1.788589e-07
2.129057e-09
-1.78321e-07
-2.111556e-09
-1.767053e-07
-6.341391e-09
-1.740198e-07
-1.053843e-08
-1.702782e-07
-1.468054e-08
-1.654997e-07
-1.874539e-08
-1.597091e-07
-2.271042e-08
-1.52937e-07
-2.655284e-08
-1.452198e-07
-3.02497e-08
-1.365998e-07
-3.377793e-08
-1.271254e-07
-3.711455e-08
-1.168505e-07
-4.02368e-08
-1.058352e-07
-4.312245e-08
-9.414499e-08
-4.575005e-08
-8.185093e-08
-4.809927e-08
-6.902896e-08
-5.015126e-08
-5.575959e-08
-5.188903e-08
-4.212731e-08
-5.329773e-08
-2.821993e-08
-5.436507e-08
-1.412789e-08
-5.508125e-08
-5.52184e-08
-1.448137e-08
6.968183e-08
-2.892522e-08
6.950755e-08
-4.317823e-08
6.860145e-08
-5.714707e-08
6.725127e-08
-7.074126e-08
6.546963e-08
-8.387388e-08
6.327236e-08
-9.646232e-08
6.067852e-08
-1.084288e-07
5.770992e-08
-1.19701e-07
5.43907e-08
-1.302122e-07
5.074681e-08
-1.399015e-07
4.680557e-08
-1.487145e-07
4.259524e-08
-1.566024e-07
3.814463e-08
-1.63523e-07
3.348278e-08
-1.694397e-07
2.863872e-08
-1.74322e-07
2.364127e-08
-1.781454e-07
1.851895e-08
-1.808906e-07
1.329994e-08
-1.825442e-07
8.012059e-09
-1.83098e-07
2.682875e-09
-1.825493e-07
-2.660235e-09
-1.809008e-07
-7.989951e-09
-1.781603e-07
-1.327888e-08
-1.743414e-07
-1.849945e-08
-1.69463e-07
-2.362379e-08
-1.635498e-07
-2.862369e-08
-1.56632e-07
-3.347057e-08
-1.487462e-07
-3.813556e-08
-1.399345e-07
-4.258955e-08
-1.302457e-07
-4.680341e-08
-1.197342e-07
-5.074827e-08
-1.084609e-07
-5.439576e-08
-9.649245e-08
-5.771849e-08
-8.390131e-08
-6.069041e-08
-7.076529e-08
-6.328729e-08
-5.716709e-08
-6.548723e-08
-4.319371e-08
-6.727111e-08
-2.893576e-08
-6.862302e-08
-1.448671e-08
-6.95303e-08
-6.970511e-08
-1.493537e-08
8.46172e-08
-2.983085e-08
8.440302e-08
-4.452718e-08
8.329779e-08
-5.892715e-08
8.165124e-08
-7.293667e-08
7.947915e-08
-8.646563e-08
7.680132e-08
-9.942865e-08
7.364153e-08
-1.117457e-07
7.002693e-08
-1.233424e-07
6.598748e-08
-1.341509e-07
6.15553e-08
-1.441094e-07
5.676407e-08
-1.531627e-07
5.164852e-08
-1.61262e-07
4.62439e-08
-1.683648e-07
4.058561e-08
-1.74435e-07
3.47089e-08
-1.794423e-07
2.86486e-08
-1.833624e-07
2.243906e-08
-1.861766e-07
1.611409e-08
-1.878715e-07
9.706981e-09
-1.884393e-07
3.250633e-09
-1.878772e-07
-3.222322e-09
-1.861878e-07
-9.679333e-09
-1.833789e-07
-1.608775e-08
-1.794637e-07
-2.241466e-08
-1.744608e-07
-2.862671e-08
-1.683944e-07
-3.469006e-08
-1.612947e-07
-4.05703e-08
-1.531977e-07
-4.62325e-08
-1.44146e-07
-5.164133e-08
-1.34188e-07
-5.676131e-08
-1.233792e-07
-6.155707e-08
-1.117812e-07
-6.599378e-08
-9.946208e-08
-7.003763e-08
-8.649609e-08
-7.36564e-08
-7.296337e-08
-7.682001e-08
-5.894939e-08
-7.95012e-08
-4.45444e-08
-8.167611e-08
-2.984257e-08
-8.332484e-08
-1.494131e-08
-8.443157e-08
-8.464642e-08
-1.54892e-08
1.001064e-07
-3.093546e-08
9.984929e-08
-4.617218e-08
9.85345e-08
-6.109725e-08
9.657631e-08
-7.561214e-08
9.399404e-08
-8.962279e-08
9.081197e-08
-1.030404e-07
8.705914e-08
-1.157821e-07
8.276866e-08
-1.277716e-07
7.797693e-08
-1.389391e-07
7.272282e-08
-1.49222e-07
6.704694e-08
-1.585644e-07
6.099094e-08
-1.669174e-07
5.459694e-08
-1.742388e-07
4.790701e-08
-1.804927e-07
4.096279e-08
-1.856494e-07
3.380528e-08
-1.896851e-07
2.647471e-08
-1.925814e-07
1.901045e-08
-1.943256e-07
1.145119e-08
-1.9491e-07
3.835012e-09
-1.94332e-07
-3.80037e-09
-1.925939e-07
-1.141736e-08
-1.897035e-07
-1.897821e-08
-1.856733e-07
-2.644482e-08
-1.805216e-07
-3.377846e-08
-1.74272e-07
-4.093968e-08
-1.669541e-07
-4.788819e-08
-1.586036e-07
-5.458291e-08
-1.492629e-07
-6.098207e-08
-1.389807e-07
-6.704348e-08
-1.278129e-07
-7.272492e-08
-1.158221e-07
-7.798459e-08
-1.03078e-07
-8.278173e-08
-8.965706e-08
-8.707733e-08
-7.56422e-08
-9.083487e-08
-6.112231e-08
-9.402109e-08
-4.619158e-08
-9.660684e-08
-3.094868e-08
-9.856774e-08
-1.549589e-08
-9.988436e-08
-1.001423e-07
-1.61481e-08
1.162545e-07
-3.224944e-08
1.159506e-07
-4.812844e-08
1.144135e-07
-6.367705e-08
1.121249e-07
-7.879131e-08
1.091083e-07
-9.337236e-08
1.05393e-07
-1.073274e-07
1.010141e-07
-1.205702e-07
9.60115e-08
-1.33022e-07
9.042871e-08
-1.446113e-07
8.431213e-08
-1.552744e-07
7.771e-08
-1.649549e-07
7.06715e-08
-1.736041e-07
6.324608e-08
-1.811799e-07
5.548285e-08
-1.876473e-07
4.743013e-08
-1.929772e-07
3.913521e-08
-1.971466e-07
3.064416e-08
-2.001381e-07
2.200193e-08
-2.019393e-07
1.325239e-08
-2.025429e-07
4.438614e-09
-2.019464e-07
-4.396837e-09
-2.001522e-07
-1.321157e-08
-1.971674e-07
-2.196302e-08
-1.930041e-07
-3.060808e-08
-1.876798e-07
-3.910279e-08
-1.812173e-07
-4.740218e-08
-1.736454e-07
-5.546006e-08
-1.649993e-07
-6.322904e-08
-1.553207e-07
-7.066067e-08
-1.446585e-07
-7.770571e-08
-1.330688e-07
-8.431456e-08
-1.206156e-07
-9.043786e-08
-1.073701e-07
-9.602722e-08
-9.341133e-08
-1.010361e-07
-7.882551e-08
-1.054207e-07
-6.370558e-08
-1.09141e-07
-4.815053e-08
-1.121619e-07
-3.22645e-08
-1.144538e-07
-1.615573e-08
-1.159931e-07
-1.16298e-07
-1.691853e-08
1.33173e-07
-3.378552e-08
1.328176e-07
-5.041463e-08
1.310426e-07
-6.669063e-08
1.284009e-07
-8.250302e-08
1.249207e-07
-9.774726e-08
1.206373e-07
-1.123257e-07
1.155926e-07
-1.261486e-07
1.098343e-07
-1.391341e-07
1.034142e-07
-1.51209e-07
9.638707e-08
-1.623086e-07
8.880956e-08
-1.723763e-07
8.073917e-08
-1.813634e-07
7.223327e-08
-1.89229e-07
6.334842e-08
-1.959388e-07
5.413992e-08
-2.01465e-07
4.466145e-08
-2.057859e-07
3.496499e-08
-2.088848e-07
2.510085e-08
-2.107503e-07
1.51179e-08
-2.113756e-07
5.06392e-09
-2.107584e-07
-5.014045e-09
-2.089008e-07
-1.506917e-08
-2.058095e-07
-2.505437e-08
-2.014957e-07
-3.492185e-08
-1.959758e-07
-4.462267e-08
-1.892716e-07
-5.410643e-08
-1.814106e-07
-6.332106e-08
-1.724269e-07
-7.221274e-08
-1.623615e-07
-8.072606e-08
-1.512629e-07
-8.880427e-08
-1.391877e-07
-9.638981e-08
-1.262005e-07
-1.03425e-07
-1.123747e-07
-1.09853e-07
-9.779193e-08
-1.156188e-07
-8.254226e-08
-1.206704e-07
-6.672338e-08
-1.249599e-07
-5.044002e-08
-1.284453e-07
-3.380283e-08
-1.31091e-07
-1.692729e-08
-1.328687e-07
-1.332253e-07
-1.780832e-08
1.509814e-07
-3.555917e-08
1.505685e-07
-5.30534e-08
1.485368e-07
-7.016712e-08
1.455146e-07
-8.678209e-08
1.415357e-07
-1.027871e-07
1.366422e-07
-1.180789e-07
1.308845e-07
-1.325634e-07
1.243189e-07
-1.46156e-07
1.170067e-07
-1.587814e-07
1.090125e-07
-1.70374e-07
1.004022e-07
-1.808775e-07
9.124263e-08
-1.902439e-07
8.159969e-08
-1.984334e-07
7.153796e-08
-2.054135e-07
6.111999e-08
-2.11158e-07
5.040598e-08
-2.156468e-07
3.945372e-08
-2.188646e-07
2.831873e-08
-2.208013e-07
1.705456e-08
-2.214506e-07
5.713243e-09
-2.208105e-07
-5.654133e-09
-2.188829e-07
-1.699679e-08
-2.156737e-07
-2.826361e-08
-2.11193e-07
-3.940251e-08
-2.054558e-07
-5.035988e-08
-1.984821e-07
-6.108012e-08
-1.902979e-07
-7.150532e-08
-1.809355e-07
-8.157513e-08
-1.704347e-07
-9.122684e-08
-1.588433e-07
-1.003957e-07
-1.462176e-07
-1.090155e-07
-1.326232e-07
-1.170194e-07
-1.181353e-07
-1.24341e-07
-1.028386e-07
-1.309155e-07
-8.682742e-08
-1.366816e-07
-7.020499e-08
-1.415823e-07
-5.308276e-08
-1.455675e-07
-3.557921e-08
-1.485945e-07
-1.781847e-08
-1.506294e-07
-1.510438e-07
-1.882695e-08
1.698083e-07
-3.758907e-08
1.693306e-07
-5.607199e-08
1.670198e-07
-7.414153e-08
1.635842e-07
-9.167021e-08
1.590643e-07
-1.085389e-07
1.53511e-07
-1.246383e-07
1.469838e-07
-1.398693e-07
1.395499e-07
-1.54144e-07
1.312815e-07
-1.673855e-07
1.22254e-07
-1.795279e-07
1.125445e-07
-1.90515e-07
1.022298e-07
-2.003007e-07
9.138532e-08
-2.088469e-07
8.008418e-08
-2.161234e-07
6.83965e-08
-2.221065e-07
5.63891e-08
-2.267783e-07
4.412548e-08
-2.301256e-07
3.166603e-08
-2.321395e-07
1.906851e-08
-2.328149e-07
6.388667e-09
-2.321501e-07
-6.31899e-09
-2.301465e-07
-1.900038e-08
-2.268091e-07
-3.160098e-08
-2.221466e-07
-4.406499e-08
-2.161719e-07
-5.633458e-08
-2.089028e-07
-6.834926e-08
-2.003627e-07
-8.00454e-08
-1.905818e-07
-9.135603e-08
-1.795978e-07
-1.022108e-07
-1.67457e-07
-1.125365e-07
-1.542152e-07
-1.222573e-07
-1.399385e-07
-1.312961e-07
-1.247036e-07
-1.395758e-07
-1.085988e-07
-1.470204e-07
-9.172287e-08
-1.535575e-07
-7.418556e-08
-1.591196e-07
-5.610616e-08
-1.636469e-07
-3.761239e-08
-1.670883e-07
-1.883877e-08
-1.69403e-07
-1.698826e-07
-1.998582e-08
1.897941e-07
-3.989765e-08
1.892424e-07
-5.950314e-08
1.866253e-07
-7.865574e-08
1.827368e-07
-9.721712e-08
1.776257e-07
-1.15059e-07
1.713528e-07
-1.320648e-07
1.639895e-07
-1.481302e-07
1.556153e-07
-1.63164e-07
1.463153e-07
-1.77088e-07
1.36178e-07
-1.89836e-07
1.252925e-07
-2.013534e-07
1.137473e-07
-2.115963e-07
1.016282e-07
-2.205296e-07
8.901748e-08
-2.281263e-07
7.599324e-08
-2.343661e-07
6.262891e-08
-2.392341e-07
4.899344e-08
-2.427197e-07
3.515167e-08
-2.448162e-07
2.116494e-08
-2.455195e-07
7.091965e-09
-2.448283e-07
-7.01017e-09
-2.427437e-07
-2.108493e-08
-2.392695e-07
-3.507522e-08
-2.344122e-07
-4.892227e-08
-2.281821e-07
-6.256466e-08
-2.205939e-07
-7.593745e-08
-2.116678e-07
-8.897155e-08
-2.014305e-07
-1.015933e-07
-1.899168e-07
-1.137245e-07
-1.771707e-07
-1.252826e-07
-1.632466e-07
-1.361814e-07
-1.482105e-07
-1.463322e-07
-1.321408e-07
-1.556455e-07
-1.151287e-07
-1.640325e-07
-9.727855e-08
-1.714076e-07
-7.870716e-08
-1.77691e-07
-5.954307e-08
-1.82811e-07
-3.992494e-08
-1.867064e-07
-1.999965e-08
-1.893283e-07
-1.898822e-07
-2.129866e-08
2.110928e-07
-4.251194e-08
2.104557e-07
-6.33861e-08
2.074994e-07
-8.375988e-08
2.031106e-07
-1.034821e-07
1.973479e-07
-1.224137e-07
1.902845e-07
-1.4043e-07
1.820058e-07
-1.574212e-07
1.726064e-07
-1.732927e-07
1.621869e-07
-1.879652e-07
1.508505e-07
-2.013736e-07
1.387009e-07
-2.134657e-07
1.258394e-07
-2.242008e-07
1.123634e-07
-2.335484e-07
9.836507e-08
-2.414859e-07
8.393074e-08
-2.479974e-07
6.914043e-08
-2.530722e-07
5.406817e-08
-2.567031e-07
3.87826e-08
-2.58886e-07
2.334782e-08
-2.596185e-07
7.824494e-09
-2.588999e-07
-7.728792e-09
-2.567307e-07
-2.325417e-08
-2.531128e-07
-3.869305e-08
-2.480504e-07
-5.398469e-08
-2.415502e-07
-6.906492e-08
-2.336226e-07
-8.386501e-08
-2.242834e-07
-9.831075e-08
-2.135548e-07
-1.123219e-07
-2.014673e-07
-1.25812e-07
-1.880613e-07
-1.386886e-07
-1.733888e-07
-1.508539e-07
-1.575148e-07
-1.622062e-07
-1.405188e-07
-1.726415e-07
-1.224952e-07
-1.820561e-07
-1.03554e-07
-1.903489e-07
-8.382017e-08
-1.974248e-07
-6.343297e-08
-2.031982e-07
-4.254398e-08
-2.075954e-07
-2.131491e-08
-2.105574e-07
-2.111971e-07
-2.278206e-08
2.338748e-07
-4.546447e-08
2.331381e-07
-6.77681e-08
2.298031e-07
-8.951399e-08
2.248564e-07
-1.105357e-07
2.183696e-07
-1.306819e-07
2.104307e-07
-1.498186e-07
2.011426e-07
-1.678301e-07
1.906179e-07
-1.846189e-07
1.789756e-07
-2.001053e-07
1.66337e-07
-2.142265e-07
1.52822e-07
-2.26934e-07
1.385469e-07
-2.381924e-07
1.236218e-07
-2.47977e-07
1.081496e-07
-2.562713e-07
9.222507e-08
-2.630655e-07
7.59346e-08
-2.683541e-07
5.935679e-08
-2.721347e-07
4.256318e-08
-2.744063e-07
2.561949e-08
-2.751689e-07
8.587071e-09
-2.744223e-07
-8.475405e-09
-2.721663e-07
-2.551017e-08
-2.684008e-07
-4.245853e-08
-2.631264e-07
-5.925908e-08
-2.563453e-07
-7.584604e-08
-2.480626e-07
-9.214775e-08
-2.382878e-07
-1.080855e-07
-2.270372e-07
-1.235725e-07
-2.143352e-07
-1.38514e-07
-2.002171e-07
-1.528068e-07
-1.847308e-07
-1.663401e-07
-1.679395e-07
-1.789976e-07
-1.499225e-07
-1.906585e-07
-1.307774e-07
-2.012012e-07
-1.106201e-07
-2.105062e-07
-8.958491e-08
-2.184601e-07
-6.78233e-08
-2.249598e-07
-4.550225e-08
-2.299165e-07
-2.280123e-08
-2.332584e-07
-2.339984e-07
-2.445612e-08
2.58331e-07
-4.879464e-08
2.574766e-07
-7.270609e-08
2.537145e-07
-9.599021e-08
2.481406e-07
-1.184624e-07
2.408418e-07
-1.399572e-07
2.319255e-07
-1.603302e-07
2.215156e-07
-1.794596e-07
2.097472e-07
-1.972455e-07
1.967615e-07
-2.136093e-07
1.827008e-07
-2.284918e-07
1.677045e-07
-2.418505e-07
1.519056e-07
-2.536573e-07
1.354286e-07
-2.638954e-07
1.183877e-07
-2.725567e-07
1.008864e-07
-2.796391e-07
8.301701e-08
-2.851442e-07
6.486191e-08
-2.890754e-07
4.649435e-08
-2.914361e-07
2.798019e-08
-2.922288e-07
9.379806e-09
-2.914544e-07
-9.249831e-09
-2.891117e-07
-2.785287e-08
-2.851979e-07
-4.637233e-08
-2.797092e-07
-6.474778e-08
-2.726419e-07
-8.291331e-08
-2.639942e-07
-1.007955e-07
-2.537676e-07
-1.18312e-07
-2.419701e-07
-1.353701e-07
-2.286181e-07
-1.518661e-07
-2.137394e-07
-1.676855e-07
-1.973762e-07
-1.827034e-07
-1.795876e-07
-1.967862e-07
-1.604521e-07
-2.097939e-07
-1.400695e-07
-2.215837e-07
-1.185619e-07
-2.320137e-07
-9.607389e-08
-2.409481e-07
-7.277132e-08
-2.482623e-07
-4.883933e-08
-2.538484e-07
-2.447881e-08
-2.576189e-07
-2.584772e-07
-2.634534e-08
2.846763e-07
-5.255035e-08
2.836816e-07
-7.826911e-08
2.794333e-07
-1.032756e-07
2.73147e-07
-1.273637e-07
2.649299e-07
-1.503512e-07
2.549131e-07
-1.720827e-07
2.432471e-07
-1.9243e-07
2.300945e-07
-2.11292e-07
2.156236e-07
-2.285929e-07
2.000018e-07
-2.442796e-07
1.833911e-07
-2.58318e-07
1.659441e-07
-2.706903e-07
1.478008e-07
-2.813904e-07
1.290878e-07
-2.90421e-07
1.09917e-07
-2.977902e-07
9.038622e-08
-3.035086e-07
7.058032e-08
-3.07587e-07
5.05727e-08
-3.100343e-07
3.042748e-08
-3.108564e-07
1.020191e-08
-3.100552e-07
-1.005097e-08
-3.076286e-07
-3.027953e-08
-3.035702e-07
-5.043071e-08
-2.978707e-07
-7.044724e-08
-2.905191e-07
-9.026495e-08
-2.815043e-07
-1.098103e-07
-2.708178e-07
-1.289984e-07
-2.584567e-07
-1.477312e-07
-2.444263e-07
-1.658964e-07
-2.287445e-07
-1.833673e-07
-2.114447e-07
-2.000031e-07
-1.9258e-07
-2.156509e-07
-1.722259e-07
-2.30148e-07
-1.504836e-07
-2.43326e-07
-1.274812e-07
-2.550161e-07
-1.033747e-07
-2.650547e-07
-7.834646e-08
-2.732905e-07
-5.260341e-08
-2.795915e-07
-2.637229e-08
-2.8385e-07
-2.848495e-07
-2.847976e-08
3.131561e-07
-5.679025e-08
3.119921e-07
-8.454139e-08
3.071844e-07
-1.114758e-07
3.000815e-07
-1.373616e-07
2.908157e-07
-1.619976e-07
2.79549e-07
-1.852158e-07
2.664653e-07
-2.068825e-07
2.517612e-07
-2.26897e-07
2.356381e-07
-2.451888e-07
2.182936e-07
-2.617141e-07
1.999163e-07
-2.764509e-07
1.806809e-07
-2.89395e-07
1.607449e-07
-3.005548e-07
1.402476e-07
-3.099469e-07
1.193091e-07
-3.175925e-07
9.803183e-08
-3.235136e-07
7.650142e-08
-3.277302e-07
5.478934e-08
-3.302583e-07
3.295553e-08
-3.311078e-07
1.105146e-08
-3.302822e-07
-1.087656e-08
-3.277778e-07
-3.278396e-08
-3.235841e-07
-5.462444e-08
-3.176848e-07
-7.63465e-08
-3.100596e-07
-9.78902e-08
-3.006859e-07
-1.19184e-07
-2.895423e-07
-1.401421e-07
-2.766115e-07
-1.60662e-07
-2.618846e-07
-1.806233e-07
-2.453656e-07
-1.998863e-07
-2.270757e-07
-2.18293e-07
-2.070586e-07
-2.35668e-07
-1.853845e-07
-2.518221e-07
-1.62154e-07
-2.665566e-07
-1.375009e-07
-2.796692e-07
-1.115934e-07
-2.909622e-07
-8.463343e-08
-3.002505e-07
-5.685347e-08
-3.073715e-07
-2.85119e-08
-3.121916e-07
-3.133614e-07
-3.089654e-08
3.440526e-07
-6.158665e-08
3.426822e-07
-9.162637e-08
3.372241e-07
-1.207199e-07
3.29175e-07
-1.486045e-07
3.187003e-07
-1.750569e-07
3.060014e-07
-1.99896e-07
2.913044e-07
-2.229836e-07
2.748488e-07
-2.442217e-07
2.568762e-07
-2.635491e-07
2.37621e-07
-2.809355e-07
2.173027e-07
-2.963757e-07
1.961211e-07
-3.098837e-07
1.74253e-07
-3.214868e-07
1.518506e-07
-3.312197e-07
1.29042e-07
-3.391199e-07
1.059321e-07
-3.452238e-07
8.260529e-08
-3.495629e-07
5.912847e-08
-3.521617e-07
3.555428e-08
-3.530353e-07
1.192511e-08
-3.521889e-07
-1.172292e-08
-3.496171e-07
-3.535578e-08
-3.453042e-07
-5.893734e-08
-3.392255e-07
-8.242525e-08
-3.313489e-07
-1.057668e-07
-3.216376e-07
-1.288953e-07
-3.100536e-07
-1.517261e-07
-2.965615e-07
-1.741541e-07
-2.811335e-07
-1.960512e-07
-2.637552e-07
-2.172646e-07
-2.444309e-07
-2.376172e-07
-2.231905e-07
-2.569084e-07
-2.00095e-07
-2.749176e-07
-1.75242e-07
-2.914095e-07
-1.487699e-07
-3.061413e-07
-1.2086e-07
-3.188721e-07
-9.173627e-08
-3.293743e-07
-6.166228e-08
-3.374455e-07
-3.093504e-08
-3.429188e-07
-3.442964e-07
-3.364204e-08
3.776946e-07
-6.702952e-08
3.760697e-07
-9.965209e-08
3.698467e-07
-1.311665e-07
3.606894e-07
-1.612731e-07
3.488069e-07
-1.897231e-07
3.344514e-07
-2.163222e-07
3.179034e-07
-2.409294e-07
2.99456e-07
-2.634537e-07
2.794006e-07
-2.83848e-07
2.580152e-07
-3.021014e-07
2.355561e-07
-3.182318e-07
2.122515e-07
-3.322773e-07
1.882986e-07
-3.442894e-07
1.638627e-07
-3.543257e-07
1.390783e-07
-3.624445e-07
1.140508e-07
-3.686996e-07
8.886043e-08
-3.731369e-07
6.35658e-08
-3.757911e-07
3.820849e-08
-3.766838e-07
1.281777e-08
-3.758221e-07
-1.258461e-08
-3.731985e-07
-3.797935e-08
-3.687911e-07
-6.334473e-08
-3.625649e-07
-8.865154e-08
-3.544734e-07
-1.138583e-07
-3.444623e-07
-1.389063e-07
-3.324728e-07
-1.637156e-07
-3.184465e-07
-1.881805e-07
-3.023313e-07
-2.121664e-07
-2.840882e-07
-2.355077e-07
-2.636987e-07
-2.580067e-07
-2.411729e-07
-2.794342e-07
-2.165574e-07
-2.995331e-07
-1.899429e-07
-3.180241e-07
-1.614702e-07
-3.34614e-07
-1.313341e-07
-3.490082e-07
-9.978386e-08
-3.609245e-07
-6.712038e-08
-3.701089e-07
-3.368836e-08
-3.763509e-07
-3.779848e-07
-3.677465e-08
4.144693e-07
-7.32318e-08
4.125269e-07
-1.087785e-07
4.053934e-07
-1.430124e-07
3.949233e-07
-1.755895e-07
3.81384e-07
-2.062323e-07
3.650942e-07
-2.347332e-07
3.464044e-07
-2.609525e-07
3.256753e-07
-2.848117e-07
3.032597e-07
-3.06285e-07
2.794885e-07
-3.25389e-07
2.546601e-07
-3.421722e-07
2.290347e-07
-3.567046e-07
2.028309e-07
-3.690684e-07
1.762266e-07
-3.793502e-07
1.493601e-07
-3.876337e-07
1.223343e-07
-3.939944e-07
9.522112e-08
-3.984952e-07
6.806663e-08
-4.011833e-07
4.089659e-08
-4.020878e-07
1.372222e-08
-4.012183e-07
-1.345406e-08
-3.985649e-07
-4.063276e-08
-3.940981e-07
-6.78115e-08
-3.877705e-07
-9.49792e-08
-3.795185e-07
-1.221102e-07
-3.692662e-07
-1.491586e-07
-3.569291e-07
-1.760527e-07
-3.424199e-07
-2.026896e-07
-3.256556e-07
-2.289308e-07
-3.06565e-07
-2.545983e-07
-2.850988e-07
-2.794729e-07
-2.612394e-07
-3.032936e-07
-2.350118e-07
-3.257607e-07
-2.064939e-07
-3.46542e-07
-1.758252e-07
-3.652827e-07
-1.432136e-07
-3.816199e-07
-1.089372e-07
-3.952009e-07
-7.334152e-08
-4.057046e-07
-3.683066e-08
-4.128617e-07
-4.148154e-07
-4.036874e-08
4.54838e-07
-8.033679e-08
4.524949e-07
-1.192071e-07
4.442636e-07
-1.565036e-07
4.322199e-07
-1.918287e-07
4.16709e-07
-2.248728e-07
3.981383e-07
-2.554173e-07
3.769489e-07
-2.83329e-07
3.535871e-07
-3.085509e-07
3.284816e-07
-3.310884e-07
3.02026e-07
-3.509961e-07
2.745678e-07
-3.683633e-07
2.464018e-07
-3.83301e-07
2.177686e-07
-3.959306e-07
1.888563e-07
-4.063744e-07
1.598038e-07
-4.147471e-07
1.307071e-07
-4.211504e-07
1.016244e-07
-4.256675e-07
7.258375e-08
-4.283603e-07
4.358943e-08
-4.292668e-07
1.46287e-08
-4.283997e-07
-1.432123e-08
-4.257459e-07
-4.328652e-08
-4.212673e-07
-7.229008e-08
-4.149018e-07
-1.013448e-07
-4.065653e-07
-1.304467e-07
-3.96156e-07
-1.59568e-07
-3.83558e-07
-1.886507e-07
-3.686484e-07
-2.175992e-07
-3.513047e-07
-2.462745e-07
-3.314145e-07
-2.744885e-07
-3.088874e-07
-3.020001e-07
-2.836674e-07
-3.285135e-07
-2.557478e-07
-3.536803e-07
-2.25185e-07
-3.771048e-07
-1.921115e-07
-3.983562e-07
-1.567462e-07
-4.169852e-07
-1.193992e-07
-4.325479e-07
-8.047002e-08
-4.446338e-07
-4.043688e-08
-4.528949e-07
-4.552523e-07
-4.452019e-08
4.993582e-07
-8.852836e-08
4.965031e-07
-1.311947e-07
4.8693e-07
-1.719504e-07
4.729756e-07
-2.103332e-07
4.550918e-07
-2.459993e-07
4.338044e-07
-2.787231e-07
4.096726e-07
-3.083876e-07
3.832516e-07
-3.349693e-07
3.550632e-07
-3.58519e-07
3.255758e-07
-3.79143e-07
2.951918e-07
-3.969843e-07
2.642432e-07
-4.122067e-07
2.32991e-07
-4.249804e-07
2.0163e-07
-4.354712e-07
1.702946e-07
-4.438314e-07
1.390673e-07
-4.501937e-07
1.079866e-07
-4.546653e-07
7.705538e-08
-4.57325e-07
4.624915e-08
-4.582209e-07
1.552454e-08
-4.573689e-07
-1.517318e-08
-4.547529e-07
-4.590251e-08
-4.503247e-07
-7.67183e-08
-4.440052e-07
-1.076643e-07
-4.356867e-07
-1.387652e-07
-4.252361e-07
-1.700187e-07
-4.124999e-07
-2.013868e-07
-3.973116e-07
-2.327875e-07
-3.794996e-07
-2.640866e-07
-3.588985e-07
-2.950896e-07
-3.353636e-07
-3.255349e-07
-3.08787e-07
-3.550901e-07
-2.791161e-07
-3.833512e-07
-2.463731e-07
-4.098478e-07
-2.10674e-07
-4.340553e-07
-1.722443e-07
-4.554149e-07
-1.314287e-07
-4.733635e-07
-8.869118e-08
-4.873713e-07
-4.460366e-08
-4.969824e-07
-4.99856e-07
-4.935426e-08
5.487125e-07
-9.804537e-08
5.451942e-07
-1.45072e-07
5.339566e-07
-1.897477e-07
5.176512e-07
-2.315335e-07
4.968776e-07
-2.700504e-07
4.723214e-07
-3.050745e-07
4.446968e-07
-3.365199e-07
4.146969e-07
-3.644144e-07
3.829577e-07
-3.888733e-07
3.500347e-07
-4.100727e-07
3.163913e-07
-4.28226e-07
2.823964e-07
-4.435632e-07
2.483282e-07
-4.563146e-07
2.143814e-07
-4.666994e-07
1.806794e-07
-4.749148e-07
1.472828e-07
-4.811291e-07
1.142009e-07
-4.854767e-07
8.140299e-08
-4.880555e-07
4.882787e-08
-4.889246e-07
1.639368e-08
-4.881041e-07
-1.599374e-08
-4.855739e-07
-4.843264e-08
-4.812748e-07
-8.101738e-08
-4.751088e-07
-1.138303e-07
-4.669411e-07
-1.469329e-07
-4.566029e-07
-1.803569e-07
-4.438961e-07
-2.140936e-07
-4.286002e-07
-2.480833e-07
-4.104835e-07
-2.822033e-07
-3.893141e-07
-3.162591e-07
-3.648763e-07
-3.499727e-07
-3.369918e-07
-3.829746e-07
-3.055429e-07
-4.148001e-07
-2.704995e-07
-4.448912e-07
-2.319461e-07
-4.726087e-07
-1.90106e-07
-4.97255e-07
-1.453589e-07
-5.181106e-07
-9.824586e-08
-5.344843e-07
-4.945732e-08
-5.457709e-07
-5.493133e-07
-5.503714e-08
6.037496e-07
-1.092024e-07
5.993595e-07
-1.6127e-07
5.860241e-07
-2.104034e-07
5.667847e-07
-2.559742e-07
5.424484e-07
-2.975715e-07
5.139187e-07
-3.349884e-07
4.821137e-07
-3.681928e-07
4.479013e-07
-3.972902e-07
4.120552e-07
-4.224861e-07
3.752306e-07
-4.440503e-07
3.379554e-07
-4.622858e-07
3.00632e-07
-4.775056e-07
2.63548e-07
-4.900157e-07
2.268915e-07
-5.000981e-07
1.907618e-07
-5.080012e-07
1.551858e-07
-5.139334e-07
1.201332e-07
-5.180594e-07
8.5529e-08
-5.204979e-07
5.126638e-08
-5.213205e-07
1.721628e-08
-5.205512e-07
-1.676304e-08
-5.181662e-07
-5.081764e-08
-5.14094e-07
-8.508956e-08
-5.08216e-07
-1.197083e-07
-5.003672e-07
-1.547817e-07
-4.903387e-07
-1.903853e-07
-4.778814e-07
-2.26551e-07
-4.627117e-07
-2.63253e-07
-4.445221e-07
-3.00393e-07
-4.229971e-07
-3.37784e-07
-3.97831e-07
-3.751388e-07
-3.687508e-07
-4.120549e-07
-3.355477e-07
-4.480032e-07
-2.981129e-07
-4.823259e-07
-2.564762e-07
-5.142454e-07
-2.10843e-07
-5.428882e-07
-1.616243e-07
-5.673293e-07
-1.094515e-07
-5.866571e-07
-5.516559e-08
-6.000568e-07
-6.044789e-07
-6.179307e-08
6.655427e-07
-1.224203e-07
6.599867e-07
-1.803574e-07
6.439612e-07
-2.345774e-07
6.210048e-07
-2.843499e-07
5.922209e-07
-3.292435e-07
5.588123e-07
-3.690954e-07
5.219656e-07
-4.039623e-07
4.827681e-07
-4.340644e-07
4.421573e-07
-4.597322e-07
4.008984e-07
-4.813578e-07
3.59581e-07
-4.993598e-07
3.18634e-07
-5.141578e-07
2.78346e-07
-5.261458e-07
2.388795e-07
-5.356782e-07
2.002942e-07
-5.43061e-07
1.625686e-07
-5.485468e-07
1.256189e-07
-5.523327e-07
8.931487e-08
-5.545594e-07
5.349312e-08
-5.553115e-07
1.796838e-08
-5.546172e-07
-1.745731e-08
-5.524488e-07
-5.29861e-08
-5.487221e-07
-8.881627e-08
-5.432965e-07
-1.251338e-07
-5.359751e-07
-1.621031e-07
-5.265048e-07
-1.998556e-07
-5.145789e-07
-2.384769e-07
-4.998417e-07
-2.779901e-07
-4.818971e-07
-3.183376e-07
-4.603228e-07
-3.593583e-07
-4.346966e-07
-4.007651e-07
-4.046222e-07
-4.421293e-07
-3.697646e-07
-4.828607e-07
-3.298988e-07
-5.221917e-07
-2.849641e-07
-5.591801e-07
-2.351206e-07
-5.927318e-07
-1.80799e-07
-6.216508e-07
-1.227327e-07
-6.447234e-07
-6.195496e-08
-6.608346e-07
-6.664338e-07
-6.993081e-08
7.354735e-07
-1.382708e-07
7.283267e-07
-2.030954e-07
7.087858e-07
-2.631357e-07
6.810451e-07
-3.175527e-07
6.466378e-07
-3.659205e-07
6.071801e-07
-4.081659e-07
5.64211e-07
-4.444876e-07
5.190898e-07
-4.752728e-07
4.729425e-07
-5.010206e-07
4.266462e-07
-5.22285e-07
3.808455e-07
-5.39637e-07
3.359859e-07
-5.536211e-07
2.923301e-07
-5.647341e-07
2.499924e-07
-5.734114e-07
2.089716e-07
-5.800217e-07
1.691789e-07
-5.84864e-07
1.304613e-07
-5.881689e-07
9.261978e-08
-5.900994e-07
5.542362e-08
-5.907527e-07
1.862165e-08
-5.901613e-07
-1.804872e-08
-5.882935e-07
-5.485392e-08
-5.850528e-07
-9.205696e-08
-5.802768e-07
-1.299099e-07
-5.737353e-07
-1.686446e-07
-5.651291e-07
-2.084619e-07
-5.54089e-07
-2.495169e-07
-5.401782e-07
-2.919009e-07
-5.22898e-07
-3.356178e-07
-5.017004e-07
-3.805559e-07
-4.760103e-07
-4.264552e-07
-4.452679e-07
-4.728717e-07
-4.089681e-07
-5.191605e-07
-3.667167e-07
-5.644431e-07
-3.183087e-07
-6.075881e-07
-2.638124e-07
-6.472282e-07
-2.036514e-07
-6.818117e-07
-1.386675e-07
-7.097073e-07
-7.013752e-08
-7.293646e-07
-7.365713e-07
-7.988538e-08
8.153589e-07
-1.575462e-07
8.059875e-07
-2.305174e-07
7.81757e-07
-2.972269e-07
7.477546e-07
-3.567354e-07
7.061463e-07
-4.086754e-07
6.591201e-07
-4.531385e-07
6.086741e-07
-4.905448e-07
5.564961e-07
-5.215174e-07
5.039152e-07
-5.467844e-07
4.519132e-07
-5.671221e-07
4.011831e-07
-5.832829e-07
3.521468e-07
-5.95959e-07
3.050063e-07
-6.057625e-07
2.597959e-07
-6.132168e-07
2.164258e-07
-6.187552e-07
1.747173e-07
-6.227235e-07
1.344296e-07
-6.253842e-07
9.528053e-08
-6.269211e-07
5.696052e-08
-6.27443e-07
1.914352e-08
-6.269863e-07
-1.850547e-08
-6.255157e-07
-5.632447e-08
-6.229237e-07
-9.464898e-08
-6.190275e-07
-1.338061e-07
-6.135653e-07
-1.741067e-07
-6.061918e-07
-2.158354e-07
-5.964733e-07
-2.592355e-07
-5.838852e-07
-3.04489e-07
-5.678136e-07
-3.516894e-07
-5.475627e-07
-4.008068e-07
-5.223748e-07
-4.516431e-07
-4.914667e-07
-5.037798e-07
-4.541015e-07
-5.565257e-07
-4.096467e-07
-6.088979e-07
-3.57672e-07
-6.595628e-07
-2.980775e-07
-7.068228e-07
-2.312255e-07
-7.486637e-07
-1.580568e-07
-7.82876e-07
-8.015351e-08
-8.072679e-07
-8.167249e-07
-9.228709e-08
9.07646e-07
-1.813651e-07
8.950655e-07
-2.640477e-07
8.644396e-07
-3.383902e-07
8.220972e-07
-4.033962e-07
7.711524e-07
-4.588571e-07
7.14581e-07
-5.05151e-07
6.549679e-07
-5.430326e-07
5.943777e-07
-5.734527e-07
5.343353e-07
-5.974713e-07
4.759317e-07
-6.161365e-07
4.198483e-07
-6.304183e-07
3.664285e-07
-6.411763e-07
3.157643e-07
-6.491474e-07
2.67767e-07
-6.549449e-07
2.222233e-07
-6.590651e-07
1.788375e-07
-6.618963e-07
1.372608e-07
-6.637287e-07
9.711287e-08
-6.647628e-07
5.799467e-08
-6.651168e-07
1.949747e-08
-6.6483e-07
-1.879228e-08
-6.638647e-07
-5.728976e-08
-6.621046e-07
-9.640908e-08
-6.593505e-07
-1.365601e-07
-6.553137e-07
-1.781435e-07
-6.496067e-07
-2.215424e-07
-6.417337e-07
-2.671085e-07
-6.310807e-07
-3.15142e-07
-6.169091e-07
-3.658611e-07
-5.983556e-07
-4.193603e-07
-5.744445e-07
-4.755541e-07
-5.441192e-07
-5.341052e-07
-5.063079e-07
-5.94337e-07
-4.600461e-07
-6.551597e-07
-4.045643e-07
-7.150446e-07
-3.394699e-07
-7.719172e-07
-2.649612e-07
-8.231724e-07
-1.82033e-07
-8.658043e-07
-9.264155e-08
-8.966593e-07
-9.093664e-07
-1.080796e-07
1.015726e-06
-2.113427e-07
9.983286e-07
-3.056812e-07
9.587781e-07
-3.887079e-07
9.051239e-07
-4.594892e-07
8.419337e-07
-5.181574e-07
7.732492e-07
-5.655677e-07
7.023783e-07
-6.029557e-07
6.317657e-07
-6.317758e-07
5.631554e-07
-6.535111e-07
4.97667e-07
-6.695415e-07
4.358787e-07
-6.810878e-07
3.779749e-07
-6.891916e-07
3.238681e-07
-6.947161e-07
2.732915e-07
-6.983594e-07
2.258666e-07
-7.006717e-07
1.811499e-07
-7.020745e-07
1.386636e-07
-7.028768e-07
9.791521e-08
-7.032897e-07
5.840754e-08
-7.034361e-07
1.964389e-08
-7.033571e-07
-1.887125e-08
-7.03014e-07
-5.763292e-08
-7.022859e-07
-9.713719e-08
-7.00964e-07
-1.378819e-07
-6.987413e-07
-1.803663e-07
-6.951981e-07
-2.250855e-07
-6.897854e-07
-2.725212e-07
-6.818054e-07
-3.231219e-07
-6.703938e-07
-3.772727e-07
-6.545059e-07
-4.352482e-07
-6.329148e-07
-4.971452e-07
-6.042309e-07
-5.627891e-07
-5.669565e-07
-6.316114e-07
-5.196172e-07
-7.024989e-07
-4.609556e-07
-7.737062e-07
-3.900929e-07
-8.427798e-07
-3.068771e-07
-9.063883e-07
-2.122324e-07
-9.604489e-07
-1.085592e-07
-1.000333e-06
-1.017926e-06
-1.287305e-07
1.144456e-06
-2.498635e-07
1.119462e-06
-3.582571e-07
1.067172e-06
-4.51021e-07
9.978877e-07
-5.275663e-07
9.18479e-07
-5.886837e-07
8.343666e-07
-6.359669e-07
7.496614e-07
-6.71417e-07
6.672158e-07
-6.971803e-07
5.889186e-07
-7.152673e-07
5.15754e-07
-7.274483e-07
4.480597e-07
-7.352185e-07
3.857451e-07
-7.398027e-07
3.284523e-07
-7.421798e-07
2.756686e-07
-7.431155e-07
2.268023e-07
-7.431963e-07
1.812306e-07
-7.428595e-07
1.383268e-07
-7.4242e-07
9.747564e-08
-7.420886e-07
5.80762e-08
-7.419866e-07
1.954184e-08
-7.421541e-07
-1.87037e-08
-7.425538e-07
-5.723324e-08
-7.430674e-07
-9.662359e-08
-7.434868e-07
-1.374625e-07
-7.435002e-07
-1.803529e-07
-7.426729e-07
-2.259128e-07
-7.40421e-07
-2.747731e-07
-7.359805e-07
-3.275625e-07
-7.283727e-07
-3.848804e-07
-7.163712e-07
-4.472498e-07
-6.984751e-07
-5.150413e-07
-6.729037e-07
-5.883605e-07
-6.37629e-07
-6.668861e-07
-5.904793e-07
-7.496486e-07
-5.294187e-07
-8.347668e-07
-4.528172e-07
-9.193813e-07
-3.598479e-07
-9.993576e-07
-2.510743e-07
-1.069223e-06
-1.293983e-07
-1.122009e-06
-1.147324e-06
-1.566197e-07
1.301076e-06
-3.005326e-07
1.263375e-06
-4.258803e-07
1.192519e-06
-5.29229e-07
1.101236e-06
-6.109505e-07
1.000201e-06
-6.729947e-07
8.964108e-07
-7.181341e-07
7.948008e-07
-7.495536e-07
6.986353e-07
-7.702803e-07
6.096454e-07
-7.829609e-07
5.284346e-07
-7.897982e-07
4.54897e-07
-7.925633e-07
3.885102e-07
-7.926431e-07
3.285321e-07
-7.911013e-07
2.741267e-07
-7.887385e-07
2.244395e-07
-7.861477e-07
1.786398e-07
-7.837582e-07
1.359373e-07
-7.81868e-07
9.55854e-08
-7.806721e-07
5.688026e-08
-7.802814e-07
1.915113e-08
-7.807328e-07
-1.825223e-08
-7.819929e-07
-5.597319e-08
-7.839541e-07
-9.46624e-08
-7.86425e-07
-1.349916e-07
-7.891116e-07
-1.776663e-07
-7.915888e-07
-2.234356e-07
-7.932676e-07
-2.730943e-07
-7.933511e-07
-3.27479e-07
-7.907784e-07
-3.874531e-07
-7.84163e-07
-4.538652e-07
-7.717306e-07
-5.274737e-07
-7.512687e-07
-6.088224e-07
-7.201118e-07
-6.980431e-07
-6.752007e-07
-7.945596e-07
-6.133024e-07
-8.966651e-07
-5.315838e-07
-1.0011e-06
-4.280331e-07
-1.102908e-06
-3.022198e-07
-1.195036e-06
-1.575829e-07
-1.266645e-06
-1.304907e-06
-1.957896e-07
1.496865e-06
-3.689326e-07
1.436518e-06
-5.14572e-07
1.338159e-06
-6.287014e-07
1.215366e-06
-7.139233e-07
1.085422e-06
-7.740727e-07
9.565602e-07
-8.139854e-07
8.347135e-07
-8.384159e-07
7.230657e-07
-8.514853e-07
6.227148e-07
-8.565579e-07
5.335073e-07
-8.562709e-07
4.5461e-07
-8.526312e-07
3.848705e-07
-8.471316e-07
3.230325e-07
-8.408616e-07
2.678567e-07
-8.346069e-07
2.181848e-07
-8.289194e-07
1.729524e-07
-8.241786e-07
1.311966e-07
-8.206402e-07
9.2047e-08
-8.184672e-07
5.470719e-08
-8.177503e-07
1.843422e-08
-8.185198e-07
-1.748268e-08
-8.207494e-07
-5.374365e-08
-8.24352e-07
-9.105973e-08
-8.291692e-07
-1.301744e-07
-8.349502e-07
-1.718853e-07
-8.413211e-07
-2.170648e-07
-8.47736e-07
-2.666793e-07
-8.53416e-07
-3.21799e-07
-8.572775e-07
-3.835916e-07
-8.578327e-07
-4.5331e-07
-8.530757e-07
-5.322307e-07
-8.403635e-07
-6.215346e-07
-8.163143e-07
-7.220923e-07
-7.767707e-07
-8.341033e-07
-7.169166e-07
-9.565191e-07
-6.318192e-07
-1.086197e-06
-5.17538e-07
-1.217189e-06
-3.713458e-07
-1.341228e-06
-1.972384e-07
-1.440753e-06
-1.502145e-06
-2.533026e-07
1.750168e-06
-4.638591e-07
1.647074e-06
-6.33268e-07
1.507568e-06
-7.568131e-07
1.338911e-06
-8.417305e-07
1.17034e-06
-8.952861e-07
1.010116e-06
-9.253751e-07
8.648026e-07
-9.387541e-07
7.364447e-07
-9.408037e-07
6.247644e-07
-9.356088e-07
5.283124e-07
-9.26163e-07
4.451642e-07
-9.146027e-07
3.733103e-07
-9.024208e-07
3.108506e-07
-8.906416e-07
2.560775e-07
-8.799438e-07
2.07487e-07
-8.707735e-07
1.63782e-07
-8.634199e-07
1.238431e-07
-8.580663e-07
8.669339e-08
-8.548229e-07
5.146378e-08
-8.537488e-07
1.736008e-08
-8.548637e-07
-1.636781e-08
-8.581519e-07
-5.045545e-08
-8.635587e-07
-8.56529e-08
-8.709788e-07
-1.227543e-07
-8.802349e-07
-1.626291e-07
-8.910446e-07
-2.062551e-07
-9.029702e-07
-2.547537e-07
-9.153431e-07
-3.094261e-07
-9.271502e-07
-3.717845e-07
-9.369097e-07
-4.435506e-07
-9.424941e-07
-5.266462e-07
-9.409129e-07
-6.231158e-07
-9.280707e-07
-7.349345e-07
-8.985526e-07
-8.636214e-07
-8.455287e-07
-1.009543e-06
-7.609748e-07
-1.170751e-06
-6.37429e-07
-1.340735e-06
-4.674094e-07
-1.511248e-06
-2.555976e-07
-1.652565e-06
-1.757743e-06
-3.433332e-07
2.093501e-06
-5.997153e-07
1.903456e-06
-7.953865e-07
1.703239e-06
-9.23411e-07
1.466935e-06
-1.00058e-06
1.247509e-06
-1.040055e-06
1.04959e-06
-1.05371e-06
8.784577e-07
-1.050659e-06
7.333941e-07
-1.03755e-06
6.116555e-07
-1.019032e-06
5.097937e-07
-9.98243e-07
4.243756e-07
-9.772549e-07
3.523222e-07
-9.573755e-07
2.909712e-07
-9.393979e-07
2.380999e-07
-9.237956e-07
1.918847e-07
-9.108414e-07
1.508278e-07
-9.006842e-07
1.136859e-07
-8.934e-07
7.940921e-08
-8.890244e-07
4.708816e-08
-8.875724e-07
1.590805e-08
-8.890491e-07
-1.489106e-08
-8.934535e-07
-4.605108e-08
-9.007749e-07
-7.833149e-08
-9.10983e-07
-1.125462e-07
-9.240082e-07
-1.496039e-07
-9.397099e-07
-1.905534e-07
-9.578259e-07
-2.366377e-07
-9.77896e-07
-2.893561e-07
-9.991441e-07
-3.505363e-07
-1.020283e-06
-4.224115e-07
-1.039264e-06
-5.076658e-07
-1.052964e-06
-6.094151e-07
-1.056744e-06
-7.311546e-07
-1.043937e-06
-8.764286e-07
-1.005358e-06
-1.048122e-06
-9.289724e-07
-1.247137e-06
-8.01315e-07
-1.468393e-06
-6.050606e-07
-1.707502e-06
-3.471225e-07
-1.910503e-06
-2.104865e-06
-4.841298e-07
2.577631e-06
-7.955496e-07
2.214876e-06
-1.020402e-06
1.928091e-06
-1.140611e-06
1.587144e-06
-1.197152e-06
1.304051e-06
-1.211141e-06
1.063579e-06
-1.199257e-06
8.66574e-07
-1.172993e-06
7.071301e-07
-1.139932e-06
5.785943e-07
-1.104856e-06
4.74718e-07
-1.070655e-06
3.901739e-07
-1.038929e-06
3.205965e-07
-1.010523e-06
2.625652e-07
-9.858422e-07
2.134192e-07
-9.650416e-07
1.710841e-07
-9.481405e-07
1.339267e-07
-9.350946e-07
1.0064e-07
-9.258388e-07
7.015338e-08
-9.20313e-07
4.156238e-08
-9.184769e-07
1.4072e-08
-9.203176e-07
-1.305037e-08
-9.258517e-07
-4.051703e-08
-9.351235e-07
-6.905968e-08
-9.481981e-07
-9.947159e-08
-9.651473e-07
-1.326547e-07
-9.860243e-07
-1.696764e-07
-1.010822e-06
-2.118401e-07
-1.039402e-06
-2.607758e-07
-1.071382e-06
-3.185563e-07
-1.105949e-06
-3.878453e-07
-1.141539e-06
-4.720754e-07
-1.17531e-06
-5.756436e-07
-1.20252e-06
-7.039447e-07
-1.215608e-06
-8.633412e-07
-1.203043e-06
-1.060686e-06
-1.147997e-06
-1.302183e-06
-1.028998e-06
-1.587391e-06
-8.038477e-07
-1.932652e-06
-4.911718e-07
-2.223179e-06
-2.596037e-06
-7.704978e-07
3.348129e-06
-1.107242e-06
2.55162e-06
-1.341841e-06
2.16269e-06
-1.423634e-06
1.668937e-06
-1.437657e-06
1.318073e-06
-1.409413e-06
1.035335e-06
-1.360025e-06
8.171861e-07
-1.302572e-06
6.496767e-07
-1.244633e-06
5.206552e-07
-1.190128e-06
4.202135e-07
-1.140838e-06
3.408837e-07
-1.097441e-06
2.771997e-07
-1.060042e-06
2.251657e-07
-1.028465e-06
1.818424e-07
-1.002423e-06
1.45042e-07
-9.816047e-07
1.131088e-07
-9.657266e-07
8.476185e-08
-9.545542e-07
5.898101e-08
-9.47916e-07
3.492418e-08
-9.457081e-07
1.186414e-08
-9.478969e-07
-1.086163e-08
-9.545187e-07
-3.389521e-08
-9.656807e-07
-5.789769e-08
-9.815587e-07
-8.359356e-08
-1.002393e-06
-1.118207e-07
-1.028476e-06
-1.435932e-07
-1.060131e-06
-1.801846e-07
-1.097666e-06
-2.23241e-07
-1.141282e-06
-2.7494e-07
-1.190916e-06
-3.382116e-07
-1.245945e-06
-4.170469e-07
-1.304667e-06
-5.169215e-07
-1.363269e-06
-6.453428e-07
-1.41427e-06
-8.123399e-07
-1.444648e-06
-1.030309e-06
-1.433205e-06
-1.313625e-06
-1.354191e-06
-1.666406e-06
-1.119941e-06
-2.166902e-06
-7.818402e-07
-2.561279e-06
-3.377877e-06
-1.086477e-06
4.434606e-06
-1.481959e-06
2.947101e-06
-1.741355e-06
2.422086e-06
-1.771242e-06
1.698824e-06
-1.719906e-06
1.266738e-06
-1.629389e-06
9.448178e-07
-1.5294e-06
7.171969e-07
-1.433383e-06
5.536595e-07
-1.346611e-06
4.338837e-07
-1.270641e-06
3.442439e-07
-1.205389e-06
2.756316e-07
-1.150099e-06
2.219095e-07
-1.103814e-06
1.7888e-07
-1.065591e-06
1.436197e-07
-1.034597e-06
1.140478e-07
-1.010135e-06
8.864728e-08
-9.916527e-07
6.627945e-08
-9.787323e-07
4.606059e-08
-9.710841e-07
2.727594e-08
-9.685377e-07
9.317799e-09
-9.710383e-07
-8.361007e-09
-9.786422e-07
-2.629137e-08
-9.915215e-07
-4.501839e-08
-1.009969e-06
-6.514625e-08
-1.034406e-06
-8.738391e-08
-1.065392e-06
-1.126065e-07
-1.103636e-06
-1.419407e-07
-1.14999e-06
-1.768874e-07
-1.205424e-06
-2.195061e-07
-1.270942e-06
-2.726938e-07
-1.347371e-06
-3.406177e-07
-1.434906e-06
-4.293864e-07
-1.532153e-06
-5.480961e-07
-1.634076e-06
-7.104163e-07
-1.727481e-06
-9.369042e-07
-1.782457e-06
-1.258649e-06
-1.758565e-06
-1.690298e-06
-1.503168e-06
-2.422298e-06
-1.115376e-06
-2.949072e-06
-4.493253e-06
-2.419935e-06
6.854541e-06
-2.514028e-06
3.041194e-06
-2.497565e-06
2.405623e-06
-2.287878e-06
1.489137e-06
-2.067493e-06
1.046353e-06
-1.869188e-06
7.465123e-07
-1.699777e-06
5.477865e-07
-1.55726e-06
4.111418e-07
-1.43878e-06
3.154039e-07
-1.340841e-06
2.463051e-07
-1.260121e-06
1.94912e-07
-1.193777e-06
1.555652e-07
-1.139493e-06
1.24596e-07
-1.095435e-06
9.956152e-08
-1.060175e-06
7.878775e-08
-1.03262e-06
6.109183e-08
-1.011949e-06
4.560892e-08
-9.975703e-07
3.168186e-08
-9.890823e-07
1.878797e-08
-9.862521e-07
6.48759e-09
-9.890082e-07
-5.604929e-09
-9.974212e-07
-1.787837e-08
-1.011725e-06
-3.07149e-08
-1.03232e-06
-4.45508e-08
-1.059802e-06
-5.990176e-08
-1.094994e-06
-7.741436e-08
-1.138997e-06
-9.79378e-08
-1.193252e-06
-1.226323e-07
-1.259619e-06
-1.531392e-07
-1.340459e-06
-1.918546e-07
-1.438695e-06
-2.423811e-07
-1.557797e-06
-3.102848e-07
-1.701532e-06
-4.043607e-07
-1.873367e-06
-5.38581e-07
-2.076897e-06
-7.333743e-07
-2.304071e-06
-1.031476e-06
-2.525561e-06
-1.468809e-06
-2.549081e-06
-2.398778e-06
-2.456561e-06
-3.041592e-06
-6.949814e-06
-3.022335e-06
9.876877e-06
-3.051876e-06
3.070735e-06
-2.961281e-06
2.315029e-06
-2.639396e-06
1.167252e-06
-2.317939e-06
7.248956e-07
-2.035482e-06
4.640554e-07
-1.803904e-06
3.162086e-07
-1.619264e-06
2.26502e-07
-1.472563e-06
1.687031e-07
-1.355609e-06
1.293507e-07
-1.261904e-06
1.012065e-07
-1.186541e-06
8.02023e-08
-1.125885e-06
6.39404e-08
-1.077261e-06
5.093699e-08
-1.0387e-06
4.022742e-08
-1.008763e-06
3.115412e-08
-9.864015e-07
2.324786e-08
-9.708776e-07
1.615799e-08
-9.616985e-07
9.60889e-09
-9.585814e-07
3.370505e-09
-9.614304e-07
-2.755915e-09
-9.703338e-07
-8.974985e-09
-9.85566e-07
-1.548274e-08
-1.00761e-06
-2.250662e-08
-1.037195e-06
-3.031676e-08
-1.075354e-06
-3.925528e-08
-1.123513e-06
-4.977856e-08
-1.183621e-06
-6.252499e-08
-1.258329e-06
-7.843086e-08
-1.351245e-06
-9.893916e-08
-1.467235e-06
-1.263909e-07
-1.612738e-06
-1.647814e-07
-1.79583e-06
-2.212683e-07
-2.025118e-06
-3.092934e-07
-2.303581e-06
-4.549111e-07
-2.619423e-06
-7.156335e-07
-2.935546e-06
-1.152686e-06
-3.022412e-06
-2.311912e-06
-2.976274e-06
-3.087731e-06
-9.926088e-06
9.876877e-06
1.294761e-05
1.526264e-05
1.642989e-05
1.715479e-05
1.761884e-05
1.793505e-05
1.816155e-05
1.833026e-05
1.845961e-05
1.856081e-05
1.864102e-05
1.870496e-05
1.875589e-05
1.879612e-05
1.882728e-05
1.885052e-05
1.886668e-05
1.887629e-05
1.887966e-05
1.88769e-05
1.886793e-05
1.885245e-05
1.882994e-05
1.879962e-05
1.876037e-05
1.871059e-05
1.864806e-05
1.856963e-05
1.847069e-05
1.83443e-05
1.817952e-05
1.795825e-05
1.764896e-05
1.719405e-05
1.647842e-05
1.532573e-05
1.301382e-05
9.926088e-06
)
;

boundaryField
{
    movingWall
    {
        type            calculated;
        value           uniform 0;
    }
    fixedWalls
    {
        type            calculated;
        value           uniform 0;
    }
    frontAndBack
    {
        type            empty;
    }
}


// ************************************************************************* //
