/*--------------------------------*- C++ -*----------------------------------*\
| =========                 |                                                 |
| \\      /  F ield         | OpenFOAM: The Open Source CFD Toolbox           |
|  \\    /   O peration     | Version:  2412                                  |
|   \\  /    A nd           | Website:  www.openfoam.com                      |
|    \\/     M anipulation  |                                                 |
\*---------------------------------------------------------------------------*/
FoamFile
{
    version     2.0;
    format      ascii;
    arch        "LSB;label=32;scalar=64";
    class       volVectorField;
    location    "0.25";
    object      U;
}
// * * * * * * * * * * * * * * * * * * * * * * * * * * * * * * * * * * * * * //

dimensions      [0 1 -1 0 0 0 0];

internalField   nonuniform List<vector> 
1600
(
(-2.708137e-06 2.706439e-06 0)
(-8.118705e-06 2.699845e-06 0)
(-1.348819e-05 2.664978e-06 0)
(-1.877027e-05 2.613e-06 0)
(-2.393163e-05 2.544371e-06 0)
(-2.893949e-05 2.459668e-06 0)
(-3.376236e-05 2.359588e-06 0)
(-3.837029e-05 2.244936e-06 0)
(-4.273498e-05 2.116605e-06 0)
(-4.683005e-05 1.975564e-06 0)
(-5.063109e-05 1.822838e-06 0)
(-5.41158e-05 1.659498e-06 0)
(-5.726403e-05 1.486644e-06 0)
(-6.005789e-05 1.305396e-06 0)
(-6.248171e-05 1.11688e-06 0)
(-6.45221e-05 9.222267e-07 0)
(-6.616791e-05 7.225634e-07 0)
(-6.741025e-05 5.190107e-07 0)
(-6.824245e-05 3.126834e-07 0)
(-6.866007e-05 1.046898e-07 0)
(-6.86609e-05 -1.038652e-07 0)
(-6.82449e-05 -3.118784e-07 0)
(-6.741427e-05 -5.182445e-07 0)
(-6.617342e-05 -7.218542e-07 0)
(-6.452895e-05 -9.215918e-07 0)
(-6.248974e-05 -1.116334e-06 0)
(-6.006691e-05 -1.304954e-06 0)
(-5.727381e-05 -1.486317e-06 0)
(-5.412611e-05 -1.659293e-06 0)
(-5.064169e-05 -1.822762e-06 0)
(-4.684067e-05 -1.975619e-06 0)
(-4.274536e-05 -2.116791e-06 0)
(-3.838016e-05 -2.245248e-06 0)
(-3.377149e-05 -2.36002e-06 0)
(-2.894764e-05 -2.460208e-06 0)
(-2.39386e-05 -2.545008e-06 0)
(-1.877589e-05 -2.613717e-06 0)
(-1.34923e-05 -2.665757e-06 0)
(-8.121213e-06 -2.700666e-06 0)
(-2.708979e-06 -2.70728e-06 0)
(-2.736502e-06 8.149105e-06 0)
(-8.203688e-06 8.129192e-06 0)
(-1.362923e-05 8.024128e-06 0)
(-1.896627e-05 7.86751e-06 0)
(-2.418107e-05 7.660727e-06 0)
(-2.924048e-05 7.405527e-06 0)
(-3.411267e-05 7.104024e-06 0)
(-3.876734e-05 6.758646e-06 0)
(-4.317595e-05 6.372096e-06 0)
(-4.731186e-05 5.947299e-06 0)
(-5.115045e-05 5.487354e-06 0)
(-5.466927e-05 4.99549e-06 0)
(-5.784805e-05 4.475024e-06 0)
(-6.066879e-05 3.929328e-06 0)
(-6.311575e-05 3.361798e-06 0)
(-6.517548e-05 2.775834e-06 0)
(-6.683679e-05 2.174824e-06 0)
(-6.809078e-05 1.562136e-06 0)
(-6.893075e-05 9.411183e-07 0)
(-6.935228e-05 3.150994e-07 0)
(-6.935313e-05 -3.126051e-07 0)
(-6.893327e-05 -9.386832e-07 0)
(-6.80949e-05 -1.559818e-06 0)
(-6.684243e-05 -2.172678e-06 0)
(-6.51825e-05 -2.773913e-06 0)
(-6.312398e-05 -3.360149e-06 0)
(-6.067804e-05 -3.927991e-06 0)
(-5.785809e-05 -4.474033e-06 0)
(-5.467985e-05 -4.99487e-06 0)
(-5.116132e-05 -5.487123e-06 0)
(-4.732275e-05 -5.947465e-06 0)
(-4.318659e-05 -6.372658e-06 0)
(-3.877747e-05 -6.759591e-06 0)
(-3.412204e-05 -7.105331e-06 0)
(-2.924885e-05 -7.407165e-06 0)
(-2.418823e-05 -7.662655e-06 0)
(-1.897203e-05 -7.869681e-06 0)
(-1.363345e-05 -8.026487e-06 0)
(-8.206263e-06 -8.131679e-06 0)
(-2.737367e-06 -8.151651e-06 0)
(-2.771704e-06 1.365598e-05 0)
(-8.309145e-06 1.362245e-05 0)
(-1.380417e-05 1.344613e-05 0)
(-1.920916e-05 1.31833e-05 0)
(-2.448985e-05 1.283633e-05 0)
(-2.961256e-05 1.240816e-05 0)
(-3.4545e-05 1.190238e-05 0)
(-3.925649e-05 1.132308e-05 0)
(-4.371816e-05 1.067484e-05 0)
(-4.790309e-05 9.962591e-06 0)
(-5.178647e-05 9.191548e-06 0)
(-5.53457e-05 8.367147e-06 0)
(-5.856042e-05 7.494962e-06 0)
(-6.141258e-05 6.580651e-06 0)
(-6.388641e-05 5.629905e-06 0)
(-6.596848e-05 4.648412e-06 0)
(-6.764763e-05 3.641835e-06 0)
(-6.891496e-05 2.615799e-06 0)
(-6.976384e-05 1.575884e-06 0)
(-7.018983e-05 5.27639e-07 0)
(-7.019071e-05 -5.234143e-07 0)
(-6.976647e-05 -1.57176e-06 0)
(-6.891929e-05 -2.611872e-06 0)
(-6.765354e-05 -3.638201e-06 0)
(-6.597583e-05 -4.645157e-06 0)
(-6.389503e-05 -5.627109e-06 0)
(-6.142226e-05 -6.578383e-06 0)
(-5.857094e-05 -7.49328e-06 0)
(-5.535679e-05 -8.366094e-06 0)
(-5.179786e-05 -9.191155e-06 0)
(-4.79145e-05 -9.962872e-06 0)
(-4.372932e-05 -1.067579e-05 0)
(-3.926712e-05 -1.132468e-05 0)
(-3.455483e-05 -1.190459e-05 0)
(-2.962134e-05 -1.241094e-05 0)
(-2.449736e-05 -1.28396e-05 0)
(-1.921521e-05 -1.318698e-05 0)
(-1.38086e-05 -1.345013e-05 0)
(-8.311849e-06 -1.362667e-05 0)
(-2.772612e-06 -1.36603e-05 0)
(-2.824906e-06 1.925047e-05 0)
(-8.468517e-06 1.920291e-05 0)
(-1.406852e-05 1.895379e-05 0)
(-1.957617e-05 1.85825e-05 0)
(-2.495635e-05 1.80924e-05 0)
(-3.017459e-05 1.748773e-05 0)
(-3.519793e-05 1.677359e-05 0)
(-3.999508e-05 1.595587e-05 0)
(-4.453667e-05 1.504105e-05 0)
(-4.879541e-05 1.403617e-05 0)
(-5.274617e-05 1.294865e-05 0)
(-5.636615e-05 1.178619e-05 0)
(-5.963486e-05 1.055667e-05 0)
(-6.253417e-05 9.268107e-06 0)
(-6.504833e-05 7.928505e-06 0)
(-6.71639e-05 6.545869e-06 0)
(-6.886976e-05 5.128149e-06 0)
(-7.015709e-05 3.683227e-06 0)
(-7.101928e-05 2.218914e-06 0)
(-7.145195e-05 7.429638e-07 0)
(-7.14529e-05 -7.369092e-07 0)
(-7.10221e-05 -2.213003e-06 0)
(-7.016171e-05 -3.677598e-06 0)
(-6.887607e-05 -5.122938e-06 0)
(-6.717175e-05 -6.5412e-06 0)
(-6.505754e-05 -7.924493e-06 0)
(-6.254453e-05 -9.264852e-06 0)
(-5.964611e-05 -1.055426e-05 0)
(-5.637802e-05 -1.178467e-05 0)
(-5.275837e-05 -1.294808e-05 0)
(-4.880764e-05 -1.403657e-05 0)
(-4.454864e-05 -1.504241e-05 0)
(-4.000648e-05 -1.595816e-05 0)
(-3.520847e-05 -1.677677e-05 0)
(-3.018401e-05 -1.749171e-05 0)
(-2.49644e-05 -1.809708e-05 0)
(-1.958267e-05 -1.858778e-05 0)
(-1.407328e-05 -1.895953e-05 0)
(-8.47142e-06 -1.920896e-05 0)
(-2.825881e-06 -1.925667e-05 0)
(-2.896594e-06 2.49698e-05 0)
(-8.683255e-06 2.490758e-05 0)
(-1.442468e-05 2.458345e-05 0)
(-2.007056e-05 2.410043e-05 0)
(-2.558462e-05 2.346298e-05 0)
(-3.093136e-05 2.267671e-05 0)
(-3.607686e-05 2.174838e-05 0)
(-4.098904e-05 2.068572e-05 0)
(-4.563785e-05 1.949732e-05 0)
(-4.999549e-05 1.81924e-05 0)
(-5.403646e-05 1.67807e-05 0)
(-5.773767e-05 1.527229e-05 0)
(-6.10785e-05 1.367747e-05 0)
(-6.404075e-05 1.200663e-05 0)
(-6.660865e-05 1.027017e-05 0)
(-6.876884e-05 8.478435e-06 0)
(-7.051027e-05 6.641687e-06 0)
(-7.18242e-05 4.770063e-06 0)
(-7.27041e-05 2.873592e-06 0)
(-7.314565e-05 9.62215e-07 0)
(-7.314668e-05 -9.541875e-07 0)
(-7.270716e-05 -2.865754e-06 0)
(-7.182922e-05 -4.762598e-06 0)
(-7.051714e-05 -6.634775e-06 0)
(-6.877739e-05 -8.47224e-06 0)
(-6.661869e-05 -1.026484e-05 0)
(-6.405203e-05 -1.20023e-05 0)
(-6.109076e-05 -1.367426e-05 0)
(-5.775061e-05 -1.527027e-05 0)
(-5.404976e-05 -1.677994e-05 0)
(-5.000884e-05 -1.819292e-05 0)
(-4.565091e-05 -1.949911e-05 0)
(-4.100148e-05 -2.068876e-05 0)
(-3.608838e-05 -2.175258e-05 0)
(-3.094166e-05 -2.268199e-05 0)
(-2.559344e-05 -2.34692e-05 0)
(-2.007766e-05 -2.410744e-05 0)
(-1.442989e-05 -2.459108e-05 0)
(-8.686432e-06 -2.491562e-05 0)
(-2.897661e-06 -2.497803e-05 0)
(-2.987416e-06 3.085152e-05 0)
(-8.955288e-06 3.077381e-05 0)
(-1.487581e-05 3.037174e-05 0)
(-2.069665e-05 2.977267e-05 0)
(-2.638007e-05 2.898227e-05 0)
(-3.188919e-05 2.800767e-05 0)
(-3.718892e-05 2.685741e-05 0)
(-4.224614e-05 2.554128e-05 0)
(-4.702999e-05 2.407008e-05 0)
(-5.151203e-05 2.245541e-05 0)
(-5.566628e-05 2.070947e-05 0)
(-5.946938e-05 1.884483e-05 0)
(-6.290053e-05 1.687431e-05 0)
(-6.594148e-05 1.48108e-05 0)
(-6.857652e-05 1.266713e-05 0)
(-7.079237e-05 1.045605e-05 0)
(-7.257813e-05 8.190127e-06 0)
(-7.392519e-05 5.881764e-06 0)
(-7.482713e-05 3.543189e-06 0)
(-7.527973e-05 1.186496e-06 0)
(-7.528086e-05 -1.176307e-06 0)
(-7.483051e-05 -3.533238e-06 0)
(-7.393073e-05 -5.872286e-06 0)
(-7.258572e-05 -8.181347e-06 0)
(-7.080182e-05 -1.044817e-05 0)
(-6.858761e-05 -1.266036e-05 0)
(-6.595395e-05 -1.480529e-05 0)
(-6.291408e-05 -1.687021e-05 0)
(-5.94837e-05 -1.884225e-05 0)
(-5.568102e-05 -2.070848e-05 0)
(-5.152682e-05 -2.245605e-05 0)
(-4.704447e-05 -2.407234e-05 0)
(-4.225994e-05 -2.554513e-05 0)
(-3.72017e-05 -2.686275e-05 0)
(-3.190063e-05 -2.801438e-05 0)
(-2.638986e-05 -2.899019e-05 0)
(-2.070454e-05 -2.978159e-05 0)
(-1.48816e-05 -3.038144e-05 0)
(-8.958821e-06 -3.078406e-05 0)
(-2.988603e-06 -3.086201e-05 0)
(-3.098208e-06 3.693471e-05 0)
(-9.287113e-06 3.684044e-05 0)
(-1.5426e-05 3.635667e-05 0)
(-2.146002e-05 3.563607e-05 0)
(-2.734962e-05 3.468564e-05 0)
(-3.305622e-05 3.351418e-05 0)
(-3.854325e-05 3.213224e-05 0)
(-4.377637e-05 3.055186e-05 0)
(-4.872372e-05 2.878628e-05 0)
(-5.33561e-05 2.684969e-05 0)
(-5.764704e-05 2.475693e-05 0)
(-6.157283e-05 2.252328e-05 0)
(-6.511254e-05 2.016419e-05 0)
(-6.824793e-05 1.769515e-05 0)
(-7.09634e-05 1.513155e-05 0)
(-7.324584e-05 1.248854e-05 0)
(-7.508456e-05 9.781044e-06 0)
(-7.647114e-05 7.023704e-06 0)
(-7.739937e-05 4.230919e-06 0)
(-7.786514e-05 1.416891e-06 0)
(-7.786641e-05 -1.404302e-06 0)
(-7.740314e-05 -4.218623e-06 0)
(-7.647733e-05 -7.011989e-06 0)
(-7.509303e-05 -9.770186e-06 0)
(-7.32564e-05 -1.24788e-05 0)
(-7.09758e-05 -1.512316e-05 0)
(-6.826189e-05 -1.768833e-05 0)
(-6.512772e-05 -2.01591e-05 0)
(-6.158887e-05 -2.252006e-05 0)
(-5.766356e-05 -2.475568e-05 0)
(-5.33727e-05 -2.685045e-05 0)
(-4.873999e-05 -2.878906e-05 0)
(-4.379189e-05 -3.05566e-05 0)
(-3.855763e-05 -3.213884e-05 0)
(-3.306909e-05 -3.352248e-05 0)
(-2.736065e-05 -3.469544e-05 0)
(-2.146892e-05 -3.564713e-05 0)
(-1.543252e-05 -3.636871e-05 0)
(-9.291096e-06 -3.685314e-05 0)
(-3.099546e-06 -3.694772e-05 0)
(-3.230023e-06 4.326033e-05 0)
(-9.681859e-06 4.314812e-05 0)
(-1.608037e-05 4.257804e-05 0)
(-2.236768e-05 4.172911e-05 0)
(-2.850195e-05 4.060988e-05 0)
(-3.444259e-05 3.923105e-05 0)
(-4.015124e-05 3.760542e-05 0)
(-4.55921e-05 3.574756e-05 0)
(-5.073216e-05 3.367345e-05 0)
(-5.554137e-05 3.140012e-05 0)
(-5.999269e-05 2.894532e-05 0)
(-6.406212e-05 2.63272e-05 0)
(-6.772865e-05 2.356406e-05 0)
(-7.097412e-05 2.067414e-05 0)
(-7.378313e-05 1.767543e-05 0)
(-7.614288e-05 1.458557e-05 0)
(-7.804297e-05 1.142185e-05 0)
(-7.947531e-05 8.201125e-06 0)
(-8.043394e-05 4.939914e-06 0)
(-8.091495e-05 1.654459e-06 0)
(-8.091638e-05 -1.639176e-06 0)
(-8.043819e-05 -4.924985e-06 0)
(-7.948229e-05 -8.186896e-06 0)
(-7.805253e-05 -1.140866e-05 0)
(-7.615479e-05 -1.457373e-05 0)
(-7.379713e-05 -1.766521e-05 0)
(-7.098989e-05 -2.066582e-05 0)
(-6.774582e-05 -2.355784e-05 0)
(-6.408028e-05 -2.632325e-05 0)
(-6.001141e-05 -2.894376e-05 0)
(-5.556019e-05 -3.140102e-05 0)
(-5.075062e-05 -3.36768e-05 0)
(-4.560973e-05 -3.575331e-05 0)
(-4.016759e-05 -3.761343e-05 0)
(-3.445723e-05 -3.924114e-05 0)
(-2.851451e-05 -4.062181e-05 0)
(-2.237781e-05 -4.174259e-05 0)
(-1.608781e-05 -4.259271e-05 0)
(-9.686398e-06 -4.316361e-05 0)
(-3.231548e-06 -4.32762e-05 0)
(-3.384152e-06 4.987167e-05 0)
(-1.014337e-05 4.97398e-05 0)
(-1.684524e-05 4.907775e-05 0)
(-2.342818e-05 4.809221e-05 0)
(-2.984768e-05 4.679351e-05 0)
(-3.606068e-05 4.519455e-05 0)
(-4.202673e-05 4.331072e-05 0)
(-4.770833e-05 4.115946e-05 0)
(-5.307116e-05 3.875983e-05 0)
(-5.808424e-05 3.613205e-05 0)
(-6.271996e-05 3.329706e-05 0)
(-6.695408e-05 3.027619e-05 0)
(-7.076559e-05 2.70908e-05 0)
(-7.413657e-05 2.3762e-05 0)
(-7.705197e-05 2.031052e-05 0)
(-7.949942e-05 1.675655e-05 0)
(-8.146901e-05 1.311972e-05 0)
(-8.295307e-05 9.419076e-06 0)
(-8.394604e-05 5.673182e-06 0)
(-8.444424e-05 1.900216e-06 0)
(-8.444586e-05 -1.881887e-06 0)
(-8.395086e-05 -5.655273e-06 0)
(-8.2961e-05 -9.402e-06 0)
(-8.147986e-05 -1.310387e-05 0)
(-7.951296e-05 -1.674231e-05 0)
(-7.706789e-05 -2.029823e-05 0)
(-7.415452e-05 -2.375196e-05 0)
(-7.078515e-05 -2.708328e-05 0)
(-6.697479e-05 -3.02714e-05 0)
(-6.274133e-05 -3.329514e-05 0)
(-5.810574e-05 -3.613307e-05 0)
(-5.309227e-05 -3.876381e-05 0)
(-4.772852e-05 -4.116633e-05 0)
(-4.204547e-05 -4.332033e-05 0)
(-3.607747e-05 -4.520668e-05 0)
(-2.986209e-05 -4.680788e-05 0)
(-2.343982e-05 -4.810845e-05 0)
(-1.685378e-05 -4.909544e-05 0)
(-1.014859e-05 -4.975849e-05 0)
(-3.385905e-06 -4.98908e-05 0)
(-3.562166e-06 5.681486e-05 0)
(-1.067633e-05 5.666121e-05 0)
(-1.772823e-05 5.590034e-05 0)
(-2.465191e-05 5.47682e-05 0)
(-3.139962e-05 5.327717e-05 0)
(-3.792539e-05 5.144275e-05 0)
(-4.418633e-05 4.928332e-05 0)
(-5.014299e-05 4.681966e-05 0)
(-5.575958e-05 4.407435e-05 0)
(-6.100414e-05 4.107119e-05 0)
(-6.584854e-05 3.783475e-05 0)
(-7.026839e-05 3.43898e-05 0)
(-7.424285e-05 3.076103e-05 0)
(-7.77544e-05 2.697264e-05 0)
(-8.078858e-05 2.30482e-05 0)
(-8.333368e-05 1.901049e-05 0)
(-8.538045e-05 1.488148e-05 0)
(-8.692185e-05 1.068234e-05 0)
(-8.79528e-05 6.43356e-06 0)
(-8.847002e-05 2.155123e-06 0)
(-8.847187e-05 -2.133328e-06 0)
(-8.795831e-05 -6.412258e-06 0)
(-8.693089e-05 -1.066202e-05 0)
(-8.539284e-05 -1.486261e-05 0)
(-8.334914e-05 -1.899352e-05 0)
(-8.080679e-05 -2.303353e-05 0)
(-7.777494e-05 -2.696063e-05 0)
(-7.426525e-05 -3.075201e-05 0)
(-7.029214e-05 -3.438402e-05 0)
(-6.587308e-05 -3.783237e-05 0)
(-6.102886e-05 -4.107234e-05 0)
(-5.578388e-05 -4.407902e-05 0)
(-5.016625e-05 -4.68278e-05 0)
(-4.420795e-05 -4.929475e-05 0)
(-3.794478e-05 -5.145721e-05 0)
(-3.141627e-05 -5.329432e-05 0)
(-2.466537e-05 -5.47876e-05 0)
(-1.773812e-05 -5.59215e-05 0)
(-1.068237e-05 -5.668357e-05 0)
(-3.564197e-06 -5.683777e-05 0)
(-3.765963e-06 6.413951e-05 0)
(-1.128636e-05 6.396142e-05 0)
(-1.873856e-05 6.309349e-05 0)
(-2.605135e-05 6.180272e-05 0)
(-3.317313e-05 6.010395e-05 0)
(-4.005453e-05 5.801574e-05 0)
(-4.664982e-05 5.556002e-05 0)
(-5.291731e-05 5.276146e-05 0)
(-5.881963e-05 4.964669e-05 0)
(-6.432384e-05 4.624368e-05 0)
(-6.940135e-05 4.258102e-05 0)
(-7.40278e-05 3.868737e-05 0)
(-7.818276e-05 3.459101e-05 0)
(-8.18494e-05 3.031947e-05 0)
(-8.501411e-05 2.589928e-05 0)
(-8.766614e-05 2.135586e-05 0)
(-8.979716e-05 1.671347e-05 0)
(-9.140099e-05 1.19953e-05 0)
(-9.247325e-05 7.223643e-06 0)
(-9.301112e-05 2.420061e-06 0)
(-9.301324e-05 -2.394305e-06 0)
(-9.247955e-05 -7.198463e-06 0)
(-9.141135e-05 -1.197127e-05 0)
(-8.981136e-05 -1.669113e-05 0)
(-8.768387e-05 -2.133574e-05 0)
(-8.503501e-05 -2.588186e-05 0)
(-8.1873e-05 -3.030518e-05 0)
(-7.820853e-05 -3.458023e-05 0)
(-7.405516e-05 -3.868041e-05 0)
(-6.942965e-05 -4.25781e-05 0)
(-6.435239e-05 -4.624493e-05 0)
(-5.884774e-05 -4.965214e-05 0)
(-5.294424e-05 -5.277103e-05 0)
(-4.667488e-05 -5.557353e-05 0)
(-4.007705e-05 -5.803288e-05 0)
(-3.319248e-05 -6.012431e-05 0)
(-2.6067e-05 -6.182579e-05 0)
(-1.875007e-05 -6.311868e-05 0)
(-1.12934e-05 -6.398806e-05 0)
(-3.768327e-06 -6.416681e-05 0)
(-3.997827e-06 7.189938e-05 0)
(-1.198026e-05 7.169356e-05 0)
(-1.988728e-05 7.070865e-05 0)
(-2.764145e-05 6.92448e-05 0)
(-3.518659e-05 6.731985e-05 0)
(-4.246932e-05 6.4956e-05 0)
(-4.944062e-05 6.217943e-05 0)
(-5.605632e-05 5.901939e-05 0)
(-6.227735e-05 5.550732e-05 0)
(-6.806982e-05 5.167592e-05 0)
(-7.340486e-05 4.755841e-05 0)
(-7.82584e-05 4.318781e-05 0)
(-8.261074e-05 3.859636e-05 0)
(-8.644612e-05 3.381513e-05 0)
(-8.975219e-05 2.887378e-05 0)
(-9.251949e-05 2.380035e-05 0)
(-9.474101e-05 1.862136e-05 0)
(-9.641167e-05 1.336186e-05 0)
(-9.752805e-05 8.045705e-06 0)
(-9.808797e-05 2.695802e-06 0)
(-9.809039e-05 -2.665508e-06 0)
(-9.753527e-05 -8.016079e-06 0)
(-9.642356e-05 -1.333356e-05 0)
(-9.475731e-05 -1.859503e-05 0)
(-9.253988e-05 -2.37766e-05 0)
(-8.977623e-05 -2.885317e-05 0)
(-8.647331e-05 -3.379819e-05 0)
(-8.264048e-05 -3.858352e-05 0)
(-7.829001e-05 -4.317945e-05 0)
(-7.34376e-05 -4.755481e-05 0)
(-6.810291e-05 -5.167724e-05 0)
(-6.230997e-05 -5.551361e-05 0)
(-5.608763e-05 -5.903058e-05 0)
(-4.946979e-05 -6.219531e-05 0)
(-4.249557e-05 -6.497621e-05 0)
(-3.520918e-05 -6.734392e-05 0)
(-2.765974e-05 -6.927213e-05 0)
(-1.990074e-05 -7.073853e-05 0)
(-1.198849e-05 -7.172518e-05 0)
(-4.000594e-06 -7.19318e-05 0)
(-4.260512e-06 8.015324e-05 0)
(-1.276621e-05 7.99156e-05 0)
(-2.11877e-05 7.880176e-05 0)
(-2.944015e-05 7.714748e-05 0)
(-3.746194e-05 7.497424e-05 0)
(-4.519495e-05 7.23087e-05 0)
(-5.258643e-05 6.918215e-05 0)
(-5.958942e-05 6.562933e-05 0)
(-6.616311e-05 6.168732e-05 0)
(-7.227274e-05 5.73944e-05 0)
(-7.788946e-05 5.278909e-05 0)
(-8.298986e-05 4.790931e-05 0)
(-8.755543e-05 4.279171e-05 0)
(-9.157197e-05 3.747117e-05 0)
(-9.50289e-05 3.198056e-05 0)
(-9.791856e-05 2.63506e-05 0)
(-0.0001002357 2.060991e-05 0)
(-0.0001019766 1.47852e-05 0)
(-0.0001031393 8.901584e-06 0)
(-0.0001037223 2.982974e-06 0)
(-0.0001037251 -2.947474e-06 0)
(-0.0001031476 -8.866853e-06 0)
(-0.0001019903 -1.4752e-05 0)
(-0.0001002544 -2.057897e-05 0)
(-9.794202e-05 -2.632265e-05 0)
(-9.50566e-05 -3.195625e-05 0)
(-9.160334e-05 -3.745111e-05 0)
(-8.758979e-05 -4.277644e-05 0)
(-8.302645e-05 -4.789928e-05 0)
(-7.792744e-05 -5.278464e-05 0)
(-7.23112e-05 -5.739574e-05 0)
(-6.620108e-05 -6.169454e-05 0)
(-5.962594e-05 -6.564236e-05 0)
(-5.262051e-05 -6.920075e-05 0)
(-4.522566e-05 -7.233248e-05 0)
(-3.74884e-05 -7.500264e-05 0)
(-2.94616e-05 -7.717979e-05 0)
(-2.12035e-05 -7.883712e-05 0)
(-1.277588e-05 -7.995305e-05 0)
(-4.263764e-06 -8.019166e-05 0)
(-4.557345e-06 8.896592e-05 0)
(-1.365405e-05 8.869133e-05 0)
(-2.265583e-05 8.743412e-05 0)
(-3.146897e-05 8.556852e-05 0)
(-4.002538e-05 8.312045e-05 0)
(-4.826141e-05 8.012211e-05 0)
(-5.611999e-05 7.661098e-05 0)
(-6.355115e-05 7.262845e-05 0)
(-7.051228e-05 6.821833e-05 0)
(-7.696804e-05 6.342546e-05 0)
(-8.288994e-05 5.829451e-05 0)
(-8.825578e-05 5.286895e-05 0)
(-9.304889e-05 4.71903e-05 0)
(-9.725727e-05 4.129758e-05 0)
(-0.0001008728 3.522697e-05 0)
(-0.0001038901 2.901182e-05 0)
(-0.0001063064 2.268266e-05 0)
(-0.00010812 1.626757e-05 0)
(-0.0001093303 9.792544e-06 0)
(-0.000109937 3.282013e-06 0)
(-0.0001099402 -3.240537e-06 0)
(-0.0001093398 -9.751948e-06 0)
(-0.0001081357 -1.622873e-05 0)
(-0.000106328 -2.264642e-05 0)
(-0.0001039172 -2.8979e-05 0)
(-0.0001009047 -3.519835e-05 0)
(-9.72935e-05 -4.127387e-05 0)
(-9.308865e-05 -4.717216e-05 0)
(-8.82982e-05 -5.28569e-05 0)
(-8.293406e-05 -5.828898e-05 0)
(-7.701281e-05 -6.342675e-05 0)
(-7.055659e-05 -6.822655e-05 0)
(-6.359384e-05 -7.264355e-05 0)
(-5.615992e-05 -7.66327e-05 0)
(-4.829745e-05 -8.015001e-05 0)
(-4.005649e-05 -8.315388e-05 0)
(-3.149422e-05 -8.560663e-05 0)
(-2.267444e-05 -8.747592e-05 0)
(-1.366545e-05 -8.873566e-05 0)
(-4.56118e-06 -8.901141e-05 0)
(-4.892357e-06 9.840955e-05 0)
(-1.465574e-05 9.80916e-05 0)
(-2.4311e-05 9.667349e-05 0)
(-3.375382e-05 9.457124e-05 0)
(-4.290834e-05 9.18164e-05 0)
(-5.170443e-05 8.844796e-05 0)
(-6.008008e-05 8.451107e-05 0)
(-6.798207e-05 8.005522e-05 0)
(-7.53661e-05 7.513229e-05 0)
(-8.219657e-05 6.97949e-05 0)
(-8.844597e-05 6.409489e-05 0)
(-9.409406e-05 5.808207e-05 0)
(-9.912681e-05 5.180338e-05 0)
(-0.0001035353 4.530223e-05 0)
(-0.0001073147 3.861828e-05 0)
(-0.0001104629 3.178732e-05 0)
(-0.0001129799 2.484158e-05 0)
(-0.0001148668 1.781006e-05 0)
(-0.0001161249 1.07191e-05 0)
(-0.0001167554 3.593106e-06 0)
(-0.0001167591 -3.544774e-06 0)
(-0.0001161358 -1.067177e-05 0)
(-0.0001148848 -1.776472e-05 0)
(-0.0001130047 -2.479921e-05 0)
(-0.0001104939 -3.174886e-05 0)
(-0.0001073515 -3.858463e-05 0)
(-0.0001035771 -4.527425e-05 0)
(-9.917282e-05 -5.178181e-05 0)
(-9.414328e-05 -5.806759e-05 0)
(-8.849728e-05 -6.408801e-05 0)
(-8.224876e-05 -6.979601e-05 0)
(-7.541788e-05 -7.514156e-05 0)
(-6.803209e-05 -8.007263e-05 0)
(-6.012697e-05 -8.453637e-05 0)
(-5.174684e-05 -8.848063e-05 0)
(-4.294503e-05 -9.18557e-05 0)
(-3.378364e-05 -9.461618e-05 0)
(-2.433301e-05 -9.672286e-05 0)
(-1.466923e-05 -9.814403e-05 0)
(-4.896898e-06 -9.846339e-05 0)
(-5.270466e-06 0.0001085651 0)
(-1.578582e-05 0.0001081957 0)
(-2.617671e-05 0.0001065953 0)
(-3.632605e-05 0.0001042256 0)
(-4.614866e-05 0.0001011253 0)
(-5.556674e-05 9.734188e-05 0)
(-6.451273e-05 9.293003e-05 0)
(-7.292993e-05 8.794917e-05 0)
(-8.07726e-05 8.246099e-05 0)
(-8.800544e-05 7.652739e-05 0)
(-9.460277e-05 7.020856e-05 0)
(-0.0001005473 6.356159e-05 0)
(-0.0001058287 5.663941e-05 0)
(-0.0001104424 4.949017e-05 0)
(-0.0001143877 4.215698e-05 0)
(-0.0001176668 3.467795e-05 0)
(-0.0001202837 2.708655e-05 0)
(-0.0001222425 1.941216e-05 0)
(-0.0001235472 1.168083e-05 0)
(-0.0001242009 3.916117e-06 0)
(-0.0001242051 -3.859927e-06 0)
(-0.0001235597 -1.162577e-05 0)
(-0.0001222631 -1.935935e-05 0)
(-0.0001203121 -2.70371e-05 0)
(-0.0001177026 -3.463295e-05 0)
(-0.0001144301 -4.211747e-05 0)
(-0.0001104907 -4.945714e-05 0)
(-0.000105882 -5.661377e-05 0)
(-0.0001006044 -6.354414e-05 0)
(-9.466248e-05 -7.019996e-05 0)
(-8.806636e-05 -7.652813e-05 0)
(-8.083321e-05 -8.247135e-05 0)
(-7.298865e-05 -8.796915e-05 0)
(-6.456792e-05 -9.29594e-05 0)
(-5.561679e-05 -9.738006e-05 0)
(-4.619204e-05 -0.0001011715 0)
(-3.636138e-05 -0.0001042786 0)
(-2.620283e-05 -0.0001066536 0)
(-1.580184e-05 -0.0001082578 0)
(-5.275861e-06 -0.0001086289 0)
(-5.697708e-06 0.0001195246 0)
(-1.70621e-05 0.0001190934 0)
(-2.828169e-05 0.0001172844 0)
(-3.922383e-05 0.0001146095 0)
(-4.97921e-05 0.0001111165 0)
(-5.98997e-05 0.0001068638 0)
(-6.947279e-05 0.000101918 0)
(-7.845111e-05 9.635066e-05 0)
(-8.678788e-05 9.023557e-05 0)
(-9.444901e-05 8.364568e-05 0)
(-0.0001014118 7.665102e-05 0)
(-0.0001076632 6.931697e-05 0)
(-0.0001131982 6.170312e-05 0)
(-0.0001180177 5.386263e-05 0)
(-0.0001221269 4.584202e-05 0)
(-0.0001255333 3.768135e-05 0)
(-0.0001282457 2.94148e-05 0)
(-0.0001302725 2.107142e-05 0)
(-0.0001316209 1.267605e-05 0)
(-0.0001322962 4.250502e-06 0)
(-0.000132301 -4.185324e-06 0)
(-0.0001316352 -1.261214e-05 0)
(-0.0001302961 -2.101003e-05 0)
(-0.0001282783 -2.93572e-05 0)
(-0.0001255743 -3.762876e-05 0)
(-0.0001221757 -4.579565e-05 0)
(-0.0001180734 -5.382365e-05 0)
(-0.0001132598 -6.167261e-05 0)
(-0.0001077295 -6.929589e-05 0)
(-0.0001014813 -7.664022e-05 0)
(-9.452015e-05 -8.364579e-05 0)
(-8.68589e-05 -9.024698e-05 0)
(-7.852014e-05 -9.637347e-05 0)
(-6.953788e-05 -0.0001019519 0)
(-5.99589e-05 -0.0001069084 0)
(-4.984355e-05 -0.0001111707 0)
(-3.926582e-05 -0.0001146719 0)
(-2.831279e-05 -0.0001173533 0)
(-1.70812e-05 -0.0001191669 0)
(-5.704144e-06 -0.0001196001 0)
(-6.181553e-06 0.0001313931 0)
(-1.850662e-05 0.0001308871 0)
(-3.066129e-05 0.0001288367 0)
(-4.249388e-05 0.0001258101 0)
(-5.389436e-05 0.0001218666 0)
(-6.476531e-05 0.0001170785 0)
(-7.502588e-05 0.0001115274 0)
(-8.461232e-05 0.0001053003 0)
(-9.347757e-05 9.848561e-05 0)
(-0.00010159 9.116955e-05 0)
(-0.0001089315 8.343371e-05 0)
(-0.0001154952 7.535297e-05 0)
(-0.0001212831 6.699425e-05 0)
(-0.0001263035 5.841589e-05 0)
(-0.000130569 4.966765e-05 0)
(-0.0001340941 4.079106e-05 0)
(-0.0001368936 3.182023e-05 0)
(-0.0001389812 2.278288e-05 0)
(-0.0001403681 1.37016e-05 0)
(-0.0001410623 4.595204e-06 0)
(-0.0001410677 -4.519772e-06 0)
(-0.0001403844 -1.362757e-05 0)
(-0.0001390082 -2.271166e-05 0)
(-0.0001369308 -3.175322e-05 0)
(-0.000134141 -4.072967e-05 0)
(-0.000130625 -4.961327e-05 0)
(-0.0001263676 -5.836987e-05 0)
(-0.0001213542 -6.695788e-05 0)
(-0.000115572 -7.532745e-05 0)
(-0.0001090124 -8.342007e-05 0)
(-0.0001016731 -9.116863e-05 0)
(-9.356089e-05 -9.849797e-05 0)
(-8.469361e-05 -0.0001053262 0)
(-7.510282e-05 -0.0001115666 0)
(-6.483554e-05 -0.0001171304 0)
(-5.395557e-05 -0.0001219301 0)
(-4.254397e-05 -0.0001258836 0)
(-3.069846e-05 -0.0001289182 0)
(-1.852949e-05 -0.0001309741 0)
(-6.189261e-06 -0.0001314827 0)
(-6.731326e-06 0.0001442926 0)
(-2.014682e-05 0.0001436948 0)
(-3.335939e-05 0.0001413622 0)
(-4.619391e-05 0.0001379259 0)
(-5.852373e-05 0.0001334603 0)
(-7.023893e-05 0.0001280557 0)
(-8.125094e-05 0.000121813 0)
(-9.149289e-05 0.0001148383 0)
(-0.0001009187 0.0001072379 0)
(-0.0001095009 9.911426e-05 0)
(-0.0001172284 9.05624e-05 0)
(-0.0001241027 8.1668e-05 0)
(-0.0001301353 7.250592e-05 0)
(-0.0001353443 6.313981e-05 0)
(-0.0001397517 5.362224e-05 0)
(-0.0001433807 4.399547e-05 0)
(-0.0001462539 3.429249e-05 0)
(-0.0001483911 2.453849e-05 0)
(-0.0001498086 1.475237e-05 0)
(-0.0001505175 4.948528e-06 0)
(-0.0001505237 -4.861436e-06 0)
(-0.0001498271 -1.466682e-05 0)
(-0.0001484218 -2.445603e-05 0)
(-0.0001462963 -3.421468e-05 0)
(-0.0001434344 -4.392389e-05 0)
(-0.0001398159 -5.355849e-05 0)
(-0.0001354181 -6.308546e-05 0)
(-0.0001302174 -7.246251e-05 0)
(-0.0001241917 -8.163698e-05 0)
(-0.0001173225 -9.05451e-05 0)
(-0.0001095981 -9.911176e-05 0)
(-0.0001010165 -0.000107251 0)
(-9.158876e-05 -0.0001148674 0)
(-8.134208e-05 -0.0001218581 0)
(-7.032245e-05 -0.0001281161 0)
(-5.85968e-05 -0.0001335348 0)
(-4.625389e-05 -0.0001380126 0)
(-3.340401e-05 -0.0001414587 0)
(-2.017431e-05 -0.0001437981 0)
(-6.740602e-06 -0.0001443992 0)
(-7.35879e-06 0.0001583658 0)
(-2.201724e-05 0.0001576541 0)
(-3.6431e-05 0.0001549876 0)
(-5.039575e-05 0.0001510686 0)
(-6.37645e-05 0.0001459919 0)
(-7.641264e-05 0.0001398708 0)
(-8.824332e-05 0.0001328311 0)
(-9.918739e-05 0.0001250029 0)
(-0.0001092016 0.0001165149 0)
(-0.0001182655 0.0001074886 0)
(-0.0001263778 9.803505e-05 0)
(-0.0001335517 8.825195e-05 0)
(-0.0001398112 7.822268e-05 0)
(-0.0001451872 6.8016e-05 0)
(-0.0001497133 5.768666e-05 0)
(-0.0001534238 4.727651e-05 0)
(-0.0001563506 3.681607e-05 0)
(-0.0001585213 2.632638e-05 0)
(-0.0001599581 1.582098e-05 0)
(-0.0001606761 5.307997e-06 0)
(-0.0001606831 -5.207703e-06 0)
(-0.000159979 -1.572235e-05 0)
(-0.000158556 -2.623111e-05 0)
(-0.0001563987 -3.672587e-05 0)
(-0.0001534848 -4.719316e-05 0)
(-0.0001497865 -5.761196e-05 0)
(-0.0001452717 -6.795178e-05 0)
(-0.0001399058 -7.817077e-05 0)
(-0.0001336546 -8.821413e-05 0)
(-0.0001264872 -9.801298e-05 0)
(-0.000118379 -0.0001074837 0)
(-0.0001093165 -0.0001165283 0)
(-9.930064e-05 -0.0001250353 0)
(-8.835153e-05 -0.0001328826 0)
(-7.651227e-05 -0.0001399409 0)
(-6.385204e-05 -0.0001460791 0)
(-5.046788e-05 -0.0001511709 0)
(-3.64848e-05 -0.000155102 0)
(-2.205046e-05 -0.000157777 0)
(-7.370011e-06 -0.0001584927 0)
(-8.078945e-06 0.0001737817 0)
(-2.41618e-05 0.0001729271 0)
(-3.994569e-05 0.0001698606 0)
(-5.518963e-05 0.0001653665 0)
(-6.972155e-05 0.0001595664 0)
(-8.339974e-05 0.0001526045 0)
(-9.611887e-05 0.0001446384 0)
(-0.0001078091 0.0001358289 0)
(-0.0001184329 0.0001263318 0)
(-0.0001279807 0.0001162921 0)
(-0.000136465 0.000105839 0)
(-0.000143915 9.508354e-05 0)
(-0.0001503712 8.411799e-05 0)
(-0.0001558803 7.30157e-05 0)
(-0.0001604912 6.183245e-05 0)
(-0.0001642513 5.060817e-05 0)
(-0.000167204 3.936912e-05 0)
(-0.0001693862 2.813015e-05 0)
(-0.000170827 1.689727e-05 0)
(-0.0001715462 5.67022e-06 0)
(-0.0001715541 -5.555065e-06 0)
(-0.0001708505 -1.67839e-05 0)
(-0.0001694253 -2.802035e-05 0)
(-0.0001672583 -3.926478e-05 0)
(-0.0001643205 -5.051124e-05 0)
(-0.0001605745 -6.174496e-05 0)
(-0.0001559769 -7.293978e-05 0)
(-0.0001504797 -8.40558e-05 0)
(-0.0001440339 -9.503727e-05 0)
(-0.0001365921 -0.0001058107 0)
(-0.0001281134 -0.0001162838 0)
(-0.0001185681 -0.0001263449 0)
(-0.0001079431 -0.0001358645 0)
(-9.624765e-05 -0.000144697 0)
(-8.351899e-05 -0.0001526856 0)
(-6.982686e-05 -0.0001596686 0)
(-5.527678e-05 -0.0001654873 0)
(-4.001093e-05 -0.0001699965 0)
(-2.420217e-05 -0.0001730737 0)
(-8.0926e-06 -0.0001739334 0)
(-8.911162e-06 0.000190743 0)
(-2.663704e-05 0.0001897071 0)
(-4.39925e-05 0.000186155 0)
(-6.068996e-05 0.0001809671 0)
(-7.652648e-05 0.0001743012 0)
(-9.134061e-05 0.0001663428 0)
(-0.000105019 0.0001572907 0)
(-0.000117494 0.0001473445 0)
(-0.0001287383 0.000136694 0)
(-0.0001387584 0.0001255115 0)
(-0.0001475863 0.0001139473 0)
(-0.0001552727 0.0001021269 0)
(-0.0001618791 9.015118e-05 0)
(-0.0001674727 7.809708e-05 0)
(-0.0001721208 6.601981e-05 0)
(-0.0001758871 5.395518e-05 0)
(-0.0001788286 4.192262e-05 0)
(-0.0001809932 2.992825e-05 0)
(-0.000182418 1.796803e-05 0)
(-0.0001831284 6.030765e-06 0)
(-0.0001831372 -5.898986e-06 0)
(-0.0001824443 -1.78381e-05 0)
(-0.0001810369 -2.980208e-05 0)
(-0.0001788896 -4.18022e-05 0)
(-0.000175965 -5.384264e-05 0)
(-0.0001722151 -6.591741e-05 0)
(-0.0001675825 -7.800728e-05 0)
(-0.0001620032 -9.007654e-05 0)
(-0.0001554095 -0.0001020701 0)
(-0.0001477337 -0.0001139109 0)
(-0.0001389133 -0.0001254981 0)
(-0.0001288973 -0.0001367057 0)
(-0.0001176527 -0.000147383 0)
(-0.0001051727 -0.0001573568 0)
(-9.148385e-05 -0.0001664364 0)
(-7.665375e-05 -0.0001744208 0)
(-6.079584e-05 -0.0001811099 0)
(-4.40721e-05 -0.0001863169 0)
(-2.668645e-05 -0.0001898825 0)
(-8.927896e-06 -0.0001909249 0)
(-9.880801e-06 0.0002094965 0)
(-2.951673e-05 0.0002082273 0)
(-4.868671e-05 0.0002040774 0)
(-6.70434e-05 0.0001980414 0)
(-8.434581e-05 0.0001903274 0)
(-0.0001004103 0.0001811758 0)
(-0.0001151172 0.0001708396 0)
(-0.0001284058 0.0001595678 0)
(-0.0001402659 0.0001475916 0)
(-0.0001507275 0.0001351158 0)
(-0.0001598497 0.0001223141 0)
(-0.0001677111 0.0001093272 0)
(-0.0001744011 9.626387e-05 0)
(-0.0001800117 8.320281e-05 0)
(-0.0001846331 7.01958e-05 0)
(-0.0001883485 5.727137e-05 0)
(-0.0001912309 4.443897e-05 0)
(-0.0001933408 3.169295e-05 0)
(-0.0001947244 1.901627e-05 0)
(-0.0001954132 6.383949e-06 0)
(-0.000195423 -6.233696e-06 0)
(-0.0001947536 -1.88679e-05 0)
(-0.0001933894 -3.154842e-05 0)
(-0.0001912989 -4.430036e-05 0)
(-0.0001884357 -5.714095e-05 0)
(-0.0001847391 -7.007609e-05 0)
(-0.000180136 -8.309658e-05 0)
(-0.0001745425 -9.617414e-05 0)
(-0.0001678682 -0.0001092572 0)
(-0.0001600201 -0.0001222671 0)
(-0.0001509082 -0.0001350952 0)
(-0.0001404529 -0.0001476003 0)
(-0.0001285941 -0.0001596083 0)
(-0.000115301 -0.0001709134 0)
(-0.000100583 -0.0001812832 0)
(-8.450042e-05 -0.0001904672 0)
(-6.717284e-05 -0.0001982104 0)
(-4.878452e-05 -0.0002042707 0)
(-2.957765e-05 -0.0002084378 0)
(-9.901475e-06 -0.0002097155 0)
(-1.10216e-05 0.0002303463 0)
(-3.289846e-05 0.0002287728 0)
(-5.417948e-05 0.0002238756 0)
(-7.443995e-05 0.0002167888 0)
(-9.339213e-05 0.0002077903 0)
(-0.0001108284 0.0001971953 0)
(-0.0001266269 0.0001853282 0)
(-0.000140742 0.0001725003 0)
(-0.0001531904 0.0001589932 0)
(-0.0001640359 0.0001450496 0)
(-0.0001733749 0.0001308686 0)
(-0.0001813229 0.000116606 0)
(-0.0001880035 0.0001023765 0)
(-0.0001935408 8.825697e-05 0)
(-0.0001980523 7.429148e-05 0)
(-0.000201644 6.049735e-05 0)
(-0.000204407 4.68703e-05 0)
(-0.0002064159 3.338926e-05 0)
(-0.000207727 2.002071e-05 0)
(-0.0002083784 6.722631e-06 0)
(-0.0002083891 -6.552023e-06 0)
(-0.000207759 -1.985195e-05 0)
(-0.0002064694 -3.322427e-05 0)
(-0.0002044821 -4.671122e-05 0)
(-0.0002017407 -6.034656e-05 0)
(-0.0001981707 -7.41517e-05 0)
(-0.0001936805 -8.813131e-05 0)
(-0.0001881639 -0.0001022685 0)
(-0.0001815025 -0.0001165195 0)
(-0.0001735716 -0.0001308078 0)
(-0.0001642464 -0.0001450187 0)
(-0.0001534104 -0.0001589964 0)
(-0.0001409658 -0.0001725412 0)
(-0.0001268475 -0.0001854094 0)
(-0.0001110376 -0.0001973179 0)
(-9.358104e-05 -0.0002079534 0)
(-7.459932e-05 -0.000216989 0)
(-5.430067e-05 -0.000224107 0)
(-3.297428e-05 -0.0002290267 0)
(-1.104738e-05 -0.0002306114 0)
(-1.237923e-05 0.0002536737 0)
(-3.691357e-05 0.0002516969 0)
(-6.067196e-05 0.00024585 0)
(-8.312867e-05 0.0002374419 0)
(-0.0001039392 0.00022685 0)
(-0.0001228724 0.0002144912 0)
(-0.0001398122 0.000200784 0)
(-0.0001547409 0.0001861184 0)
(-0.0001677166 0.000170837 0)
(-0.000178852 0.0001552248 0)
(-0.0001882932 0.000139508 0)
(-0.0001962032 0.0001238557 0)
(-0.0002027501 0.0001083835 0)
(-0.0002080968 9.316069e-05 0)
(-0.0002123927 7.821868e-05 0)
(-0.0002157697 6.355848e-05 0)
(-0.000218339 4.915725e-05 0)
(-0.0002201904 3.497415e-05 0)
(-0.0002213911 2.095532e-05 0)
(-0.000221986 7.03809e-06 0)
(-0.0002219975 -6.845282e-06 0)
(-0.0002214259 -2.076423e-05 0)
(-0.0002202486 -3.47866e-05 0)
(-0.0002184212 -4.897531e-05 0)
(-0.0002158761 -6.338459e-05 0)
(-0.0002125239 -7.805574e-05 0)
(-0.0002082528 -9.301212e-05 0)
(-0.0002029307 -0.0001082534 0)
(-0.0001964075 -0.0001237486 0)
(-0.0001885193 -0.0001394291 0)
(-0.0001790968 -0.0001551796 0)
(-0.0001679754 -0.0001708312 0)
(-0.0001550071 -0.0001861572 0)
(-0.0001400777 -0.0002008715 0)
(-0.000123127 -0.0002146298 0)
(-0.0001041715 -0.0002270397 0)
(-8.332648e-05 -0.0002376794 0)
(-6.082354e-05 -0.0002461281 0)
(-3.700894e-05 -0.0002520048 0)
(-1.241176e-05 -0.0002539965 0)
(-1.40169e-05 0.0002799647 0)
(-4.174207e-05 0.0002774437 0)
(-6.843581e-05 0.0002703678 0)
(-9.343994e-05 0.000260273 0)
(-0.0001163429 0.0002476787 0)
(-0.0001368943 0.000233143 0)
(-0.0001549997 0.0002172077 0)
(-0.0001706891 0.0002003614 0)
(-0.000184084 0.0001830181 0)
(-0.0001953648 0.0001655099 0)
(-0.0002047439 0.0001480895 0)
(-0.0002124473 0.0001309322 0)
(-0.0002186985 0.0001141469 0)
(-0.0002237056 9.778814e-05 0)
(-0.0002276545 8.186757e-05 0)
(-0.0002307054 6.63632e-05 0)
(-0.0002329913 5.122787e-05 0)
(-0.0002346178 3.639599e-05 0)
(-0.0002356631 2.178901e-05 0)
(-0.000236179 7.319908e-06 0)
(-0.0002361914 -7.103188e-06 0)
(-0.0002357004 -2.157375e-05 0)
(-0.0002346805 -3.618379e-05 0)
(-0.0002330801 -5.102066e-05 0)
(-0.0002308212 -6.616334e-05 0)
(-0.0002277982 -8.167803e-05 0)
(-0.0002238782 -9.761263e-05 0)
(-0.0002189004 -0.0001139899 0)
(-0.0002126782 -0.0001307993 0)
(-0.0002050026 -0.000147987 0)
(-0.0001956485 -0.0001654449 0)
(-0.000184388 -0.0001829982 0)
(-0.0001710061 -0.000200394 0)
(-0.0001553201 -0.0002172991 0)
(-0.0001372058 -0.0002332978 0)
(-0.0001166306 -0.0002478984 0)
(-9.368773e-05 -0.0002605546 0)
(-6.862751e-05 -0.0002707033 0)
(-4.186355e-05 -0.0002778193 0)
(-1.40585e-05 -0.0002803607 0)
(-1.602428e-05 0.0003098513 0)
(-4.763604e-05 0.0003065795 0)
(-7.784418e-05 0.0002978818 0)
(-0.0001058177 0.0002855982 0)
(-0.0001310692 0.0002704558 0)
(-0.0001533434 0.0002532072 0)
(-0.0001725937 0.0002345563 0)
(-0.0001889305 0.0002151129 0)
(-0.0002025682 0.0001953725 0)
(-0.0002137806 0.000175718 0)
(-0.0002228709 0.0001564189 0)
(-0.0002301458 0.0001376459 0)
(-0.0002358942 0.0001194908 0)
(-0.0002403761 0.0001019829 0)
(-0.0002438177 8.510424e-05 0)
(-0.0002464094 6.880171e-05 0)
(-0.0002483062 5.299698e-05 0)
(-0.0002496292 3.759415e-05 0)
(-0.0002504672 2.248552e-05 0)
(-0.0002508782 7.555941e-06 0)
(-0.0002508912 -7.313845e-06 0)
(-0.0002505065 -2.224447e-05 0)
(-0.0002496956 -3.735539e-05 0)
(-0.0002484007 -5.276211e-05 0)
(-0.0002465335 -6.857289e-05 0)
(-0.0002439732 -8.488439e-05 0)
(-0.0002405647 -0.0001017759 0)
(-0.0002361174 -0.0001193016 0)
(-0.0002304046 -0.000137481 0)
(-0.0002231649 -0.0001562858 0)
(-0.000214108 -0.0001756258 0)
(-0.0002029244 -0.0001953311 0)
(-0.0001893081 -0.0002151328 0)
(-0.0001729816 -0.0002346473 0)
(-0.0001537263 -0.000253377 0)
(-0.0001314284 -0.0002707085 0)
(-0.0001061313 -0.0002859322 0)
(-7.808973e-05 -0.0002982882 0)
(-4.77931e-05 -0.0003070409 0)
(-1.607836e-05 -0.0003103414 0)
(-1.853273e-05 0.0003441732 0)
(-5.495717e-05 0.0003398369 0)
(-8.941873e-05 0.0003289536 0)
(-0.000120866 0.0003137806 0)
(-0.0001487339 0.0002953538 0)
(-0.0001727938 0.0002746948 0)
(-0.000193094 0.0002527171 0)
(-0.0002098729 0.0002301749 0)
(-0.0002234789 0.0002076582 0)
(-0.0002343185 0.0001855889 0)
(-0.0002428161 0.000164237 0)
(-0.0002493755 0.0001437533 0)
(-0.0002543616 0.000124196 0)
(-0.0002580921 0.0001055545 0)
(-0.0002608357 8.776904e-05 0)
(-0.0002628127 7.074529e-05 0)
(-0.0002641989 5.436606e-05 0)
(-0.0002651293 3.849926e-05 0)
(-0.0002657013 2.300359e-05 0)
(-0.0002659784 7.732382e-06 0)
(-0.0002659918 -7.46385e-06 0)
(-0.0002657419 -2.273552e-05 0)
(-0.0002651981 -3.823233e-05 0)
(-0.0002642976 -5.410137e-05 0)
(-0.0002629434 -7.04846e-05 0)
(-0.0002610012 -8.751501e-05 0)
(-0.0002582954 -0.000105311 0)
(-0.0002546055 -0.0001239683 0)
(-0.0002496624 -0.0001435486 0)
(-0.0002431474 -0.0001640644 0)
(-0.0002346938 -0.0001854595 0)
(-0.0002238949 -0.0002075851 0)
(-0.0002103223 -0.0002301724 0)
(-0.0001935644 -0.0002528 0)
(-0.000173267 -0.0002748757 0)
(-0.0001491859 -0.0002956413 0)
(-0.0001212675 -0.0003141761 0)
(-8.973787e-05 -0.000329448 0)
(-5.516384e-05 -0.0003404084 0)
(-1.860444e-05 -0.0003447864 0)
(-2.174233e-05 0.0003840753 0)
(-6.423917e-05 0.0003781767 0)
(-0.0001039022 0.0003642811 0)
(-0.0001394175 0.0003452254 0)
(-0.000170155 0.0003225133 0)
(-0.00019598 0.0002975345 0)
(-0.0002171137 0.0002714664 0)
(-0.0002339894 0.0002452381 0)
(-0.0002471542 0.0002195268 0)
(-0.0002572019 0.0001947671 0)
(-0.0002647065 0.000171206 0)
(-0.0002701869 0.000148948 0)
(-0.0002740929 0.0001279948 0)
(-0.000276803 0.0001082766 0)
(-0.0002786269 8.967625e-05 0)
(-0.0002798124 7.204696e-05 0)
(-0.0002805523 5.522429e-05 0)
(-0.0002809917 3.903414e-05 0)
(-0.000281234 2.329766e-05 0)
(-0.0002813456 7.833992e-06 0)
(-0.0002813591 -7.538547e-06 0)
(-0.0002812749 -2.300189e-05 0)
(-0.0002810614 -3.873794e-05 0)
(-0.000280653 -5.492801e-05 0)
(-0.0002799472 -7.17517e-05 0)
(-0.0002787996 -8.938415e-05 0)
(-0.000277018 -0.0001079912 0)
(-0.0002743551 -0.0001277216 0)
(-0.0002705007 -0.0001486946 0)
(-0.0002650758 -0.0001709828 0)
(-0.0002576286 -0.0001945877 0)
(-0.0002476373 -0.0002194078 0)
(-0.0002345229 -0.000245199 0)
(-0.0002176849 -0.0002715284 0)
(-0.0001965677 -0.0002977182 0)
(-0.0001707288 -0.0003228347 0)
(-0.000139938 -0.0003456917 0)
(-0.000104324 -0.0003648851 0)
(-6.451694e-05 -0.0003788914 0)
(-2.183986e-05 -0.0003848531 0)
(-2.597313e-05 0.0004311666 0)
(-7.629519e-05 0.0004228728 0)
(-0.000122372 0.00040473 0)
(-0.0001626338 0.0003803592 0)
(-0.0001964248 0.0003519931 0)
(-0.0002238406 0.0003215101 0)
(-0.0002453903 0.0002904169 0)
(-0.0002618126 0.0002598355 0)
(-0.0002739499 0.0002304865 0)
(-0.0002826392 0.0002027792 0)
(-0.0002886352 0.0001768947 0)
(-0.0002925866 0.0001528533 0)
(-0.000295033 0.0001305685 0)
(-0.0002964107 0.0001098867 0)
(-0.0002970653 9.061584e-05 0)
(-0.0002972646 7.254391e-05 0)
(-0.0002972117 5.545092e-05 0)
(-0.0002970559 3.911584e-05 0)
(-0.0002969014 2.331927e-05 0)
(-0.0002968146 7.844609e-06 0)
(-0.0002968277 -7.522559e-06 0)
(-0.0002969413 -2.299588e-05 0)
(-0.0002971242 -3.878997e-05 0)
(-0.0002973114 -5.512194e-05 0)
(-0.0002973996 -7.221192e-05 0)
(-0.0002972407 -9.028208e-05 0)
(-0.0002966328 -0.000109554 0)
(-0.0002953088 -0.0001302419 0)
(-0.0002929236 -0.0001525407 0)
(-0.0002890405 -0.0001766075 0)
(-0.0002831188 -0.0002025332 0)
(-0.0002745062 -0.0002303025 0)
(-0.000262443 -0.0002597392 0)
(-0.0002460835 -0.0002904382 0)
(-0.0002245733 -0.0003216808 0)
(-0.0001971594 -0.000352342 0)
(-0.0001633179 -0.0003809042 0)
(-0.0001229398 -0.0004054701 0)
(-7.667811e-05 -0.0004237759 0)
(-2.611014e-05 -0.0004321698 0)
(-3.176682e-05 0.0004877922 0)
(-9.240868e-05 0.0004756233 0)
(-0.000146418 0.0004513604 0)
(-0.0001921543 0.0004195746 0)
(-0.0002290041 0.0003836792 0)
(-0.0002575562 0.0003461596 0)
(-0.0002787883 0.0003089427 0)
(-0.0002939198 0.0002732777 0)
(-0.0003042104 0.000239862 0)
(-0.0003107936 0.0002090082 0)
(-0.0003146324 0.0001807658 0)
(-0.0003165131 0.0001550174 0)
(-0.0003170596 0.0001315476 0)
(-0.0003167556 0.0001100903 0)
(-0.0003159697 9.035838e-05 0)
(-0.0003149773 7.206266e-05 0)
(-0.0003139804 5.492053e-05 0)
(-0.0003131234 3.865981e-05 0)
(-0.0003125053 2.301953e-05 0)
(-0.0003121874 7.747929e-06 0)
(-0.0003121996 -7.400592e-06 0)
(-0.0003125424 -2.266961e-05 0)
(-0.0003131875 -3.830492e-05 0)
(-0.0003140749 -5.45587e-05 0)
(-0.0003151073 -7.169265e-05 0)
(-0.0003161417 -8.998008e-05 0)
(-0.0003169779 -0.0001097053 0)
(-0.0003173417 -0.0001311598 0)
(-0.0003168663 -0.000154634 0)
(-0.0003150683 -0.0001803987 0)
(-0.0003113236 -0.000208675 0)
(-0.0003048432 -0.0002395875 0)
(-0.0002946587 -0.0002730949 0)
(-0.0002796266 -0.0003088926 0)
(-0.0002584716 -0.0003462898 0)
(-0.0002299521 -0.0003840386 0)
(-0.0001930661 -0.000420201 0)
(-0.0001471982 -0.0004522684 0)
(-9.295276e-05 -0.0004767763 0)
(-3.196747e-05 -0.0004891139 0)
(-4.009976e-05 0.0005574742 0)
(-0.0001146872 0.0005386761 0)
(-0.0001784231 0.0005054301 0)
(-0.000230315 0.0004631032 0)
(-0.0002698397 0.0004171078 0)
(-0.000298577 0.0003706523 0)
(-0.0003182722 0.0003260634 0)
(-0.0003308933 0.0002845779 0)
(-0.0003382194 0.0002467477 0)
(-0.0003417355 0.0002126699 0)
(-0.000342626 0.0001821676 0)
(-0.0003418048 0.0001549152 0)
(-0.0003399601 0.0001305195 0)
(-0.0003376 0.0001085696 0)
(-0.0003350929 8.866547e-05 0)
(-0.0003327025 7.042905e-05 0)
(-0.0003306146 5.350989e-05 0)
(-0.0003289569 3.75842e-05 0)
(-0.0003278133 2.235145e-05 0)
(-0.0003272347 7.528275e-06 0)
(-0.0003272452 -7.158198e-06 0)
(-0.0003278456 -2.197735e-05 0)
(-0.0003290133 -3.72022e-05 0)
(-0.0003306991 -5.311642e-05 0)
(-0.000332821 -7.002111e-05 0)
(-0.0003352533 -8.824103e-05 0)
(-0.0003378126 -0.0001081282 0)
(-0.0003402376 -0.000130063 0)
(-0.0003421626 -0.0001544492 0)
(-0.0003430815 -0.0001817029 0)
(-0.0003423076 -0.0002122247 0)
(-0.000338926 -0.00024635 0)
(-0.0003317481 -0.0002842679 0)
(-0.0003192785 -0.0003258958 0)
(-0.0002997193 -0.0003706958 0)
(-0.0002710706 -0.0004174407 0)
(-0.0002315476 -0.0004638006 0)
(-0.000179518 -0.0005065405 0)
(-0.0001154881 -0.0005401625 0)
(-4.040944e-05 -0.0005592651 0)
(-5.280166e-05 0.0006461591 0)
(-0.0001466925 0.0006150014 0)
(-0.0002219934 0.0005683457 0)
(-0.0002804767 0.0005107373 0)
(-0.0003214549 0.0004512082 0)
(-0.0003486006 0.0003935733 0)
(-0.0003648627 0.0003402911 0)
(-0.0003732355 0.0002923605 0)
(-0.0003761184 0.0002499614 0)
(-0.0003753737 0.0002127977 0)
(-0.0003723871 0.0001803377 0)
(-0.0003681612 0.0001519613 0)
(-0.0003634051 0.0001270451 0)
(-0.0003586097 0.0001050038 0)
(-0.0003541103 8.5306e-05 0)
(-0.0003501329 6.747904e-05 0)
(-0.0003468252 5.110557e-05 0)
(-0.0003442818 3.581506e-05 0)
(-0.0003425612 2.127329e-05 0)
(-0.0003416971 7.171738e-06 0)
(-0.0003417052 -6.782898e-06 0)
(-0.0003425864 -2.087886e-05 0)
(-0.0003443265 -3.540946e-05 0)
(-0.0003468938 -5.068339e-05 0)
(-0.0003502319 -6.703514e-05 0)
(-0.0003542488 -8.483583e-05 0)
(-0.0003587999 -0.000104504 0)
(-0.0003636628 -0.0001265143 0)
(-0.0003685062 -0.0001514016 0)
(-0.0003728438 -0.000179757 0)
(-0.0003759706 -0.0002122122 0)
(-0.0003768864 -0.0002493999 0)
(-0.0003742045 -0.0002918692 0)
(-0.0003660544 -0.0003399389 0)
(-0.0003500165 -0.0003934555 0)
(-0.0003230569 -0.0004514453 0)
(-0.0002821659 -0.0005114644 0)
(-0.0002235636 -0.0005696873 0)
(-0.0001479229 -0.000616924 0)
(-5.331278e-05 -0.0006486539 0)
(-7.38478e-05 0.0007605575 0)
(-0.0001950958 0.0007076883 0)
(-0.0002826893 0.0006413316 0)
(-0.0003474527 0.0005611736 0)
(-0.0003870037 0.0004839072 0)
(-0.0004094942 0.0004125918 0)
(-0.000419485 0.0003494438 0)
(-0.0004212229 0.0002947659 0)
(-0.0004177821 0.000248013 0)
(-0.0004113591 0.0002082481 0)
(-0.0004034624 0.0001744255 0)
(-0.0003950975 0.0001455437 0)
(-0.0003869176 0.0001206953 0)
(-0.000379339 9.909457e-05 0)
(-0.0003726177 8.007402e-05 0)
(-0.0003669029 6.307245e-05 0)
(-0.0003622786 4.761514e-05 0)
(-0.0003587892 3.329464e-05 0)
(-0.0003564567 1.975333e-05 0)
(-0.0003552909 6.667748e-06 0)
(-0.0003552958 -6.265707e-06 0)
(-0.0003564722 -1.934406e-05 0)
(-0.0003588178 -3.287082e-05 0)
(-0.0003623248 -4.71693e-05 0)
(-0.0003669734 -6.259699e-05 0)
(-0.0003727222 -7.956136e-05 0)
(-0.000379491 -9.853753e-05 0)
(-0.0003871352 -0.0001200879 0)
(-0.0003954053 -0.0001448824 0)
(-0.0004038921 -0.0001737119 0)
(-0.0004119504 -0.0002074927 0)
(-0.000418583 -0.0002472408 0)
(-0.0004222871 -0.0002940242 0)
(-0.0004208648 -0.0003488127 0)
(-0.0004112257 -0.000412196 0)
(-0.0003890796 -0.0004839241 0)
(-0.0003497893 -0.0005618279 0)
(-0.0002849825 -0.0006429192 0)
(-0.0001970568 -0.0007101906 0)
(-7.473948e-05 -0.0007643227 0)
(-0.0001087171 0.0009337138 0)
(-0.0002689797 0.0008233923 0)
(-0.0003685086 0.0007262161 0)
(-0.0004379024 0.0006115487 0)
(-0.0004700366 0.0005115533 0)
(-0.0004830641 0.0004241141 0)
(-0.0004826886 0.0003504583 0)
(-0.0004746662 0.0002893888 0)
(-0.0004626363 0.0002391104 0)
(-0.0004489613 0.0001977445 0)
(-0.0004350915 0.0001635655 0)
(-0.0004218914 0.0001350886 0)
(-0.0004098542 0.0001110932 0)
(-0.000399231 9.059649e-05 0)
(-0.0003901324 7.281353e-05 0)
(-0.0003825917 5.711313e-05 0)
(-0.000376603 4.298117e-05 0)
(-0.0003721436 2.999024e-05 0)
(-0.0003691881 1.777482e-05 0)
(-0.0003677161 6.010695e-06 0)
(-0.000367717 -5.602659e-06 0)
(-0.0003691915 -1.735801e-05 0)
(-0.0003721518 -2.955562e-05 0)
(-0.00037662 -4.25192e-05 0)
(-0.000382624 -5.661357e-05 0)
(-0.0003901893 -7.226536e-05 0)
(-0.0003993264 -8.998795e-05 0)
(-0.0004100076 -0.0001104122 0)
(-0.0004221302 -0.0001343238 0)
(-0.0004354541 -0.0001627083 0)
(-0.0004494994 -0.0001967935 0)
(-0.0004634179 -0.0002380783 0)
(-0.0004757764 -0.000288315 0)
(-0.0004842263 -0.0003494241 0)
(-0.0004851278 -0.0004232681 0)
(-0.0004726889 -0.0005111366 0)
(-0.0004411597 -0.0006119164 0)
(-0.0003719342 -0.0007279671 0)
(-0.0002723923 -0.0008264737 0)
(-0.000110518 -0.0009389332 0)
(-0.0001878774 0.001095087 0)
(-0.0004063428 0.0009318925 0)
(-0.0004945219 0.0008071653 0)
(-0.0005621191 0.0006518507 0)
(-0.0005744372 0.0005265078 0)
(-0.0005705892 0.000422288 0)
(-0.0005542104 0.0003390435 0)
(-0.0005325708 0.0002732061 0)
(-0.0005094264 0.0002212578 0)
(-0.0004869041 0.0001800362 0)
(-0.0004661183 0.0001469878 0)
(-0.0004475698 0.0001201311 0)
(-0.0004314096 9.796695e-05 0)
(-0.0004176187 7.93616e-05 0)
(-0.000406101 6.345164e-05 0)
(-0.0003967353 4.957095e-05 0)
(-0.0003894015 3.719574e-05 0)
(-0.0003839955 2.590335e-05 0)
(-0.0003804362 1.534102e-05 0)
(-0.0003786684 5.201597e-06 0)
(-0.0003786645 -4.796275e-06 0)
(-0.0003804252 -1.492563e-05 0)
(-0.000383979 -2.546736e-05 0)
(-0.0003893827 -3.672772e-05 0)
(-0.0003967196 -4.905811e-05 0)
(-0.0004060966 -6.287939e-05 0)
(-0.0004176378 -7.87131e-05 0)
(-0.0004314711 -9.72229e-05 0)
(-0.0004477015 -0.00011927 0)
(-0.0004663618 -0.0001459869 0)
(-0.0004873204 -0.0001788748 0)
(-0.0005101045 -0.0002199238 0)
(-0.0005336328 -0.0002717098 0)
(-0.0005558179 -0.0003374429 0)
(-0.0005729383 -0.000420728 0)
(-0.0005777289 -0.0005252647 0)
(-0.0005666162 -0.0006513508 0)
(-0.0004995613 -0.0008087313 0)
(-0.0004117418 -0.0009348733 0)
(-0.0001909523 -0.001105204 0)
(-0.0002761936 0.001670899 0)
(-0.0005615681 0.001153266 0)
(-0.000648535 0.0009557529 0)
(-0.0007185898 0.0006930392 0)
(-0.0006996012 0.0005270817 0)
(-0.0006705296 0.000402052 0)
(-0.0006317707 0.0003107523 0)
(-0.0005924519 0.0002432482 0)
(-0.0005558062 0.0001926619 0)
(-0.0005232313 0.0001541006 0)
(-0.0004949967 0.0001241444 0)
(-0.0004709122 0.0001004125 0)
(-0.0004506237 8.122753e-05 0)
(-0.0004337463 6.539071e-05 0)
(-0.000419923 5.20311e-05 0)
(-0.0004088476 4.050253e-05 0)
(-0.0004002706 3.031325e-05 0)
(-0.0003939983 2.107714e-05 0)
(-0.0003898898 1.247901e-05 0)
(-0.0003878534 4.249019e-06 0)
(-0.0003878442 -3.857105e-06 0)
(-0.0003898625 -1.207624e-05 0)
(-0.0003939538 -2.065194e-05 0)
(-0.0004002107 -2.985279e-05 0)
(-0.0004087756 -3.999199e-05 0)
(-0.0004198443 -5.145277e-05 0)
(-0.0004336699 -6.472298e-05 0)
(-0.0004505644 -8.044379e-05 0)
(-0.0004708942 -9.948008e-05 0)
(-0.0004950589 -0.0001230237 0)
(-0.0005234363 -0.0001527465 0)
(-0.0005562529 -0.0001910274 0)
(-0.0005932954 -0.0002412965 0)
(-0.0006332442 -0.0003084923 0)
(-0.0006729483 -0.0003996254 0)
(-0.0007033097 -0.0005251059 0)
(-0.0007245954 -0.0006921675 0)
(-0.0006554852 -0.0009581639 0)
(-0.0005731819 -0.001159465 0)
(-0.0002855507 -0.001684757 0)
(-0.0007117528 0.001735477 0)
(-0.00112832 0.001132053 0)
(-0.0009544423 0.0009245536 0)
(-0.0009907697 0.0006367467 0)
(-0.0008653821 0.0004688954 0)
(-0.0007868994 0.0003439184 0)
(-0.0007129968 0.0002569557 0)
(-0.0006506438 0.0001957249 0)
(-0.0005985559 0.0001517227 0)
(-0.0005554028 0.0001193493 0)
(-0.0005197871 9.493387e-05 0)
(-0.0004904668 7.605059e-05 0)
(-0.0004664114 6.107512e-05 0)
(-0.0004467947 4.889975e-05 0)
(-0.0004309686 3.87517e-05 0)
(-0.0004184323 3.007723e-05 0)
(-0.0004088059 2.246706e-05 0)
(-0.0004018087 1.560747e-05 0)
(-0.0003972431 9.247276e-06 0)
(-0.0003949831 3.17453e-06 0)
(-0.0003949683 -2.801119e-06 0)
(-0.0003971983 -8.862433e-06 0)
(-0.0004017338 -1.519905e-05 0)
(-0.0004087009 -2.202127e-05 0)
(-0.0004182975 -2.95776e-05 0)
(-0.0004308053 -3.817774e-05 0)
(-0.0004466063 -4.822516e-05 0)
(-0.0004662054 -6.026539e-05 0)
(-0.0004902583 -7.505979e-05 0)
(-0.0005196047 -9.370043e-05 0)
(-0.0005552999 -0.0001177909 0)
(-0.0005986296 -0.0001497305 0)
(-0.000651072 -0.0001931581 0)
(-0.0007141206 -0.0002536386 0)
(-0.0007895272 -0.0003396354 0)
(-0.0008702688 -0.0004633614 0)
(-0.0009996459 -0.0006287961 0)
(-0.0009671226 -0.000920419 0)
(-0.001144556 -0.001122696 0)
(-0.0007229014 -0.001766896 0)
(-0.0009181188 0.004033718 0)
(-0.001386219 0.001390832 0)
(-0.001139984 0.001071125 0)
(-0.001164753 0.0005840222 0)
(-0.0009803208 0.0003819133 0)
(-0.0008689673 0.0002550915 0)
(-0.0007656756 0.0001789259 0)
(-0.0006829232 0.0001306503 0)
(-0.0006171158 9.850524e-05 0)
(-0.0005647468 7.609183e-05 0)
(-0.0005228735 5.980059e-05 0)
(-0.000489238 4.751531e-05 0)
(-0.0004621554 3.794224e-05 0)
(-0.0004403816 3.025625e-05 0)
(-0.0004230006 2.390895e-05 0)
(-0.000409339 1.852094e-05 0)
(-0.000398905 1.381897e-05 0)
(-0.000391345 9.59759e-06 0)
(-0.0003864147 5.694687e-06 0)
(-0.0003839605 1.974894e-06 0)
(-0.0003839071 -1.682921e-06 0)
(-0.0003862531 -5.393176e-06 0)
(-0.0003910704 -9.276522e-06 0)
(-0.0003985094 -1.346677e-05 0)
(-0.0004088103 -1.81235e-05 0)
(-0.0004223221 -2.344824e-05 0)
(-0.0004395312 -2.970848e-05 0)
(-0.0004611043 -3.727503e-05 0)
(-0.000487949 -4.668383e-05 0)
(-0.0005212997 -5.874233e-05 0)
(-0.0005628289 -7.472072e-05 0)
(-0.0006147773 -9.670784e-05 0)
(-0.0006800588 -0.0001282925 0)
(-0.0007621056 -0.0001758966 0)
(-0.0008642694 -0.0002513012 0)
(-0.0009726626 -0.0003781395 0)
(-0.001159223 -0.0005794713 0)
(-0.001121223 -0.001073039 0)
(-0.001387932 -0.001409941 0)
(-0.0008732986 -0.004083381 0)
(0.004524305 0.003415852 0)
(0.003824219 0.0009478251 0)
(0.006159745 0.0006883542 0)
(0.006264791 0.0003125215 0)
(0.006750058 0.0001779433 0)
(0.006958797 0.0001060328 0)
(0.007112833 6.866138e-05 0)
(0.007220232 4.760806e-05 0)
(0.007298802 3.47978e-05 0)
(0.007358205 2.641013e-05 0)
(0.007404218 2.055179e-05 0)
(0.007440449 1.623797e-05 0)
(0.007469249 1.292352e-05 0)
(0.007492208 1.028546e-05 0)
(0.007510431 8.119468e-06 0)
(0.0075247 6.288549e-06 0)
(0.007535576 4.695948e-06 0)
(0.007543454 3.269861e-06 0)
(0.007548606 1.954149e-06 0)
(0.0075512 7.022467e-07 0)
(0.007551323 -5.272693e-07 0)
(0.007548976 -1.773406e-06 0)
(0.007544085 -3.077213e-06 0)
(0.007536488 -4.484275e-06 0)
(0.007525925 -6.049076e-06 0)
(0.007512014 -7.840823e-06 0)
(0.007494212 -9.952262e-06 0)
(0.007471761 -1.251418e-05 0)
(0.007443587 -1.572118e-05 0)
(0.007408147 -1.988085e-05 0)
(0.007363151 -2.551399e-05 0)
(0.007305074 -3.35676e-05 0)
(0.007228245 -4.587788e-05 0)
(0.007123244 -6.619139e-05 0)
(0.006971367 -0.0001023827 0)
(0.006770819 -0.0001734873 0)
(0.006277744 -0.0003037807 0)
(0.006199957 -0.000681707 0)
(0.003834349 -0.0009341677 0)
(0.004558745 -0.003399689 0)
)
;

boundaryField
{
    movingWall
    {
        type            fixedValue;
        value           uniform (1 0 0);
    }
    fixedWalls
    {
        type            fixedValue;
        value           uniform (0 0 0);
    }
    frontAndBack
    {
        type            empty;
    }
}


// ************************************************************************* //
