/*--------------------------------*- C++ -*----------------------------------*\
| =========                 |                                                 |
| \\      /  F ield         | OpenFOAM: The Open Source CFD Toolbox           |
|  \\    /   O peration     | Version:  2412                                  |
|   \\  /    A nd           | Website:  www.openfoam.com                      |
|    \\/     M anipulation  |                                                 |
\*---------------------------------------------------------------------------*/
FoamFile
{
    version     2.0;
    format      ascii;
    arch        "LSB;label=32;scalar=64";
    class       volVectorField;
    location    "0.25";
    object      vorticity;
}
// * * * * * * * * * * * * * * * * * * * * * * * * * * * * * * * * * * * * * //

dimensions      [0 0 -1 0 0 0 0];

internalField   nonuniform List<vector> 
1600
(
(0 -0 0.0002170185)
(0 -0 0.0003256186)
(0 -0 0.0005406115)
(0 -0 0.0007523187)
(0 -0 0.0009591874)
(0 -0 0.001159904)
(0 -0 0.001353206)
(0 -0 0.001537893)
(0 -0 0.001712831)
(0 -0 0.001876963)
(0 -0 0.002029309)
(0 -0 0.002168978)
(0 -0 0.00229516)
(0 -0 0.002407138)
(0 -0 0.002504286)
(0 -0 0.002586065)
(0 -0 0.00265203)
(0 -0 0.002701823)
(0 -0 0.002735178)
(0 -0 0.002751916)
(0 -0 0.002751949)
(0 -0 0.002735276)
(0 -0 0.002701984)
(0 -0 0.00265225)
(0 -0 0.002586339)
(0 -0 0.002504607)
(0 -0 0.002407499)
(0 -0 0.002295551)
(0 -0 0.00216939)
(0 -0 0.002029734)
(0 -0 0.001877388)
(0 -0 0.001713246)
(0 -0 0.001538288)
(0 -0 0.001353571)
(0 -0 0.00116023)
(0 -0 0.0009594664)
(0 -0 0.0007525434)
(0 -0 0.000540776)
(0 -0 0.0003257191)
(0 -0 0.0002170858)
(0 -0 0.0003268373)
(0 -0 1.30926e-06)
(0 -0 1.08596e-06)
(0 -0 1.50978e-06)
(0 -0 1.92474e-06)
(0 -0 2.32734e-06)
(0 -0 2.71518e-06)
(0 -0 3.08544e-06)
(0 -0 3.43666e-06)
(0 -0 3.76596e-06)
(0 -0 4.07142e-06)
(0 -0 4.3514e-06)
(0 -0 4.60456e-06)
(0 -0 4.82928e-06)
(0 -0 5.02412e-06)
(0 -0 5.18812e-06)
(0 -0 5.32044e-06)
(0 -0 5.420086e-06)
(0 -0 5.487068e-06)
(0 -0 5.520732e-06)
(0 -0 5.520548e-06)
(0 -0 5.487142e-06)
(0 -0 5.420504e-06)
(0 -0 5.3205e-06)
(0 -0 5.18818e-06)
(0 -0 5.02424e-06)
(0 -0 4.82932e-06)
(0 -0 4.60502e-06)
(0 -0 4.3518e-06)
(0 -0 4.0715e-06)
(0 -0 3.7659e-06)
(0 -0 3.43668e-06)
(0 -0 3.08574e-06)
(0 -0 2.71532e-06)
(0 -0 2.32752e-06)
(0 -0 1.92488e-06)
(0 -0 1.50976e-06)
(0 -0 1.08604e-06)
(0 -0 1.30944e-06)
(0 -0 0.0003269393)
(0 -0 0.0005473367)
(0 -0 1.09958e-06)
(0 -0 2.8e-09)
(0 -0 2e-09)
(0 -0 2.8e-09)
(0 -0 3.2e-09)
(0 -0 3.6e-09)
(0 -0 4e-09)
(0 -0 4.62e-09)
(0 -0 5.16e-09)
(0 -0 5.52e-09)
(0 -0 5.88e-09)
(0 -0 6.28e-09)
(0 -0 6.46e-09)
(0 -0 6.82e-09)
(0 -0 7e-09)
(0 -0 7.14e-09)
(0 -0 7.18e-09)
(0 -0 7.4e-09)
(0 -0 7.434e-09)
(0 -0 7.42e-09)
(0 -0 7.446e-09)
(0 -0 7.38e-09)
(0 -0 7.1e-09)
(0 -0 6.84e-09)
(0 -0 6.68e-09)
(0 -0 6.38e-09)
(0 -0 6.18e-09)
(0 -0 5.9e-09)
(0 -0 5.44e-09)
(0 -0 5.1e-09)
(0 -0 4.84e-09)
(0 -0 4.2e-09)
(0 -0 3.4e-09)
(0 -0 3e-09)
(0 -0 2.6e-09)
(0 -0 2.2e-09)
(0 -0 2.8e-09)
(0 -0 1.09974e-06)
(0 -0 0.0005475097)
(0 -0 0.0007715654)
(0 -0 1.5486e-06)
(0 -0 2e-09)
(0 -0 2e-10)
(0 -0 0)
(0 -0 -2e-10)
(0 -0 1.01644e-19)
(0 -0 2e-10)
(0 -0 -2e-10)
(0 -0 3.184844e-19)
(0 -0 2e-10)
(0 -0 -2e-10)
(0 -0 -6e-11)
(0 -0 1e-10)
(0 -0 4e-11)
(0 -0 8e-11)
(0 -0 -4e-11)
(0 -0 1e-10)
(0 -0 -6.4e-11)
(0 -0 -6.4e-11)
(0 -0 6.4e-11)
(0 -0 2.4e-11)
(0 -0 -1e-10)
(0 -0 -4e-11)
(0 -0 1e-10)
(0 -0 1.6e-10)
(0 -0 6e-11)
(0 -0 4e-11)
(0 -0 4.269046e-19)
(0 -0 1.084202e-19)
(0 -0 2e-10)
(0 -0 -3.184844e-19)
(0 -0 2.168404e-19)
(0 -0 -1.01644e-19)
(0 -0 2e-10)
(0 -0 2e-10)
(0 -0 0)
(0 -0 2.2e-09)
(0 -0 1.54886e-06)
(0 -0 0.0007718136)
(0 -0 0.001000798)
(0 -0 2.00842e-06)
(0 -0 2.8e-09)
(0 -0 2e-10)
(0 -0 1.050321e-19)
(0 -0 2.100642e-19)
(0 -0 1.084202e-19)
(0 -0 -1.084202e-19)
(0 -0 0)
(0 -0 -2.100642e-19)
(0 -0 1.084202e-19)
(0 -0 -2.032879e-19)
(0 -0 2e-10)
(0 -0 2e-10)
(0 -0 -1e-10)
(0 -0 -2.6e-10)
(0 -0 -4e-11)
(0 -0 1e-10)
(0 -0 4e-11)
(0 -0 1e-11)
(0 -0 -1.8e-10)
(0 -0 -1e-11)
(0 -0 -2e-11)
(0 -0 1.6e-10)
(0 -0 1e-10)
(0 -0 2e-10)
(0 -0 -2.710505e-19)
(0 -0 1.165517e-18)
(0 -0 -1.084202e-19)
(0 -0 1.01644e-19)
(0 -0 2e-10)
(0 -0 -2e-10)
(0 -0 -2e-10)
(0 -0 1.084202e-19)
(0 -0 0)
(0 -0 2e-10)
(0 -0 -2e-10)
(0 -0 2.8e-09)
(0 -0 2.00902e-06)
(0 -0 0.001001127)
(0 -0 0.001236539)
(0 -0 2.48156e-06)
(0 -0 3.6e-09)
(0 -0 -2e-10)
(0 -0 0)
(0 -0 0)
(0 -0 0)
(0 -0 -2.100642e-19)
(0 -0 1.084202e-19)
(0 -0 9.486769e-20)
(0 -0 0)
(0 -0 3.117081e-19)
(0 -0 2e-10)
(0 -0 0)
(0 -0 2.168404e-19)
(0 -0 -6e-11)
(0 -0 8e-11)
(0 -0 4e-11)
(0 -0 4e-11)
(0 -0 -1.2e-10)
(0 -0 -8e-11)
(0 -0 2e-11)
(0 -0 2e-11)
(0 -0 1.2e-10)
(0 -0 -6e-11)
(0 -0 -2e-10)
(0 -0 2e-10)
(0 -0 -2.168404e-19)
(0 -0 -2e-10)
(0 -0 -1.084202e-19)
(0 -0 -5.285486e-19)
(0 -0 0)
(0 -0 0)
(0 -0 0)
(0 -0 -2e-10)
(0 -0 -2.100642e-19)
(0 -0 2e-10)
(0 -0 3.2e-09)
(0 -0 2.48188e-06)
(0 -0 0.001236959)
(0 -0 0.001480355)
(0 -0 2.97062e-06)
(0 -0 3.8e-09)
(0 -0 -1.01644e-19)
(0 -0 -2e-10)
(0 -0 0)
(0 -0 2.100642e-19)
(0 -0 0)
(0 -0 4.201283e-19)
(0 -0 -2e-10)
(0 -0 1.084202e-19)
(0 -0 -1.084202e-19)
(0 -0 -2e-10)
(0 -0 -4.201283e-19)
(0 -0 0)
(0 -0 8e-11)
(0 -0 8e-11)
(0 -0 -1e-10)
(0 -0 -6e-11)
(0 -0 -2e-11)
(0 -0 1.2e-10)
(0 -0 -1.4e-10)
(0 -0 -6e-11)
(0 -0 -2e-11)
(0 -0 -8e-11)
(0 -0 -2e-10)
(0 -0 -6.369688e-19)
(0 -0 2e-10)
(0 -0 -1.084202e-19)
(0 -0 3.252607e-19)
(0 -0 -2e-10)
(0 -0 2.032879e-19)
(0 -0 2e-10)
(0 -0 2e-10)
(0 -0 -4.269046e-19)
(0 -0 2.100642e-19)
(0 -0 1.01644e-19)
(0 -0 4e-09)
(0 -0 2.97134e-06)
(0 -0 0.001480876)
(0 -0 0.001733888)
(0 -0 3.47934e-06)
(0 -0 4.6e-09)
(0 -0 2.168404e-19)
(0 -0 -2.100642e-19)
(0 -0 2.100642e-19)
(0 -0 -2e-10)
(0 -0 -2e-10)
(0 -0 -2.032879e-19)
(0 -0 2e-10)
(0 -0 2.032879e-19)
(0 -0 -2e-10)
(0 -0 -2e-10)
(0 -0 2e-10)
(0 -0 3.117081e-19)
(0 -0 2.168404e-19)
(0 -0 1e-10)
(0 -0 -1.2e-10)
(0 -0 8e-11)
(0 -0 2e-10)
(0 -0 1.2e-10)
(0 -0 1.436568e-18)
(0 -0 -1e-10)
(0 -0 -8e-11)
(0 -0 2e-10)
(0 -0 -1.084202e-19)
(0 -0 7.45389e-19)
(0 -0 1.057097e-18)
(0 -0 -4.201283e-19)
(0 -0 -2.032879e-19)
(0 -0 4.201283e-19)
(0 -0 -2e-10)
(0 -0 -2.168404e-19)
(0 -0 2e-10)
(0 -0 0)
(0 -0 -2e-10)
(0 -0 3.184844e-19)
(0 -0 4.8e-09)
(0 -0 3.48008e-06)
(0 -0 0.001734523)
(0 -0 0.001998872)
(0 -0 4.01102e-06)
(0 -0 5.4e-09)
(0 -0 -2e-10)
(0 -0 2e-10)
(0 -0 2e-10)
(0 -0 -2.032879e-19)
(0 -0 2.032879e-19)
(0 -0 2e-10)
(0 -0 -1.057097e-18)
(0 -0 -2e-10)
(0 -0 2e-10)
(0 -0 2e-10)
(0 -0 6.234162e-19)
(0 -0 -5.421011e-19)
(0 -0 -8.402567e-19)
(0 -0 1.2e-10)
(0 -0 4e-11)
(0 -0 -1.355253e-19)
(0 -0 2e-11)
(0 -0 2e-11)
(0 -0 1.4e-10)
(0 -0 6e-11)
(0 -0 5.421011e-19)
(0 -0 -2e-10)
(0 -0 2e-10)
(0 -0 1.084202e-19)
(0 -0 -2e-10)
(0 -0 2.168404e-19)
(0 -0 4.336809e-19)
(0 -0 -1.057097e-18)
(0 -0 -2.168404e-19)
(0 -0 2.168404e-19)
(0 -0 2e-10)
(0 -0 -2.168404e-19)
(0 -0 -2e-10)
(0 -0 2.100642e-19)
(0 -0 5.4e-09)
(0 -0 4.01224e-06)
(0 -0 0.001999639)
(0 -0 0.002277158)
(0 -0 4.5694e-06)
(0 -0 6.2e-09)
(0 -0 -2.100642e-19)
(0 -0 0)
(0 -0 2.168404e-19)
(0 -0 2.032879e-19)
(0 -0 2e-10)
(0 -0 2.032879e-19)
(0 -0 2.168404e-19)
(0 -0 -2.168404e-19)
(0 -0 0)
(0 -0 2e-10)
(0 -0 4.336809e-19)
(0 -0 -2e-10)
(0 -0 -8.673617e-19)
(0 -0 9.486769e-19)
(0 -0 -5.421011e-19)
(0 -0 -1.4e-10)
(0 -0 -1.6e-10)
(0 -0 -2e-11)
(0 -0 -4e-11)
(0 -0 -4e-11)
(0 -0 -9.75782e-19)
(0 -0 -2e-10)
(0 -0 2e-10)
(0 -0 -8.673617e-19)
(0 -0 -2e-10)
(0 -0 2e-10)
(0 -0 -1.897354e-19)
(0 -0 -1.897354e-18)
(0 -0 2e-10)
(0 -0 -2e-10)
(0 -0 -4.201283e-19)
(0 -0 2e-10)
(0 -0 0)
(0 -0 -2.168404e-19)
(0 -0 6.4e-09)
(0 -0 4.5708e-06)
(0 -0 0.002278075)
(0 -0 0.002570732)
(0 -0 5.1582e-06)
(0 -0 7e-09)
(0 -0 2.100642e-19)
(0 -0 -2e-10)
(0 -0 -2.168404e-19)
(0 -0 2e-10)
(0 -0 0)
(0 -0 -2e-10)
(0 -0 2e-10)
(0 -0 2e-10)
(0 -0 4.336809e-19)
(0 -0 -2e-10)
(0 -0 -2e-10)
(0 -0 -2.168404e-19)
(0 -0 5.14996e-19)
(0 -0 1.084202e-19)
(0 -0 -1.4e-10)
(0 -0 2.2e-10)
(0 -0 4e-11)
(0 -0 -8e-11)
(0 -0 -1e-10)
(0 -0 6e-11)
(0 -0 6.234162e-19)
(0 -0 2e-10)
(0 -0 -2.168404e-19)
(0 -0 1.463673e-18)
(0 -0 -1.897354e-19)
(0 -0 6.505213e-19)
(0 -0 -1.897354e-19)
(0 -0 2e-10)
(0 -0 -2e-10)
(0 -0 -2e-10)
(0 -0 -2e-10)
(0 -0 2e-10)
(0 -0 8.402567e-19)
(0 -0 6.369688e-19)
(0 -0 7e-09)
(0 -0 5.1598e-06)
(0 -0 0.002571825)
(0 -0 0.00288175)
(0 -0 5.7824e-06)
(0 -0 7.6e-09)
(0 -0 -8.402567e-19)
(0 -0 2e-10)
(0 -0 8.402567e-19)
(0 -0 -4.201283e-19)
(0 -0 -8.402567e-19)
(0 -0 2e-10)
(0 -0 -2e-10)
(0 -0 -4.336809e-19)
(0 -0 2e-10)
(0 -0 -2e-10)
(0 -0 -2e-10)
(0 -0 2e-10)
(0 -0 1.084202e-19)
(0 -0 1e-09)
(0 -0 -9e-10)
(0 -0 -1.6e-10)
(0 -0 -6.6e-10)
(0 -0 -4.2e-10)
(0 -0 -4e-11)
(0 -0 -2e-11)
(0 -0 2.168404e-19)
(0 -0 2e-10)
(0 -0 -8.402567e-19)
(0 -0 -2e-10)
(0 -0 1.490778e-18)
(0 -0 -2.168404e-19)
(0 -0 6.234162e-19)
(0 -0 2e-10)
(0 -0 -4.336809e-19)
(0 -0 4.336809e-19)
(0 -0 -4.336809e-19)
(0 -0 -6.369688e-19)
(0 -0 -4.201283e-19)
(0 -0 -2e-10)
(0 -0 7.6e-09)
(0 -0 5.7842e-06)
(0 -0 0.002883048)
(0 -0 0.003212567)
(0 -0 6.4462e-06)
(0 -0 8.6e-09)
(0 -0 0)
(0 -0 2e-10)
(0 -0 2.168404e-19)
(0 -0 4.336809e-19)
(0 -0 4.336809e-19)
(0 -0 0)
(0 -0 -2e-10)
(0 -0 -2e-10)
(0 -0 6.234162e-19)
(0 -0 2e-10)
(0 -0 8.402567e-19)
(0 -0 8e-10)
(0 -0 -8e-10)
(0 -0 -2e-10)
(0 -0 8e-11)
(0 -0 4.8e-10)
(0 -0 -5.6e-10)
(0 -0 -3.4e-10)
(0 -0 8e-11)
(0 -0 4.6e-10)
(0 -0 8e-10)
(0 -0 8e-10)
(0 -0 2e-10)
(0 -0 2.331035e-18)
(0 -0 6.234162e-19)
(0 -0 -2e-10)
(0 -0 0)
(0 -0 4.065758e-19)
(0 -0 4.336809e-19)
(0 -0 4.065758e-19)
(0 -0 2e-10)
(0 -0 -2e-10)
(0 -0 6.369688e-19)
(0 -0 6.369688e-19)
(0 -0 8.8e-09)
(0 -0 6.4484e-06)
(0 -0 0.003214106)
(0 -0 0.003565782)
(0 -0 7.1546e-06)
(0 -0 9.8e-09)
(0 -0 -4.201283e-19)
(0 -0 -2e-10)
(0 -0 2e-10)
(0 -0 -2e-10)
(0 -0 -4.336809e-19)
(0 -0 0)
(0 -0 2e-10)
(0 -0 0)
(0 -0 -2e-10)
(0 -0 2e-10)
(0 -0 8.402567e-19)
(0 -0 8e-10)
(0 -0 6e-10)
(0 -0 -1e-09)
(0 -0 1.68e-09)
(0 -0 8.6e-10)
(0 -0 3.8e-10)
(0 -0 7.8e-10)
(0 -0 1.4e-10)
(0 -0 5.6e-10)
(0 -0 6e-10)
(0 -0 -1e-09)
(0 -0 6e-10)
(0 -0 -1e-09)
(0 -0 2.954451e-18)
(0 -0 2e-10)
(0 -0 -2e-10)
(0 -0 -2e-10)
(0 -0 -1.273938e-18)
(0 -0 1.273938e-18)
(0 -0 -4.336809e-19)
(0 -0 -2.141299e-18)
(0 -0 2e-10)
(0 -0 -6.369688e-19)
(0 -0 9.6e-09)
(0 -0 7.1572e-06)
(0 -0 0.003567604)
(0 -0 0.003944285)
(0 -0 7.9142e-06)
(0 -0 1.04e-08)
(0 -0 -2e-10)
(0 -0 -6.234162e-19)
(0 -0 0)
(0 -0 -8.402567e-19)
(0 -0 8.673617e-19)
(0 -0 -4.336809e-19)
(0 -0 0)
(0 -0 0)
(0 -0 2e-10)
(0 -0 -6e-10)
(0 -0 6e-10)
(0 -0 -2e-10)
(0 -0 -6.505213e-19)
(0 -0 8e-10)
(0 -0 4e-10)
(0 -0 -1.08e-09)
(0 -0 5.2e-10)
(0 -0 4.8e-10)
(0 -0 -9.2e-10)
(0 -0 -8e-10)
(0 -0 -8e-10)
(0 -0 -4e-10)
(0 -0 2e-10)
(0 -0 4e-10)
(0 -0 2e-10)
(0 -0 -8.673617e-19)
(0 -0 0)
(0 -0 -4.065758e-19)
(0 -0 8.402567e-19)
(0 -0 0)
(0 -0 4.336809e-19)
(0 -0 2e-10)
(0 -0 4.065758e-19)
(0 -0 2.168404e-19)
(0 -0 1.08e-08)
(0 -0 7.9172e-06)
(0 -0 0.003946442)
(0 -0 0.004351323)
(0 -0 8.7312e-06)
(0 -0 1.18e-08)
(0 -0 2e-10)
(0 -0 8e-10)
(0 -0 8.402567e-19)
(0 -0 2.547875e-18)
(0 -0 -8.402567e-19)
(0 -0 1.273938e-18)
(0 -0 2e-10)
(0 -0 6e-10)
(0 -0 -2e-10)
(0 -0 -6e-10)
(0 -0 -6e-10)
(0 -0 -4e-10)
(0 -0 -6e-10)
(0 -0 2e-10)
(0 -0 -4e-10)
(0 -0 -8.6e-10)
(0 -0 8.6e-10)
(0 -0 2.6e-10)
(0 -0 -4.6e-10)
(0 -0 -6e-10)
(0 -0 2.927346e-18)
(0 -0 6e-10)
(0 -0 2e-10)
(0 -0 2.547875e-18)
(0 -0 -4e-10)
(0 -0 6e-10)
(0 -0 6e-10)
(0 -0 -2.114194e-18)
(0 -0 1.273938e-18)
(0 -0 -4.065758e-19)
(0 -0 -1.273938e-18)
(0 -0 -8e-10)
(0 -0 -4e-10)
(0 -0 1.6e-09)
(0 -0 1.16e-08)
(0 -0 8.7334e-06)
(0 -0 0.004353879)
(0 -0 0.004790582)
(0 -0 9.612e-06)
(0 -0 1.36e-08)
(0 -0 -1.4e-09)
(0 -0 -8.673617e-19)
(0 -0 1.4e-09)
(0 -0 2e-10)
(0 -0 -8e-10)
(0 -0 -2e-10)
(0 -0 2e-10)
(0 -0 4e-10)
(0 -0 -1.246832e-18)
(0 -0 1.2e-09)
(0 -0 3.794708e-19)
(0 -0 4e-10)
(0 -0 1.6e-09)
(0 -0 -6e-10)
(0 -0 -1e-09)
(0 -0 -3.6e-10)
(0 -0 5.2e-10)
(0 -0 -8.4e-10)
(0 -0 -1.2e-10)
(0 -0 8e-10)
(0 -0 -6e-10)
(0 -0 -1e-09)
(0 -0 2e-10)
(0 -0 -1.2e-09)
(0 -0 -8e-10)
(0 -0 -2e-10)
(0 -0 4e-10)
(0 -0 -4e-10)
(0 -0 -2.168404e-18)
(0 -0 8e-10)
(0 -0 -6e-10)
(0 -0 -1e-09)
(0 -0 6e-10)
(0 -0 -2e-10)
(0 -0 1.26e-08)
(0 -0 9.617e-06)
(0 -0 0.004793608)
(0 -0 0.005266276)
(0 -0 1.05664e-05)
(0 -0 1.4e-08)
(0 -0 -4e-10)
(0 -0 6e-10)
(0 -0 6e-10)
(0 -0 -1e-09)
(0 -0 -2e-10)
(0 -0 1.4e-09)
(0 -0 -2e-10)
(0 -0 4e-10)
(0 -0 8e-10)
(0 -0 4e-10)
(0 -0 1.246832e-18)
(0 -0 -6e-10)
(0 -0 -4e-10)
(0 -0 4e-10)
(0 -0 -6e-10)
(0 -0 4.8e-10)
(0 -0 -1.44e-09)
(0 -0 -1.48e-09)
(0 -0 2.4e-10)
(0 -0 1e-09)
(0 -0 -2e-10)
(0 -0 1e-09)
(0 -0 -4.336809e-19)
(0 -0 1.8e-09)
(0 -0 4e-10)
(0 -0 2e-10)
(0 -0 4e-10)
(0 -0 1e-09)
(0 -0 6e-10)
(0 -0 -2e-10)
(0 -0 -3.388132e-18)
(0 -0 1e-09)
(0 -0 1e-09)
(0 -0 -6e-10)
(0 -0 1.44e-08)
(0 -0 1.05722e-05)
(0 -0 0.005269865)
(0 -0 0.005783293)
(0 -0 1.16044e-05)
(0 -0 1.62e-08)
(0 -0 -6e-10)
(0 -0 -1.2e-09)
(0 -0 6e-10)
(0 -0 8e-10)
(0 -0 -6e-10)
(0 -0 -2e-10)
(0 -0 0)
(0 -0 8e-10)
(0 -0 4e-10)
(0 -0 -1.8e-09)
(0 -0 4e-10)
(0 -0 -8e-10)
(0 -0 -1e-09)
(0 -0 4e-10)
(0 -0 -4e-10)
(0 -0 7.6e-10)
(0 -0 -1.2e-10)
(0 -0 1.04e-09)
(0 -0 1.2e-10)
(0 -0 -1.2e-09)
(0 -0 8e-10)
(0 -0 -2e-10)
(0 -0 -1.4e-09)
(0 -0 1.6e-09)
(0 -0 1.6e-09)
(0 -0 2e-10)
(0 -0 4e-10)
(0 -0 -4.336809e-19)
(0 -0 -6e-10)
(0 -0 -1.4e-09)
(0 -0 2e-10)
(0 -0 6e-10)
(0 -0 -6e-10)
(0 -0 2e-10)
(0 -0 1.68e-08)
(0 -0 1.16094e-05)
(0 -0 0.005787561)
(0 -0 0.00634735)
(0 -0 1.27356e-05)
(0 -0 1.6e-08)
(0 -0 4e-10)
(0 -0 4e-10)
(0 -0 2e-10)
(0 -0 6e-10)
(0 -0 2e-10)
(0 -0 -2e-09)
(0 -0 -1e-09)
(0 -0 -1e-09)
(0 -0 -1.4e-09)
(0 -0 -1e-09)
(0 -0 -4e-10)
(0 -0 2e-10)
(0 -0 2e-10)
(0 -0 -6e-10)
(0 -0 2e-10)
(0 -0 3.4e-10)
(0 -0 3.4e-10)
(0 -0 1.06e-09)
(0 -0 -1.4e-10)
(0 -0 -4e-10)
(0 -0 -1e-09)
(0 -0 2e-10)
(0 -0 -4e-10)
(0 -0 -2e-10)
(0 -0 -1e-09)
(0 -0 -2e-10)
(0 -0 6e-10)
(0 -0 -4e-10)
(0 -0 2.547875e-18)
(0 -0 8e-10)
(0 -0 -6e-10)
(0 -0 8e-10)
(0 -0 1.2e-09)
(0 -0 -2e-10)
(0 -0 1.64e-08)
(0 -0 1.27432e-05)
(0 -0 0.006352434)
(0 -0 0.006965223)
(0 -0 1.3974e-05)
(0 -0 1.8e-08)
(0 -0 2e-10)
(0 -0 -4e-10)
(0 -0 -6e-10)
(0 -0 1.6e-09)
(0 -0 2e-10)
(0 -0 -2e-09)
(0 -0 2e-09)
(0 -0 -1.2e-09)
(0 -0 -2e-10)
(0 -0 1.2e-09)
(0 -0 -8e-10)
(0 -0 -6e-10)
(0 -0 -6e-10)
(0 -0 -4e-10)
(0 -0 1e-09)
(0 -0 -6e-10)
(0 -0 -7e-10)
(0 -0 -4e-10)
(0 -0 3e-10)
(0 -0 4e-10)
(0 -0 2e-10)
(0 -0 4e-10)
(0 -0 1.2e-09)
(0 -0 -8e-10)
(0 -0 -1.8e-09)
(0 -0 -4.336809e-19)
(0 -0 -6e-10)
(0 -0 2e-09)
(0 -0 2e-09)
(0 -0 -8e-10)
(0 -0 1.4e-09)
(0 -0 -4e-10)
(0 -0 2e-10)
(0 -0 1.2e-09)
(0 -0 1.8e-08)
(0 -0 1.39818e-05)
(0 -0 0.0069713)
(0 -0 0.007645039)
(0 -0 1.53386e-05)
(0 -0 2.04e-08)
(0 -0 -6e-10)
(0 -0 -8e-10)
(0 -0 1.2e-09)
(0 -0 6e-10)
(0 -0 -2.547875e-18)
(0 -0 -1.734723e-18)
(0 -0 2e-09)
(0 -0 2e-09)
(0 -0 -4e-10)
(0 -0 1.6e-09)
(0 -0 6e-10)
(0 -0 -1.680513e-18)
(0 -0 2e-10)
(0 -0 -6e-10)
(0 -0 2e-10)
(0 -0 -1.7e-09)
(0 -0 -3.2e-10)
(0 -0 7e-10)
(0 -0 1.2e-10)
(0 -0 -1.517883e-18)
(0 -0 8e-10)
(0 -0 -2e-10)
(0 -0 -8e-10)
(0 -0 -6e-10)
(0 -0 -4e-10)
(0 -0 -1.2e-09)
(0 -0 -8.673617e-19)
(0 -0 0)
(0 -0 -2e-09)
(0 -0 -2e-09)
(0 -0 -1e-09)
(0 -0 2e-10)
(0 -0 1.2e-09)
(0 -0 -8e-10)
(0 -0 1.98e-08)
(0 -0 1.53496e-05)
(0 -0 0.007652326)
(0 -0 0.008396685)
(0 -0 1.68464e-05)
(0 -0 2.16e-08)
(0 -0 -2e-10)
(0 -0 1e-09)
(0 -0 -2e-10)
(0 -0 -2e-09)
(0 -0 0)
(0 -0 2e-09)
(0 -0 4.228388e-18)
(0 -0 0)
(0 -0 -6e-10)
(0 -0 2e-10)
(0 -0 6e-10)
(0 -0 1.2e-09)
(0 -0 1.4e-09)
(0 -0 -4e-10)
(0 -0 -8.673617e-19)
(0 -0 -2e-11)
(0 -0 6.8e-10)
(0 -0 1.02e-09)
(0 -0 -4.8e-10)
(0 -0 8e-10)
(0 -0 -6e-10)
(0 -0 -6e-10)
(0 -0 -6e-10)
(0 -0 -1e-09)
(0 -0 1.6e-09)
(0 -0 8e-10)
(0 -0 -2e-09)
(0 -0 -2e-09)
(0 -0 -8.673617e-19)
(0 -0 0)
(0 -0 -2e-09)
(0 -0 -1e-09)
(0 -0 1.8e-09)
(0 -0 -4e-10)
(0 -0 2.34e-08)
(0 -0 1.68606e-05)
(0 -0 0.008405456)
(0 -0 0.009232351)
(0 -0 1.85228e-05)
(0 -0 2.5e-08)
(0 -0 -6e-10)
(0 -0 -2.2e-09)
(0 -0 -8.673617e-19)
(0 -0 -8.673617e-19)
(0 -0 2e-09)
(0 -0 -1.626303e-18)
(0 -0 -2e-09)
(0 -0 -2e-09)
(0 -0 8.673617e-19)
(0 -0 -6e-10)
(0 -0 1.6e-09)
(0 -0 -4e-10)
(0 -0 4e-10)
(0 -0 2e-10)
(0 -0 2e-10)
(0 -0 1.42e-09)
(0 -0 1.34e-09)
(0 -0 -1.62e-09)
(0 -0 1.06e-09)
(0 -0 -1.4e-09)
(0 -0 2e-10)
(0 -0 -1.6e-09)
(0 -0 1e-09)
(0 -0 3.361027e-18)
(0 -0 2e-10)
(0 -0 0)
(0 -0 4.228388e-18)
(0 -0 -2.493665e-18)
(0 -0 3.361027e-18)
(0 -0 -2.602085e-18)
(0 -0 -2.493665e-18)
(0 -0 -8.131516e-19)
(0 -0 -4e-10)
(0 -0 8e-10)
(0 -0 2.64e-08)
(0 -0 1.85378e-05)
(0 -0 0.009242968)
(0 -0 0.01016732)
(0 -0 2.03982e-05)
(0 -0 2.66e-08)
(0 -0 -2e-10)
(0 -0 1.4e-09)
(0 -0 -2e-09)
(0 -0 1.734723e-18)
(0 -0 2e-09)
(0 -0 -1.626303e-18)
(0 -0 -2e-09)
(0 -0 -2e-09)
(0 -0 -2e-09)
(0 -0 -2e-10)
(0 -0 -4e-10)
(0 -0 -2e-10)
(0 -0 -6e-10)
(0 -0 -6e-10)
(0 -0 -6e-10)
(0 -0 8e-10)
(0 -0 -4e-11)
(0 -0 -4e-10)
(0 -0 1.64e-09)
(0 -0 4e-10)
(0 -0 2e-10)
(0 -0 1.4e-09)
(0 -0 -6e-10)
(0 -0 8e-10)
(0 -0 4e-10)
(0 -0 -4.228388e-18)
(0 -0 2.493665e-18)
(0 -0 -1.734723e-18)
(0 -0 5.854692e-18)
(0 -0 1.734723e-18)
(0 -0 -5.09575e-18)
(0 -0 -1.734723e-18)
(0 -0 -8e-10)
(0 -0 2e-10)
(0 -0 2.88e-08)
(0 -0 2.04174e-05)
(0 -0 0.01018025)
(0 -0 0.01122107)
(0 -0 2.25114e-05)
(0 -0 3.04e-08)
(0 -0 -1.4e-09)
(0 -0 -8.673617e-19)
(0 -0 -8.673617e-19)
(0 -0 -2e-09)
(0 -0 2.602085e-18)
(0 -0 2e-09)
(0 -0 -1.626303e-18)
(0 -0 2.493665e-18)
(0 -0 2.602085e-18)
(0 -0 8e-10)
(0 -0 -6e-10)
(0 -0 1.2e-09)
(0 -0 -1.301043e-18)
(0 -0 -2e-10)
(0 -0 -1.2e-09)
(0 -0 3.6e-10)
(0 -0 4e-11)
(0 -0 8.4e-10)
(0 -0 -4e-11)
(0 -0 1.8e-09)
(0 -0 -1e-09)
(0 -0 6e-10)
(0 -0 2e-10)
(0 -0 6e-10)
(0 -0 6e-10)
(0 -0 -1.734723e-18)
(0 -0 3.361027e-18)
(0 -0 -3.361027e-18)
(0 -0 -2e-09)
(0 -0 2e-09)
(0 -0 2e-09)
(0 -0 3.361027e-18)
(0 -0 2e-09)
(0 -0 -1.6e-09)
(0 -0 2.98e-08)
(0 -0 2.25352e-05)
(0 -0 0.01123693)
(0 -0 0.01241893)
(0 -0 2.4912e-05)
(0 -0 3.24e-08)
(0 -0 1.2e-09)
(0 -0 -7.589415e-19)
(0 -0 0)
(0 -0 1.734723e-18)
(0 -0 -4.228388e-18)
(0 -0 -1.734723e-18)
(0 -0 2e-09)
(0 -0 2e-09)
(0 -0 2e-09)
(0 -0 2e-09)
(0 -0 -1.2e-09)
(0 -0 2e-10)
(0 -0 8e-10)
(0 -0 8e-10)
(0 -0 8e-10)
(0 -0 -1.8e-10)
(0 -0 7e-10)
(0 -0 -2.2e-10)
(0 -0 -9e-10)
(0 -0 -8e-10)
(0 -0 -8.673617e-19)
(0 -0 -1.6e-09)
(0 -0 -2e-10)
(0 -0 -2e-10)
(0 -0 1.734723e-18)
(0 -0 -9.324139e-18)
(0 -0 -6.830474e-18)
(0 -0 -1.626303e-18)
(0 -0 -2e-09)
(0 -0 1.734723e-18)
(0 -0 2e-09)
(0 -0 -9.324139e-18)
(0 -0 2e-09)
(0 -0 1.4e-09)
(0 -0 3.32e-08)
(0 -0 2.49418e-05)
(0 -0 0.01243856)
(0 -0 0.01379456)
(0 -0 2.76706e-05)
(0 -0 3.44e-08)
(0 -0 -3.361027e-18)
(0 -0 4.228388e-18)
(0 -0 -2e-09)
(0 -0 2e-09)
(0 -0 1.626303e-18)
(0 -0 -3.361027e-18)
(0 -0 2e-09)
(0 -0 -3.469447e-18)
(0 -0 2e-09)
(0 -0 -2e-09)
(0 -0 -1.2e-09)
(0 -0 -2e-10)
(0 -0 4e-10)
(0 -0 1.4e-09)
(0 -0 6e-10)
(0 -0 -1.56e-09)
(0 -0 -8e-10)
(0 -0 -4e-11)
(0 -0 -1.6e-09)
(0 -0 -1e-09)
(0 -0 6e-10)
(0 -0 1.2e-09)
(0 -0 6.396793e-18)
(0 -0 2e-10)
(0 -0 2e-09)
(0 -0 8.456777e-18)
(0 -0 -2.602085e-18)
(0 -0 -2e-09)
(0 -0 3.361027e-18)
(0 -0 -2e-09)
(0 -0 -3.361027e-18)
(0 -0 2e-09)
(0 -0 2.493665e-18)
(0 -0 -8.673617e-19)
(0 -0 3.94e-08)
(0 -0 2.77088e-05)
(0 -0 0.01381913)
(0 -0 0.01539385)
(0 -0 3.08764e-05)
(0 -0 3.94e-08)
(0 -0 -3.361027e-18)
(0 -0 3.361027e-18)
(0 -0 -2e-09)
(0 -0 -2e-09)
(0 -0 2e-09)
(0 -0 3.469447e-18)
(0 -0 -2e-09)
(0 -0 -3.361027e-18)
(0 -0 -2e-09)
(0 -0 -8.673617e-19)
(0 -0 1e-09)
(0 -0 -8e-10)
(0 -0 -1.2e-09)
(0 -0 -4e-10)
(0 -0 -6e-10)
(0 -0 -9.6e-10)
(0 -0 -1.4e-10)
(0 -0 3.6e-10)
(0 -0 1.4e-10)
(0 -0 -4e-10)
(0 -0 8e-10)
(0 -0 1.2e-09)
(0 -0 -1.192622e-18)
(0 -0 -1e-09)
(0 -0 -2e-09)
(0 -0 8.673617e-19)
(0 -0 9.324139e-18)
(0 -0 0)
(0 -0 1.366095e-17)
(0 -0 2e-09)
(0 -0 -2e-09)
(0 -0 7.806256e-18)
(0 -0 1.105886e-17)
(0 -0 0)
(0 -0 4.46e-08)
(0 -0 3.09254e-05)
(0 -0 0.015425)
(0 -0 0.01728128)
(0 -0 3.46582e-05)
(0 -0 4.4e-08)
(0 -0 -2e-09)
(0 -0 -8.673617e-19)
(0 -0 -8.456777e-18)
(0 -0 1.734723e-18)
(0 -0 1.734723e-18)
(0 -0 -2e-09)
(0 -0 -2e-09)
(0 -0 2.385245e-18)
(0 -0 -3.469447e-18)
(0 -0 2e-09)
(0 -0 -1.2e-09)
(0 -0 2e-10)
(0 -0 -4e-10)
(0 -0 6e-10)
(0 -0 1e-09)
(0 -0 1.38e-09)
(0 -0 -5.8e-10)
(0 -0 2.2e-10)
(0 -0 1.78e-09)
(0 -0 8e-10)
(0 -0 -1e-09)
(0 -0 -8e-10)
(0 -0 4e-10)
(0 -0 1.6e-09)
(0 -0 -2e-09)
(0 -0 -6.830474e-18)
(0 -0 -1.734723e-18)
(0 -0 -3.469447e-18)
(0 -0 -2e-09)
(0 -0 2e-09)
(0 -0 2e-09)
(0 -0 2e-09)
(0 -0 -2e-09)
(0 -0 1.170938e-17)
(0 -0 5e-08)
(0 -0 3.47224e-05)
(0 -0 0.01732147)
(0 -0 0.01955084)
(0 -0 3.92042e-05)
(0 -0 4.8e-08)
(0 -0 2.602085e-18)
(0 -0 -2e-09)
(0 -0 -2e-09)
(0 -0 8.456777e-18)
(0 -0 6.722053e-18)
(0 -0 0)
(0 -0 2e-09)
(0 -0 3.252607e-18)
(0 -0 1.01915e-17)
(0 -0 1.626303e-18)
(0 -0 1.6e-09)
(0 -0 -8e-10)
(0 -0 1e-09)
(0 -0 1e-09)
(0 -0 2.385245e-18)
(0 -0 3.8e-10)
(0 -0 -4.4e-10)
(0 -0 -7.8e-10)
(0 -0 -5.6e-10)
(0 -0 2e-10)
(0 -0 -6e-10)
(0 -0 4e-10)
(0 -0 -1e-09)
(0 -0 1.6e-09)
(0 -0 2e-09)
(0 -0 2e-09)
(0 -0 3.469447e-18)
(0 -0 -3.469447e-18)
(0 -0 -2e-09)
(0 -0 8.456777e-18)
(0 -0 2e-09)
(0 -0 -5.20417e-18)
(0 -0 1.366095e-17)
(0 -0 -2e-09)
(0 -0 5.8e-08)
(0 -0 3.92898e-05)
(0 -0 0.01960379)
(0 -0 0.0223437)
(0 -0 4.47944e-05)
(0 -0 5e-08)
(0 -0 2e-09)
(0 -0 -2e-09)
(0 -0 4.98733e-18)
(0 -0 -5.20417e-18)
(0 -0 -6.938894e-18)
(0 -0 0)
(0 -0 1.734723e-18)
(0 -0 -9.324139e-18)
(0 -0 1.734723e-18)
(0 -0 -2e-09)
(0 -0 1.4e-09)
(0 -0 1e-09)
(0 -0 4e-10)
(0 -0 -1e-09)
(0 -0 -8e-10)
(0 -0 -5e-10)
(0 -0 1.04e-09)
(0 -0 -5e-10)
(0 -0 -4e-11)
(0 -0 -1.4e-09)
(0 -0 -2e-10)
(0 -0 -2e-10)
(0 -0 2e-10)
(0 -0 6e-10)
(0 -0 2e-09)
(0 -0 -1.279359e-17)
(0 -0 -6.938894e-18)
(0 -0 -2e-09)
(0 -0 -1.517883e-18)
(0 -0 8.456777e-18)
(0 -0 -2e-09)
(0 -0 -1.539567e-17)
(0 -0 -3.469447e-18)
(0 -0 -1.517883e-17)
(0 -0 7e-08)
(0 -0 4.49108e-05)
(0 -0 0.02241546)
(0 -0 0.02589817)
(0 -0 5.1904e-05)
(0 -0 4.2e-08)
(0 -0 4e-09)
(0 -0 -6.938894e-18)
(0 -0 2e-09)
(0 -0 -1.561251e-17)
(0 -0 -2e-09)
(0 -0 -2e-09)
(0 -0 -2e-09)
(0 -0 1.517883e-18)
(0 -0 2e-09)
(0 -0 -3.361027e-18)
(0 -0 -2e-09)
(0 -0 8e-10)
(0 -0 -6e-10)
(0 -0 4e-10)
(0 -0 4e-10)
(0 -0 1.56e-09)
(0 -0 2.4e-10)
(0 -0 4e-11)
(0 -0 7.6e-10)
(0 -0 -6e-10)
(0 -0 4e-10)
(0 -0 -8e-10)
(0 -0 8e-10)
(0 -0 -1.4e-09)
(0 -0 -1.734723e-18)
(0 -0 9.324139e-18)
(0 -0 -5.854692e-18)
(0 -0 -2e-09)
(0 -0 1.517883e-18)
(0 -0 -3.469447e-18)
(0 -0 -3.469447e-18)
(0 -0 8.239937e-18)
(0 -0 2e-09)
(0 -0 -6e-09)
(0 -0 9.8e-08)
(0 -0 5.2042e-05)
(0 -0 0.02599816)
(0 -0 0.03048322)
(0 -0 6.1226e-05)
(0 -0 1e-08)
(0 -0 2.6e-08)
(0 -0 -2e-09)
(0 -0 2e-09)
(0 -0 9.97466e-18)
(0 -0 -2e-09)
(0 -0 2e-09)
(0 -0 2e-09)
(0 -0 3.469447e-18)
(0 -0 3.469447e-18)
(0 -0 -6e-10)
(0 -0 4e-10)
(0 -0 -4e-10)
(0 -0 -1.6e-09)
(0 -0 -2e-10)
(0 -0 -2e-10)
(0 -0 1.6e-10)
(0 -0 -7.4e-10)
(0 -0 -1.6e-10)
(0 -0 -2.6e-10)
(0 -0 1.2e-09)
(0 -0 6e-10)
(0 -0 8e-10)
(0 -0 -8e-10)
(0 -0 -8e-10)
(0 -0 -1.4e-09)
(0 -0 4.98733e-18)
(0 -0 1.01915e-17)
(0 -0 -2e-09)
(0 -0 4.98733e-18)
(0 -0 1.214306e-17)
(0 -0 2e-09)
(0 -0 -2e-09)
(0 -0 2e-09)
(0 -0 -2.6e-08)
(0 -0 1.58e-07)
(0 -0 6.1318e-05)
(0 -0 0.03063437)
(0 -0 0.03742271)
(0 -0 7.4986e-05)
(0 -0 -2.2e-07)
(0 -0 7.2e-08)
(0 -0 -2.2e-08)
(0 -0 6.938894e-18)
(0 -0 2e-09)
(0 -0 3.469447e-18)
(0 -0 -3.469447e-18)
(0 -0 2e-09)
(0 -0 3.469447e-18)
(0 -0 6.722053e-18)
(0 -0 -2.2e-09)
(0 -0 6e-10)
(0 -0 -1.2e-09)
(0 -0 8e-10)
(0 -0 2e-10)
(0 -0 -1e-09)
(0 -0 -9e-10)
(0 -0 4.2e-10)
(0 -0 -1e-10)
(0 -0 7.8e-10)
(0 -0 2e-10)
(0 -0 -1e-09)
(0 -0 8e-10)
(0 -0 4e-10)
(0 -0 -8e-10)
(0 -0 1e-09)
(0 -0 2e-09)
(0 -0 -3.252607e-18)
(0 -0 -1.01915e-17)
(0 -0 3.469447e-18)
(0 -0 -2e-09)
(0 -0 -3.382711e-17)
(0 -0 2e-09)
(0 -0 2e-08)
(0 -0 -7.2e-08)
(0 -0 4.3e-07)
(0 -0 7.4378e-05)
(0 -0 0.03763239)
(0 -0 0.04388912)
(0 -0 9.3334e-05)
(0 -0 -3.08e-07)
(0 -0 5.98e-07)
(0 -0 3.8e-08)
(0 -0 2.4e-08)
(0 -0 4e-09)
(0 -0 -1.864828e-17)
(0 -0 0)
(0 -0 -4.98733e-18)
(0 -0 2e-09)
(0 -0 -1e-09)
(0 -0 -1.01915e-17)
(0 -0 -2e-10)
(0 -0 -1e-09)
(0 -0 -2.385245e-18)
(0 -0 4.065758e-18)
(0 -0 -4e-10)
(0 -0 -1.06e-09)
(0 -0 1e-10)
(0 -0 -5.4e-10)
(0 -0 -1.7e-09)
(0 -0 -1.8e-09)
(0 -0 -1e-09)
(0 -0 -1.4e-09)
(0 -0 2e-10)
(0 -0 -2e-10)
(0 -0 -2e-09)
(0 -0 -5.09575e-18)
(0 -0 9.324139e-18)
(0 -0 -4.336809e-18)
(0 -0 3.469447e-18)
(0 -0 -2e-09)
(0 -0 -6e-09)
(0 -0 -2.6e-08)
(0 -0 -4e-08)
(0 -0 -6.18e-07)
(0 -0 5.7e-07)
(0 -0 8.6338e-05)
(0 -0 0.0443022)
(0 -0 0.06696081)
(0 -0 0.000136622)
(0 -0 -6.128e-06)
(0 -0 -4.12e-07)
(0 -0 -8.46e-07)
(0 -0 -3.84e-07)
(0 -0 -3.48e-07)
(0 -0 -3.48e-07)
(0 -0 -3.62e-07)
(0 -0 -3.76e-07)
(0 -0 -3.86e-07)
(0 -0 -3.974e-07)
(0 -0 -3.998e-07)
(0 -0 -4.086e-07)
(0 -0 -4.116e-07)
(0 -0 -4.17e-07)
(0 -0 -4.198e-07)
(0 -0 -4.208e-07)
(0 -0 -4.2442e-07)
(0 -0 -4.283e-07)
(0 -0 -4.2918e-07)
(0 -0 -4.347e-07)
(0 -0 -4.35e-07)
(0 -0 -4.37e-07)
(0 -0 -4.416e-07)
(0 -0 -4.458e-07)
(0 -0 -4.504e-07)
(0 -0 -4.56e-07)
(0 -0 -4.622e-07)
(0 -0 -4.704e-07)
(0 -0 -4.84e-07)
(0 -0 -4.98e-07)
(0 -0 -5.14e-07)
(0 -0 -5.24e-07)
(0 -0 -4.94e-07)
(0 -0 -4.4e-08)
(0 -0 -5.66e-07)
(0 -0 5.276e-06)
(0 -0 0.000124422)
(0 -0 0.06752342)
(0 -0 0.0701891)
(0 -0 0.00027455)
(0 -0 -7.7146e-05)
(0 -0 -0.0001899)
(0 -0 -0.000242174)
(0 -0 -0.00027004)
(0 -0 -0.000285772)
(0 -0 -0.000295234)
(0 -0 -0.00030132)
(0 -0 -0.0003054666)
(0 -0 -0.0003084382)
(0 -0 -0.000310659)
(0 -0 -0.0003123828)
(0 -0 -0.0003137624)
(0 -0 -0.0003148984)
(0 -0 -0.0003158648)
(0 -0 -0.0003167072)
(0 -0 -0.0003174617)
(0 -0 -0.0003181608)
(0 -0 -0.0003188259)
(0 -0 -0.0003194813)
(0 -0 -0.0003201466)
(0 -0 -0.0003208447)
(0 -0 -0.000321597)
(0 -0 -0.0003224354)
(0 -0 -0.0003233952)
(0 -0 -0.000324527)
(0 -0 -0.0003258946)
(0 -0 -0.0003276048)
(0 -0 -0.0003298062)
(0 -0 -0.0003327494)
(0 -0 -0.000336856)
(0 -0 -0.000342894)
(0 -0 -0.000352318)
(0 -0 -0.000368034)
(0 -0 -0.000396156)
(0 -0 -0.0004486)
(0 -0 -0.000563242)
(0 -0 -0.000634538)
(0 -0 0.0695468)
(0 -0 0.003769844)
(0 -0 -0.1583026)
(0 -0 -0.1584199)
(0 -0 -0.1588954)
(0 -0 -0.1588874)
(0 -0 -0.1589737)
(0 -0 -0.1590054)
(0 -0 -0.1590259)
(0 -0 -0.1590383)
(0 -0 -0.1590462)
(0 -0 -0.1590516)
(0 -0 -0.1590555)
(0 -0 -0.1590584)
(0 -0 -0.1590607)
(0 -0 -0.1590627)
(0 -0 -0.1590644)
(0 -0 -0.1590661)
(0 -0 -0.1590677)
(0 -0 -0.1590694)
(0 -0 -0.1590712)
(0 -0 -0.1590732)
(0 -0 -0.1590754)
(0 -0 -0.1590778)
(0 -0 -0.1590807)
(0 -0 -0.1590841)
(0 -0 -0.1590881)
(0 -0 -0.1590929)
(0 -0 -0.1590988)
(0 -0 -0.1591063)
(0 -0 -0.1591158)
(0 -0 -0.1591283)
(0 -0 -0.1591455)
(0 -0 -0.1591701)
(0 -0 -0.1592075)
(0 -0 -0.1592627)
(0 -0 -0.1593852)
(0 -0 -0.1594458)
(0 -0 -0.159951)
(0 -0 -0.1597849)
(0 -0 0.004233512)
(0 -0 -39.8406)
(0 -0 -40.00579)
(0 -0 -39.91231)
(0 -0 -39.90821)
(0 -0 -39.88874)
(0 -0 -39.88039)
(0 -0 -39.87423)
(0 -0 -39.86993)
(0 -0 -39.86679)
(0 -0 -39.86442)
(0 -0 -39.86258)
(0 -0 -39.86113)
(0 -0 -39.85998)
(0 -0 -39.85906)
(0 -0 -39.85833)
(0 -0 -39.85776)
(0 -0 -39.85733)
(0 -0 -39.85701)
(0 -0 -39.85681)
(0 -0 -39.8567)
(0 -0 -39.8567)
(0 -0 -39.8568)
(0 -0 -39.85699)
(0 -0 -39.8573)
(0 -0 -39.85772)
(0 -0 -39.85828)
(0 -0 -39.859)
(0 -0 -39.8599)
(0 -0 -39.86103)
(0 -0 -39.86246)
(0 -0 -39.86427)
(0 -0 -39.8666)
(0 -0 -39.86969)
(0 -0 -39.87391)
(0 -0 -39.88)
(0 -0 -39.88806)
(0 -0 -39.90779)
(0 -0 -39.91103)
(0 -0 -40.00543)
(0 -0 -39.83961)
)
;

boundaryField
{
    movingWall
    {
        type            calculated;
        value           nonuniform List<vector> 
40
(
(0 -0 -79.55078)
(0 -0 -79.74861)
(0 -0 -79.51993)
(0 -0 -79.50902)
(0 -0 -79.46413)
(0 -0 -79.44548)
(0 -0 -79.43214)
(0 -0 -79.42306)
(0 -0 -79.41652)
(0 -0 -79.41163)
(0 -0 -79.40787)
(0 -0 -79.40492)
(0 -0 -79.40258)
(0 -0 -79.40072)
(0 -0 -79.39925)
(0 -0 -79.39809)
(0 -0 -79.39721)
(0 -0 -79.39658)
(0 -0 -79.39616)
(0 -0 -79.39595)
(0 -0 -79.39594)
(0 -0 -79.39613)
(0 -0 -79.39653)
(0 -0 -79.39714)
(0 -0 -79.39799)
(0 -0 -79.39912)
(0 -0 -79.40056)
(0 -0 -79.40237)
(0 -0 -79.40466)
(0 -0 -79.40754)
(0 -0 -79.41122)
(0 -0 -79.416)
(0 -0 -79.42239)
(0 -0 -79.43127)
(0 -0 -79.44444)
(0 -0 -79.46236)
(0 -0 -79.50794)
(0 -0 -79.51661)
(0 -0 -79.74761)
(0 -0 -79.54862)
)
;
    }
    fixedWalls
    {
        type            calculated;
        value           nonuniform List<vector> 
120
(
(0 -0 0.0003254079)
(0 -0 0.0006531997)
(0 -0 0.001094246)
(0 -0 0.001542535)
(0 -0 0.002000834)
(0 -0 0.002472154)
(0 -0 0.002959629)
(0 -0 0.003466545)
(0 -0 0.003996376)
(0 -0 0.004552825)
(0 -0 0.005139874)
(0 -0 0.005761841)
(0 -0 0.00642345)
(0 -0 0.00712991)
(0 -0 0.007887026)
(0 -0 0.008701315)
(0 -0 0.00958019)
(0 -0 0.01053212)
(0 -0 0.01156695)
(0 -0 0.01269622)
(0 -0 0.01393358)
(0 -0 0.01529548)
(0 -0 0.01680193)
(0 -0 0.01847767)
(0 -0 0.0203538)
(0 -0 0.02247008)
(0 -0 0.02487842)
(0 -0 0.02764822)
(0 -0 0.03087483)
(0 -0 0.03469382)
(0 -0 0.03930591)
(0 -0 0.04501863)
(0 -0 0.05236769)
(0 -0 0.06196291)
(0 -0 0.0769777)
(0 -0 0.09095649)
(0 -0 0.1441494)
(0 -0 0.1516767)
(0 -0 0.2179763)
(0 -0 -39.65461)
(0 -0 0.0003255093)
(0 -0 0.0006534047)
(0 -0 0.001094594)
(0 -0 0.001543035)
(0 -0 0.002001497)
(0 -0 0.002472999)
(0 -0 0.002960677)
(0 -0 0.003467823)
(0 -0 0.003997917)
(0 -0 0.00455467)
(0 -0 0.005142073)
(0 -0 0.005764453)
(0 -0 0.006426545)
(0 -0 0.007133575)
(0 -0 0.007891365)
(0 -0 0.008706457)
(0 -0 0.009586276)
(0 -0 0.01053935)
(0 -0 0.01157555)
(0 -0 0.01270646)
(0 -0 0.01394583)
(0 -0 0.01531017)
(0 -0 0.01681963)
(0 -0 0.01849912)
(0 -0 0.02037994)
(0 -0 0.02250219)
(0 -0 0.02491823)
(0 -0 0.02769814)
(0 -0 0.03093836)
(0 -0 0.03477614)
(0 -0 0.0394151)
(0 -0 0.04516811)
(0 -0 0.05257891)
(0 -0 0.06228992)
(0 -0 0.07743891)
(0 -0 0.09191697)
(0 -0 0.1454195)
(0 -0 0.1531066)
(0 -0 0.2210376)
(0 -0 -39.65432)
(0 -0 0.0003247766)
(0 -0 0.0006486672)
(0 -0 0.001077318)
(0 -0 0.001499209)
(0 -0 0.001911464)
(0 -0 0.002311464)
(0 -0 0.002696694)
(0 -0 0.003064764)
(0 -0 0.003413411)
(0 -0 0.003740529)
(0 -0 0.004044166)
(0 -0 0.00432254)
(0 -0 0.00457404)
(0 -0 0.004797236)
(0 -0 0.004990873)
(0 -0 0.005153882)
(0 -0 0.005285368)
(0 -0 0.005384622)
(0 -0 0.00545111)
(0 -0 0.005484475)
(0 -0 0.005484541)
(0 -0 0.005451304)
(0 -0 0.005384942)
(0 -0 0.005285807)
(0 -0 0.005154426)
(0 -0 0.004991512)
(0 -0 0.004797953)
(0 -0 0.004574818)
(0 -0 0.00432336)
(0 -0 0.004045009)
(0 -0 0.003741373)
(0 -0 0.003414236)
(0 -0 0.003065548)
(0 -0 0.00269742)
(0 -0 0.002312111)
(0 -0 0.001912018)
(0 -0 0.001499656)
(0 -0 0.001077645)
(0 -0 0.0006488666)
(0 -0 0.0003248772)
)
;
    }
    frontAndBack
    {
        type            empty;
    }
}


// ************************************************************************* //
