/*--------------------------------*- C++ -*----------------------------------*\
| =========                 |                                                 |
| \\      /  F ield         | OpenFOAM: The Open Source CFD Toolbox           |
|  \\    /   O peration     | Version:  2412                                  |
|   \\  /    A nd           | Website:  www.openfoam.com                      |
|    \\/     M anipulation  |                                                 |
\*---------------------------------------------------------------------------*/
FoamFile
{
    version     2.0;
    format      ascii;
    arch        "LSB;label=32;scalar=64";
    class       volScalarField;
    location    "0.2";
    object      p;
}
// * * * * * * * * * * * * * * * * * * * * * * * * * * * * * * * * * * * * * //

dimensions      [0 2 -2 0 0 0 0];

internalField   nonuniform List<scalar> 
1600
(
4.289446e-14
5.414175e-07
1.624576e-06
3.242303e-06
5.384182e-06
8.036442e-06
1.118209e-05
1.480105e-05
1.887032e-05
2.336415e-05
2.825426e-05
3.351e-05
3.909862e-05
4.498545e-05
5.113415e-05
5.75069e-05
6.406467e-05
7.076744e-05
7.757437e-05
8.44441e-05
9.133492e-05
9.8205e-05
0.0001050126
0.0001117164
0.0001182755
0.0001246499
0.0001308004
0.0001366892
0.00014228
0.000147538
0.0001524304
0.0001569265
0.0001609979
0.0001646189
0.0001677664
0.0001704203
0.0001725636
0.0001741823
0.0001752662
0.000175808
-5.409104e-07
3.977946e-09
1.094074e-06
2.722143e-06
4.877678e-06
7.546796e-06
1.071236e-05
1.435414e-05
1.844895e-05
2.297086e-05
2.789136e-05
3.317961e-05
3.880263e-05
4.472554e-05
5.091175e-05
5.732324e-05
6.392076e-05
7.066404e-05
7.751204e-05
8.442317e-05
9.13555e-05
9.826699e-05
0.0001051157
0.00011186
0.0001184589
0.000124872
0.0001310601
0.0001369851
0.0001426103
0.0001479008
0.0001528237
0.0001573479
0.0001614449
0.0001650888
0.0001682563
0.000170927
0.000173084
0.0001747131
0.0001758039
0.0001763492
-1.630262e-06
-1.078375e-06
2.570879e-08
1.674628e-06
3.857697e-06
6.560796e-06
9.766511e-06
1.345428e-05
1.760056e-05
2.217902e-05
2.716076e-05
3.251449e-05
3.82068e-05
4.420235e-05
5.04641e-05
5.695359e-05
6.36311e-05
7.045592e-05
7.738658e-05
8.438103e-05
9.139692e-05
9.839175e-05
0.0001053231
0.0001121491
0.000118828
0.0001253192
0.0001315829
0.0001375806
0.0001432752
0.0001486313
0.0001536155
0.0001581963
0.0001623449
0.0001660349
0.0001692426
0.0001719474
0.0001741319
0.000175782
0.0001768868
0.0001774391
-3.274798e-06
-2.712325e-06
-1.587086e-06
9.336536e-08
2.318067e-06
5.072543e-06
8.338947e-06
1.209622e-05
1.632027e-05
2.098418e-05
2.60584e-05
3.151101e-05
3.730791e-05
4.34131e-05
4.978885e-05
5.639601e-05
6.31942e-05
7.014203e-05
7.719736e-05
8.431748e-05
9.145938e-05
9.85799e-05
0.000105636
0.000112585
0.0001193847
0.0001259937
0.0001323715
0.000138479
0.0001442783
0.0001497335
0.0001548103
0.0001594767
0.0001637033
0.0001674629
0.0001707314
0.0001734877
0.0001757139
0.0001773956
0.0001785216
0.0001790845
-5.485178e-06
-4.908437e-06
-3.754688e-06
-2.031748e-06
2.490442e-07
3.072722e-06
6.420851e-06
1.027169e-05
1.460041e-05
1.937927e-05
2.457788e-05
3.016343e-05
3.610092e-05
4.235342e-05
4.888231e-05
5.564751e-05
6.260773e-05
6.97207e-05
7.694337e-05
8.423217e-05
9.154319e-05
9.883242e-05
0.0001060559
0.0001131702
0.000120132
0.0001268992
0.0001334303
0.0001396852
0.0001456254
0.0001512137
0.0001564151
0.0001611967
0.0001655281
0.0001693815
0.0001727319
0.0001755576
0.0001778401
0.0001795643
0.0001807189
0.0001812961
-8.275748e-06
-7.68093e-06
-6.49106e-06
-4.714298e-06
-2.362471e-06
5.488213e-07
4.000383e-06
7.969608e-06
1.243069e-05
1.735487e-05
2.271065e-05
2.846411e-05
3.457909e-05
4.101751e-05
4.773958e-05
5.470408e-05
6.186859e-05
6.918971e-05
7.662329e-05
8.412464e-05
9.164879e-05
9.915062e-05
0.0001065851
0.0001139076
0.0001210739
0.0001280405
0.0001347651
0.0001412062
0.0001473241
0.0001530805
0.0001584394
0.0001633666
0.0001678307
0.0001718027
0.0001752567
0.0001781702
0.0001805239
0.0001823021
0.0001834929
0.0001840883
-1.166469e-05
-1.104781e-05
-9.813883e-06
-7.971479e-06
-5.533045e-06
-2.514968e-06
1.062606e-06
5.175983e-06
9.798166e-06
1.489911e-05
2.044598e-05
2.640345e-05
3.273398e-05
3.939807e-05
4.635452e-05
5.356074e-05
6.097291e-05
6.85463e-05
7.623544e-05
8.399433e-05
9.177669e-05
9.95361e-05
0.0001072263
0.0001148012
0.0001222153
0.0001294239
0.0001363831
0.0001430502
0.0001493839
0.0001553447
0.000160895
0.0001659994
0.0001706248
0.0001747413
0.0001783217
0.0001813422
0.0001837827
0.0001856267
0.0001868617
0.0001874792
-1.567418e-05
-1.503106e-05
-1.374471e-05
-1.182424e-05
-9.282833e-06
-6.137856e-06
-2.410614e-06
1.873879e-06
6.687172e-06
1.199767e-05
1.777091e-05
2.396993e-05
3.055548e-05
3.748638e-05
4.471981e-05
5.22115e-05
5.991607e-05
6.778719e-05
7.577785e-05
8.384056e-05
9.19275e-05
9.999079e-05
0.0001079826
0.0001158554
0.0001235622
0.0001310565
0.000138293
0.0001452273
0.0001518164
0.0001580192
0.0001637963
0.0001691106
0.0001739276
0.0001782156
0.000181946
0.0001850938
0.0001876375
0.0001895598
0.0001908473
0.0001914911
-2.03306e-05
-1.96568e-05
-1.830916e-05
-1.629744e-05
-1.363574e-05
-1.03426e-05
-6.440713e-06
-1.956693e-06
3.079267e-06
8.633719e-06
1.467029e-05
2.115004e-05
2.803175e-05
3.52723e-05
4.282691e-05
5.064946e-05
5.869271e-05
6.690856e-05
7.524824e-05
8.366254e-05
9.210196e-05
0.0001005169
0.0001088579
0.0001170756
0.0001251214
0.0001329469
0.000140505
0.0001477493
0.0001546351
0.0001611191
0.0001671601
0.0001727188
0.000177759
0.000182247
0.0001861525
0.0001894488
0.0001921131
0.0001941269
0.0001954759
0.0001961504
-2.566481e-05
-2.495557e-05
-2.353715e-05
-2.142011e-05
-1.861962e-05
-1.515564e-05
-1.105256e-05
-6.338871e-06
-1.04684e-06
4.787893e-06
1.11267e-05
1.792833e-05
2.514931e-05
3.274424e-05
4.066614e-05
4.886676e-05
5.729678e-05
6.59061e-05
7.464401e-05
8.345938e-05
9.230086e-05
0.000101117
0.0001098563
0.0001184678
0.0001269007
0.0001351047
0.0001430305
0.0001506297
0.0001578554
0.0001646619
0.0001710056
0.0001768453
0.0001821421
0.0001868603
0.0001909676
0.0001944352
0.0001972387
0.0001993581
0.0002007781
0.0002014882
-3.171244e-05
-3.096262e-05
-2.94632e-05
-2.722565e-05
-2.426649e-05
-2.060734e-05
-1.627461e-05
-1.129905e-05
-5.715367e-06
4.382247e-07
7.120456e-06
1.428743e-05
2.189302e-05
2.988927e-05
3.822671e-05
4.685468e-05
5.572157e-05
6.477506e-05
7.39623e-05
8.323011e-05
9.252508e-05
0.0001017937
0.0001109827
0.0001200386
0.0001289087
0.0001375405
0.0001458824
0.0001538836
0.0001614945
0.0001686671
0.000175355
0.0001815142
0.0001871034
0.0001920842
0.0001964217
0.000200085
0.0002030477
0.000205288
0.0002067892
0.00020754
-3.85143e-05
-3.77183e-05
-3.612674e-05
-3.37522e-05
-3.061278e-05
-2.673215e-05
-2.213907e-05
-1.6867e-05
-1.095353e-05
-4.439869e-06
2.629632e-06
1.020801e-05
1.824614e-05
2.669315e-05
3.549677e-05
4.460368e-05
5.395974e-05
6.351023e-05
7.320001e-05
8.297366e-05
9.27756e-05
0.0001025502
0.0001122419
0.0001217952
0.0001311549
0.0001402662
0.0001490749
0.0001575276
0.0001655718
0.0001731566
0.0001802327
0.0001867529
0.0001926727
0.0001979508
0.0002025494
0.0002064349
0.0002095784
0.0002119561
0.0002135498
0.0002143469
-4.611678e-05
-4.526847e-05
-4.357254e-05
-4.104295e-05
-3.76997e-05
-3.356887e-05
-2.868211e-05
-2.307602e-05
-1.679161e-05
-9.873614e-06
-2.369942e-06
5.668921e-06
1.419042e-05
2.314041e-05
3.246352e-05
4.210349e-05
5.200345e-05
6.210608e-05
7.23538e-05
8.268886e-05
9.305341e-05
0.0001033896
0.0001136395
0.0001237453
0.0001336494
0.0001432945
0.0001526234
0.0001615799
0.0001701084
0.0001781547
0.0001856659
0.0001925914
0.0001988832
0.0002044963
0.0002093895
0.000213526
0.000216874
0.0002194072
0.0002211057
0.0002219553
-5.457246e-05
-5.366503e-05
-5.185122e-05
-4.914661e-05
-4.557354e-05
-4.116099e-05
-3.594402e-05
-2.996303e-05
-2.326303e-05
-1.589288e-05
-7.904622e-06
6.472159e-07
9.706204e-06
1.921451e-05
2.911334e-05
3.934325e-05
4.98444e-05
6.055676e-05
7.14202e-05
8.237453e-05
9.335959e-05
0.0001043152
0.0001151811
0.0001258971
0.000136403
0.0001466387
0.0001565443
0.0001660601
0.0001751271
0.0001836875
0.0001916845
0.0001990634
0.000205772
0.0002117611
0.0002169856
0.0002214047
0.0002249834
0.0002276923
0.0002295091
0.000230418
-6.394075e-05
-6.296659e-05
-6.101978e-05
-5.811792e-05
-5.428613e-05
-4.955694e-05
-4.396951e-05
-3.756873e-05
-3.040438e-05
-2.253014e-05
-1.400286e-05
-4.881672e-06
4.772583e-06
1.489799e-05
2.543196e-05
3.631163e-05
4.747403e-05
5.885627e-05
7.03956e-05
8.202941e-05
9.369518e-05
0.0001053304
0.0001168726
0.000128259
0.0001394269
0.0001503132
0.0001608549
0.0001709889
0.0001806525
0.0001897835
0.0001983209
0.0002062054
0.0002133797
0.00021979
0.0002253862
0.0002301231
0.0002339614
0.0002368684
0.0002388187
0.0002397946
-7.428868e-05
-7.323919e-05
-7.114236e-05
-6.801823e-05
-6.389533e-05
-5.881051e-05
-5.280788e-05
-4.593772e-05
-3.825544e-05
-2.982041e-05
-2.069503e-05
-1.094375e-05
-6.323435e-07
1.01727e-05
2.140471e-05
3.29971e-05
4.488365e-05
5.699855e-05
6.927642e-05
8.165226e-05
9.406126e-05
0.0001064387
0.0001187198
0.0001308395
0.0001427323
0.0001543323
0.0001655732
0.0001763881
0.0001867103
0.000196473
0.0002056101
0.000214057
0.0002217509
0.0002286322
0.0002346451
0.0002397391
0.0002438697
0.0002469998
0.0002491008
0.0002501524
-8.569189e-05
-8.455729e-05
-8.229103e-05
-7.891621e-05
-7.446559e-05
-6.898124e-05
-6.25133e-05
-5.511857e-05
-4.685914e-05
-3.780109e-05
-2.801324e-05
-1.756615e-05
-6.53117e-06
5.020191e-06
1.701679e-05
2.938816e-05
4.206469e-05
5.497766e-05
6.805914e-05
8.124183e-05
9.445883e-05
0.0001076434
0.0001207285
0.000133647
0.0001463306
0.0001587107
0.0001707175
0.0001822802
0.0001933276
0.0002037879
0.0002135894
0.0002226613
0.0002309344
0.0002383421
0.0002448222
0.0002503173
0.000254777
0.000258159
0.0002604301
0.0002615672
-9.823586e-05
-9.700483e-05
-9.454684e-05
-9.088876e-05
-8.606858e-05
-8.013487e-05
-7.314509e-05
-6.516392e-05
-5.626147e-05
-4.651171e-05
-3.599098e-05
-2.477678e-05
-1.294675e-05
-5.779366e-07
1.225373e-05
2.547373e-05
3.900902e-05
5.278804e-05
6.674047e-05
8.079697e-05
9.488879e-05
0.0001089474
0.000122904
0.0001366892
0.0001502327
0.0001634626
0.0001763059
0.0001886878
0.0002005322
0.0002117616
0.0002222983
0.0002320641
0.0002409825
0.0002489791
0.0002559831
0.0002619296
0.0002667606
0.0002704271
0.000272891
0.000274125
-0.0001120173
-0.0001106767
-0.000108001
-0.000104022
-9.878401e-05
-9.234381e-05
-8.476788e-05
-7.613043e-05
-6.651124e-05
-5.599361e-05
-4.466263e-05
-3.260375e-05
-1.990165e-05
-6.639425e-06
7.101888e-06
2.124358e-05
3.570927e-05
5.042472e-05
6.531752e-05
8.031665e-05
9.53519e-05
0.0001103534
0.0001252509
0.0001399734
0.0001544484
0.0001686014
0.000182356
0.0001956332
0.0002083518
0.0002204284
0.0002317778
0.0002423143
0.0002519522
0.0002606077
0.0002682006
0.0002746559
0.0002799068
0.000283896
0.0002865786
0.0002879228
-0.0001271462
-0.0001256805
-0.0001227566
-0.0001184123
-0.0001127005
-0.0001056877
-9.745184e-05
-8.807873e-05
-7.765978e-05
-6.628937e-05
-5.406281e-05
-4.107463e-05
-2.741735e-05
-1.318065e-05
1.549079e-06
1.668893e-05
3.215934e-05
4.788372e-05
6.378801e-05
7.980002e-05
9.584869e-05
0.0001118634
0.000127773
0.0001435053
0.0001589862
0.0001741389
0.0001888838
0.0002031377
0.000216814
0.0002298226
0.0002420706
0.000253463
0.0002639039
0.0002732983
0.0002815543
0.0002885851
0.0002943124
0.0002986688
0.0003016011
0.0003030711
-0.0001437478
-0.0001421385
-0.0001389301
-0.0001341683
-0.0001279164
-0.000120254
-0.0001112728
-0.0001010731
-8.976034e-05
-7.744209e-05
-6.422552e-05
-5.021553e-05
-3.551335e-05
-2.021572e-05
-4.414551e-06
1.180316e-05
2.835495e-05
4.516244e-05
6.215051e-05
7.924653e-05
9.637938e-05
0.0001134784
0.0001304725
0.0001472889
0.0001638525
0.0001800847
0.0001959031
0.0002112203
0.0002259443
0.0002399778
0.0002532193
0.0002655632
0.0002769018
0.0002871268
0.0002961319
0.0003038159
0.0003100863
0.0003148628
0.0003180814
0.0003196959
-0.0001619659
-0.0001601906
-0.000156654
-0.0001514119
-0.0001445414
-0.0001361385
-0.0001263123
-0.0001151811
-0.0001028673
-8.949425e-05
-7.518288e-05
-6.004982e-05
-4.420587e-05
-2.775529e-05
-1.079551e-05
6.582636e-06
2.429436e-05
4.226014e-05
6.040474e-05
7.865602e-05
9.694377e-05
0.0001151984
0.0001333496
0.0001513254
0.0001690503
0.0001864448
0.0002034241
0.0002198969
0.0002357658
0.000250926
0.0002652662
0.0002786693
0.0002910134
0.0003021746
0.0003120292
0.0003204582
0.000327351
0.000332611
0.00033616
0.0003379417
-0.0001819667
-0.0001799979
-0.0001760794
-0.0001702809
-0.0001626973
-0.0001534455
-0.0001426572
-0.0001304726
-0.000117035
-0.0001024863
-8.696352e-05
-7.059645e-05
-5.350632e-05
-3.580513e-05
-1.759574e-05
1.027737e-06
1.997901e-05
3.917849e-05
5.855188e-05
7.802879e-05
9.754118e-05
0.0001170218
0.0001364025
0.000155613
0.000174579
0.0001932208
0.000211452
0.0002291784
0.0002462969
0.0002626951
0.0002782513
0.000292835
0.0003063084
0.0003185286
0.000329351
0.0003386341
0.000346245
0.0003520653
0.000355999
0.0003579757
-0.0002039433
-0.0002017467
-0.0001973801
-0.0001909314
-0.0001825195
-0.0001722887
-0.0001603991
-0.0001470186
-0.0001323158
-0.0001164546
-9.959044e-05
-8.18679e-05
-6.34193e-05
-4.436453e-05
-2.481129e-05
-4.856044e-06
1.541458e-05
3.592221e-05
5.6595e-05
7.73658e-05
9.817028e-05
0.0001189451
0.0001396259
0.0001601457
0.0001804325
0.000200408
0.0002199856
0.0002390687
0.0002575495
0.0002753076
0.0002922104
0.0003081124
0.0003228574
0.0003362803
0.0003482109
0.0003584797
0.0003669249
0.0003734005
0.000377786
0.0003799924
-0.0002281229
-0.000225655
-0.0002207567
-0.000213541
-0.000204159
-0.0001927909
-0.0001796336
-0.0001648894
-0.0001487577
-0.0001314285
-0.0001130782
-9.386752e-05
-7.394048e-05
-5.34243e-05
-3.243051e-05
-1.105662e-05
1.061198e-05
3.249989e-05
5.45395e-05
7.666875e-05
9.882897e-05
0.0001209626
0.0001430109
0.0001649119
0.0001865982
0.0002079944
0.0002290151
0.0002495629
0.0002695261
0.0002887773
0.000307172
0.0003245488
0.0003407303
0.0003555249
0.0003687316
0.0003801461
0.0003895691
0.0003968183
0.0004017402
0.0004042204
-0.0002547753
-0.0002519798
-0.0002464426
-0.000238312
-0.0002277828
-0.0002150834
-0.0002004577
-0.0001841514
-0.0001664009
-0.0001474268
-0.0001274293
-0.0001065865
-8.505366e-05
-6.29642e-05
-4.043201e-05
-1.755371e-05
5.588649e-06
2.89248e-05
5.239361e-05
7.594035e-05
9.951418e-05
0.0001230655
0.0001465436
0.0001698939
0.0001930552
0.0002159577
0.0002385194
0.0002606438
0.0002822171
0.0003031058
0.0003231541
0.0003421835
0.0003599924
0.000376359
0.0003910445
0.0004038008
0.0004143809
0.0004225535
0.0004281207
0.0004309317
-0.000284225
-0.0002810276
-0.0002747117
-0.0002654758
-0.000253576
-0.0002393046
-0.000222967
-0.0002048625
-0.0001852726
-0.000164453
-0.0001426303
-0.0001199999
-9.672726e-05
-7.295017e-05
-4.87824e-05
-2.431708e-05
3.697804e-07
2.521579e-05
5.016892e-05
7.518441e-05
0.0001002218
0.0001252421
0.000150205
0.0001750658
0.0001997728
0.000224264
0.0002484636
0.0002722788
0.0002955963
0.000318278
0.0003401586
0.0003610421
0.0003807009
0.0003988773
0.0004152876
0.0004296291
0.0004415928
0.0004508819
0.0004572362
0.0004604539
-0.0003168689
-0.0003131681
-0.0003058874
-0.0002952977
-0.0002817411
-0.0002655971
-0.0002472499
-0.0002270661
-0.0002053802
-0.0001824888
-0.0001586454
-0.0001340615
-0.0001089103
-8.333101e-05
-5.743377e-05
-3.130467e-05
-5.01027e-06
2.139819e-05
4.788092e-05
7.440606e-05
0.0001009464
0.0001274765
0.0001539692
0.0001803929
0.0002067083
0.0002328645
0.0002587955
0.0002844159
0.000309616
0.0003342569
0.0003581657
0.0003811306
0.000402897
0.0004231668
0.0004416025
0.0004578337
0.000471471
0.0004821291
0.00048946
0.0004931875
-0.0003532005
-0.0003488536
-0.000340355
-0.0003280809
-0.0003124972
-0.0002941011
-0.0002733795
-0.0002507808
-0.0002267034
-0.0002014866
-0.00017541
-0.0001486982
-0.000121528
-9.403495e-05
-6.632102e-05
-3.846065e-05
-1.050667e-05
1.75047e-05
4.554945e-05
7.361192e-05
0.0001016814
0.0001297487
0.0001578034
0.0001858301
0.0002138053
0.0002416934
0.0002694425
0.0002969788
0.0003242015
0.0003509756
0.0003771253
0.0004024258
0.0004265971
0.0004492984
0.0004701281
0.000488633
0.0005043198
0.0005166832
0.0005252485
0.0005296314
-0.0003938473
-0.0003886445
-0.0003785769
-0.0003641704
-0.0003460743
-0.000324945
-0.0003013997
-0.0002759888
-0.0002491811
-0.0002213583
-0.0001928217
-0.0001638033
-0.0001344762
-0.0001049659
-7.535931e-05
-4.571365e-05
-1.606291e-05
1.357613e-05
4.319916e-05
7.281024e-05
0.0001024183
0.0001320341
0.0001616666
0.0001913205
0.000220992
0.0002506652
0.0002803072
0.0003098621
0.0003392443
0.0003683297
0.0003969464
0.0004248636
0.0004517798
0.0004773126
0.0005009898
0.0005222558
0.0005404849
0.0005550096
0.0005651676
0.0005704207
-0.0004396275
-0.0004332438
-0.0004211108
-0.0004039535
-0.0003827028
-0.000358226
-0.000331307
-0.0003026174
-0.0002726965
-0.0002419629
-0.000210731
-0.0001792292
-0.000147617
-0.0001159998
-8.444166e-05
-5.297528e-05
-2.160995e-05
9.661858e-06
4.085969e-05
7.201097e-05
0.0001031476
0.0001343031
0.0001655096
0.0001967951
0.0002281798
0.0002596723
0.0002912648
0.0003229263
0.0003545946
0.0003861664
0.0004174845
0.0004483225
0.0004783674
0.0005072006
0.0005342804
0.0005589294
0.0005803532
0.0005976698
0.0006099281
0.0006163849
-0.0004916437
-0.0004835437
-0.0004686318
-0.0004478516
-0.0004225899
-0.0003939799
-0.0003630229
-0.0003305138
-0.0002970561
-0.0002630912
-0.0002289295
-0.0001947797
-0.0001607727
-0.0001269817
-9.343723e-05
-6.013931e-05
-2.706608e-05
5.819678e-06
3.856555e-05
7.122572e-05
0.0001038581
0.0001365217
0.0001692749
0.0002021722
0.0002352623
0.0002685835
0.0003021595
0.0003359923
0.0003700539
0.0004042743
0.0004385259
0.0004726037
0.0005062003
0.0005388763
0.0005700278
0.0005988549
0.0006243439
0.0006453424
0.000660432
0.0006686437
-0.0005514214
-0.0005406803
-0.0005219546
-0.0004962949
-0.0004658721
-0.0004321415
-0.0003963527
-0.0003594125
-0.0003219653
-0.0002844474
-0.0002471383
-0.0002102026
-0.0001737229
-0.0001377239
-0.0001021911
-6.70824e-05
-3.23375e-05
2.115486e-06
3.635594e-05
7.046773e-05
0.0001045372
0.0001386514
0.0001728971
0.0002073587
0.0002421166
0.000277244
0.0003128031
0.0003488385
0.000385368
0.000422371
0.0004597697
0.0004974051
0.0005350035
0.0005721339
0.0006081548
0.0006421573
0.0006728804
0.0006988444
0.0007178274
0.0007287503
-0.0006213302
-0.0006061198
-0.0005820582
-0.0005496562
-0.0005125439
-0.0004724721
-0.0004309281
-0.0003888914
-0.0003469981
-0.0003056311
-0.0002649973
-0.0002251845
-0.0001862016
-0.000148007
-0.0001105261
-7.366527e-05
-3.731951e-05
-1.377823e-06
3.427397e-05
6.975159e-05
0.0001051714
0.0001406502
0.0001763045
0.0002122508
0.0002486041
0.0002854769
0.0003229761
0.0003611983
0.0004002217
0.0004400932
0.0004808099
0.0005222924
0.0005643432
0.0006065893
0.0006484039
0.000688812
0.0007263191
0.0007591523
0.000783592
0.0007991134
-0.0007037555
-0.0006814787
-0.0006500538
-0.0006080729
-0.0005623367
-0.000514452
-0.0004661287
-0.0004183203
-0.0003715654
-0.0003261188
-0.0002820568
-0.0002393497
-0.0001979019
-0.0001575829
-0.0001182455
-7.973584e-05
-4.18992e-05
-4.582341e-06
3.236551e-05
6.909286e-05
0.0001057467
0.0001424735
0.0001794206
0.0002167368
0.000254574
0.0002930867
0.0003324315
0.0003727651
0.0004142386
0.0004569884
0.0005011179
0.0005466674
0.0005935743
0.0006416008
0.0006902271
0.0007385168
0.0007847642
0.0008273683
0.000859359
0.0008822438
-0.0008108433
-0.0007699954
-0.0007276893
-0.0006713498
-0.0006145605
-0.0005571564
-0.0005009932
-0.0004468053
-0.0003948843
-0.0003452522
-0.0002977818
-0.0002522691
-0.0002084815
-0.0001661818
-0.0001251394
-8.513456e-05
-4.595961e-05
-7.418071e-06
3.067742e-05
6.85075e-05
0.0001062487
0.0001440763
0.0001821671
0.0002207019
0.000259869
0.0002998656
0.0003409013
0.000383198
0.0004269903
0.0004725213
0.0005200317
0.0005697385
0.0006217873
0.0006761805
0.0007326595
0.0007905282
0.0008479573
0.0009051952
0.000948318
0.0009901649
-0.0009162073
-0.0008612388
-0.0008099437
-0.0007369206
-0.0006672318
-0.0005988513
-0.000534034
-0.0004731026
-0.0004159596
-0.000362255
-0.0003115662
-0.0002634711
-0.0002175758
-0.0001735237
-0.0001309949
-8.970206e-05
-4.93854e-05
-9.806811e-06
2.92553e-05
6.801107e-05
0.0001066639
0.0001454151
0.0001844681
0.0002240331
0.0002643321
0.0003056037
0.0003481087
0.000392136
0.0004380084
0.0004860874
0.0005367745
0.0005905047
0.0006477209
0.0007088054
0.0007739035
0.0008427573
0.0009131452
0.0009874394
0.001039652
0.001097324
-0.001158162
-0.001001093
-0.0009267176
-0.0008110243
-0.0007211818
-0.0006382052
-0.0005635769
-0.0004957712
-0.0004336575
-0.0003762598
-0.0003227578
-0.0002724678
-0.0002248199
-0.0001793355
-0.0001356084
-9.328867e-05
-5.20695e-05
-1.167657e-05
2.814099e-05
6.76181e-05
0.0001069803
0.0001464506
0.0001862545
0.0002266266
0.0002678177
0.0003101021
0.0003537863
0.0003992209
0.000446813
0.0004970438
0.0005504887
0.0006078419
0.0006699434
0.0007378059
0.0008126312
0.0008962036
0.000986969
0.001104694
0.001181146
0.00134141
-0.00125942
-0.001079215
-0.0009962083
-0.0008614132
-0.0007611772
-0.0006680404
-0.0005858434
-0.0005126078
-0.0004465914
-0.000386345
-0.0003307194
-0.0002788073
-0.0002298878
-0.0001833799
-0.000138807
-9.576925e-05
-5.392378e-05
-1.296892e-05
2.736774e-05
6.733914e-05
0.000107187
0.0001471493
0.0001874675
0.000228394
0.0002702004
0.0003131874
0.0003576964
0.0004041256
0.0004529497
0.0005047479
0.0005602403
0.0006203348
0.0006861863
0.0007592575
0.0008413184
0.0009343106
0.001034032
0.001171337
0.001252441
0.001443484
-0.001973764
-0.00126598
-0.001147533
-0.00092528
-0.0007986806
-0.0006901214
-0.0006000117
-0.0005223396
-0.0004536492
-0.0003916731
-0.0003348523
-0.0002820667
-0.0002324793
-0.0001854415
-0.0001404342
-9.70298e-05
-5.486571e-05
-1.36258e-05
2.697366e-05
6.719494e-05
0.0001072881
0.0001474989
0.0001880769
0.0002292838
0.000271402
0.0003147461
0.0003596762
0.000406617
0.0004560834
0.0005087196
0.0005653583
0.0006271177
0.0006955653
0.0007730063
0.0008629551
0.0009719501
0.001098657
0.001325202
0.001448961
0.0021675
)
;

boundaryField
{
    movingWall
    {
        type            zeroGradient;
    }
    fixedWalls
    {
        type            zeroGradient;
    }
    frontAndBack
    {
        type            empty;
    }
}


// ************************************************************************* //
