/*--------------------------------*- C++ -*----------------------------------*\
| =========                 |                                                 |
| \\      /  F ield         | OpenFOAM: The Open Source CFD Toolbox           |
|  \\    /   O peration     | Version:  2412                                  |
|   \\  /    A nd           | Website:  www.openfoam.com                      |
|    \\/     M anipulation  |                                                 |
\*---------------------------------------------------------------------------*/
FoamFile
{
    version     2.0;
    format      ascii;
    arch        "LSB;label=32;scalar=64";
    class       surfaceScalarField;
    location    "0.2";
    object      phi;
}
// * * * * * * * * * * * * * * * * * * * * * * * * * * * * * * * * * * * * * //

dimensions      [0 3 -1 0 0 0 0];

oriented        oriented;

internalField   nonuniform List<scalar> 
3120
(
-1.085626e-08
1.085626e-08
-2.167737e-08
1.082111e-08
-3.235864e-08
1.068127e-08
-4.283151e-08
1.047287e-08
-5.302923e-08
1.019772e-08
-6.288736e-08
9.858136e-09
-7.234429e-08
9.456928e-09
-8.13416e-08
8.997314e-09
-8.982448e-08
8.482879e-09
-9.774199e-08
7.917505e-09
-1.050473e-07
7.30531e-09
-1.116979e-07
6.650584e-09
-1.176556e-07
5.957738e-09
-1.228869e-07
5.231259e-09
-1.273625e-07
4.475669e-09
-1.31058e-07
3.695496e-09
-1.339533e-07
2.895259e-09
-1.360328e-07
2.079451e-09
-1.372853e-07
1.252537e-09
-1.377043e-07
4.189618e-10
-1.372874e-07
-4.168495e-10
-1.360369e-07
-1.250475e-09
-1.339594e-07
-2.077488e-09
-1.31066e-07
-2.893443e-09
-1.273721e-07
-3.69387e-09
-1.228979e-07
-4.474272e-09
-1.176677e-07
-5.230127e-09
-1.117108e-07
-5.9569e-09
-1.050608e-07
-6.650061e-09
-9.775565e-08
-7.305117e-09
-8.9838e-08
-7.917649e-09
-8.135464e-08
-8.483357e-09
-7.235653e-08
-8.998116e-09
-6.289849e-08
-9.458037e-09
-5.303897e-08
-9.859525e-09
-4.283962e-08
-1.019935e-08
-3.236491e-08
-1.047471e-08
-2.168164e-08
-1.068327e-08
-1.085841e-08
-1.082322e-08
-1.085841e-08
-1.096125e-08
2.18175e-08
-2.18868e-08
2.174667e-08
-3.267086e-08
2.146533e-08
-4.324407e-08
2.104607e-08
-5.353893e-08
2.049258e-08
-6.349033e-08
1.980953e-08
-7.303601e-08
1.900261e-08
-8.211703e-08
1.807833e-08
-9.067808e-08
1.704393e-08
-9.866784e-08
1.590726e-08
-1.060391e-07
1.467662e-08
-1.127492e-07
1.336065e-08
-1.187597e-07
1.196826e-08
-1.240369e-07
1.050844e-08
-1.285516e-07
8.990307e-09
-1.32279e-07
7.422939e-09
-1.351991e-07
5.815399e-09
-1.372964e-07
4.176692e-09
-1.385596e-07
2.515763e-09
-1.389821e-07
8.415045e-10
-1.385618e-07
-8.372276e-10
-1.373007e-07
-2.511588e-09
-1.352054e-07
-4.172717e-09
-1.322871e-07
-5.81172e-09
-1.285614e-07
-7.419645e-09
-1.240482e-07
-8.987478e-09
-1.187721e-07
-1.050615e-08
-1.127625e-07
-1.196656e-08
-1.06053e-07
-1.335959e-08
-9.868185e-08
-1.467622e-08
-9.069195e-08
-1.590755e-08
-8.21304e-08
-1.70449e-08
-7.304857e-08
-1.807995e-08
-6.350174e-08
-1.900486e-08
-5.354892e-08
-1.981235e-08
-4.325239e-08
-2.049589e-08
-3.267729e-08
-2.10498e-08
-2.189118e-08
-2.146939e-08
-1.096346e-08
-2.175094e-08
-2.182188e-08
-1.110228e-08
3.291978e-08
-2.216808e-08
3.281247e-08
-3.308994e-08
3.238719e-08
-4.379734e-08
3.175347e-08
-5.42217e-08
3.091694e-08
-6.429695e-08
2.988478e-08
-7.395998e-08
2.866564e-08
-8.315111e-08
2.726946e-08
-9.181445e-08
2.570727e-08
-9.98982e-08
2.3991e-08
-1.073548e-07
2.213327e-08
-1.141414e-07
2.014719e-08
-1.202194e-07
1.804622e-08
-1.255549e-07
1.584399e-08
-1.301188e-07
1.355421e-08
-1.338864e-07
1.119058e-08
-1.368378e-07
8.76673e-09
-1.389573e-07
6.296174e-09
-1.402338e-07
3.792331e-09
-1.406608e-07
1.268524e-09
-1.402361e-07
-1.261982e-09
-1.389617e-07
-3.785943e-09
-1.368444e-07
-6.290093e-09
-1.33895e-07
-8.761101e-09
-1.301291e-07
-1.118554e-08
-1.255667e-07
-1.354988e-08
-1.202324e-07
-1.584048e-08
-1.141553e-07
-1.804361e-08
-1.073693e-07
-2.014556e-08
-9.991289e-08
-2.213267e-08
-9.182899e-08
-2.399144e-08
-8.316515e-08
-2.570875e-08
-7.397316e-08
-2.727194e-08
-6.430894e-08
-2.866908e-08
-5.42322e-08
-2.988909e-08
-4.380607e-08
-3.092201e-08
-3.309669e-08
-3.175918e-08
-2.217268e-08
-3.23934e-08
-1.11046e-08
-3.281902e-08
-3.292648e-08
-1.131542e-08
4.42352e-08
-2.259316e-08
4.409022e-08
-3.372321e-08
4.351724e-08
-4.463328e-08
4.266354e-08
-5.525316e-08
4.153683e-08
-6.551531e-08
4.014693e-08
-7.535531e-08
3.850564e-08
-8.471239e-08
3.662654e-08
-9.352978e-08
3.452466e-08
-1.01755e-07
3.22162e-08
-1.0934e-07
2.971827e-08
-1.162414e-07
2.704864e-08
-1.224207e-07
2.422546e-08
-1.278438e-07
2.126711e-08
-1.324816e-07
1.819199e-08
-1.363095e-07
1.501848e-08
-1.393075e-07
1.176479e-08
-1.414603e-07
8.448964e-09
-1.427569e-07
5.088874e-09
-1.431906e-07
1.702248e-09
-1.427593e-07
-1.693284e-09
-1.414651e-07
-5.080122e-09
-1.393146e-07
-8.440631e-09
-1.363186e-07
-1.175707e-08
-1.324926e-07
-1.501157e-08
-1.278564e-07
-1.818605e-08
-1.224346e-07
-2.126228e-08
-1.162563e-07
-2.422188e-08
-1.093555e-07
-2.70464e-08
-1.017707e-07
-2.971743e-08
-9.354536e-08
-3.221679e-08
-8.472743e-08
-3.452667e-08
-7.536943e-08
-3.662994e-08
-6.552816e-08
-3.851035e-08
-5.526442e-08
-4.015283e-08
-4.464265e-08
-4.154378e-08
-3.373046e-08
-4.267137e-08
-2.25981e-08
-4.352575e-08
-1.131792e-08
-4.40992e-08
-4.42444e-08
-1.160261e-08
5.583781e-08
-2.316586e-08
5.565347e-08
-3.457628e-08
5.492766e-08
-4.575918e-08
5.384643e-08
-5.664211e-08
5.241976e-08
-6.715551e-08
5.066033e-08
-7.723323e-08
4.858337e-08
-8.681304e-08
4.620635e-08
-9.583696e-08
4.354858e-08
-1.042516e-07
4.063084e-08
-1.120083e-07
3.747499e-08
-1.190633e-07
3.410366e-08
-1.253778e-07
3.053992e-08
-1.309177e-07
2.680702e-08
-1.356539e-07
2.292822e-08
-1.395621e-07
1.89266e-08
-1.426223e-07
1.482502e-08
-1.448194e-07
1.064604e-08
-1.461425e-07
6.411972e-09
-1.465851e-07
2.144883e-09
-1.461451e-07
-2.133287e-09
-1.448246e-07
-6.400649e-09
-1.426299e-07
-1.063526e-08
-1.39572e-07
-1.481503e-08
-1.356659e-07
-1.891765e-08
-1.309314e-07
-2.292052e-08
-1.25393e-07
-2.680077e-08
-1.190796e-07
-3.053527e-08
-1.120252e-07
-3.410075e-08
-1.042688e-07
-3.747389e-08
-9.585396e-08
-4.063159e-08
-8.682946e-08
-4.355118e-08
-7.724866e-08
-4.621074e-08
-6.716955e-08
-4.858946e-08
-5.665441e-08
-5.066797e-08
-4.576943e-08
-5.242877e-08
-3.458421e-08
-5.385658e-08
-2.317126e-08
-5.49387e-08
-1.160534e-08
-5.566512e-08
-5.584974e-08
-1.196642e-08
6.780423e-08
-2.38913e-08
6.757835e-08
-3.565669e-08
6.669306e-08
-4.718479e-08
6.537453e-08
-5.840029e-08
6.363526e-08
-6.923106e-08
6.149109e-08
-7.960872e-08
5.896103e-08
-8.94692e-08
5.606683e-08
-9.875306e-08
5.283244e-08
-1.074058e-07
4.928358e-08
-1.15378e-07
4.544721e-08
-1.226255e-07
4.135114e-08
-1.291092e-07
3.702358e-08
-1.34795e-07
3.24929e-08
-1.396541e-07
2.778732e-08
-1.436623e-07
2.293474e-08
-1.468e-07
1.79627e-08
-1.490522e-07
1.289826e-08
-1.504083e-07
7.768111e-09
-1.50862e-07
2.598606e-09
-1.504112e-07
-2.584107e-09
-1.490579e-07
-7.753951e-09
-1.468084e-07
-1.288477e-08
-1.436732e-07
-1.79502e-08
-1.396674e-07
-2.292354e-08
-1.348102e-07
-2.777767e-08
-1.291259e-07
-3.248506e-08
-1.226434e-07
-3.701774e-08
-1.153967e-07
-4.134746e-08
-1.074248e-07
-4.54458e-08
-9.87719e-08
-4.928449e-08
-8.948741e-08
-5.283567e-08
-7.962585e-08
-5.607231e-08
-6.924665e-08
-5.896865e-08
-5.841396e-08
-6.150066e-08
-4.719618e-08
-6.364655e-08
-3.566551e-08
-6.538726e-08
-2.38973e-08
-6.670691e-08
-1.196946e-08
-6.759296e-08
-6.78192e-08
-1.241022e-08
8.021445e-08
-2.47761e-08
7.994423e-08
-3.697417e-08
7.889113e-08
-4.892272e-08
7.732308e-08
-6.054288e-08
7.525542e-08
-7.175934e-08
7.270755e-08
-8.250101e-08
6.970271e-08
-9.270158e-08
6.62674e-08
-1.022999e-07
6.243073e-08
-1.112401e-07
5.822382e-08
-1.194721e-07
5.367918e-08
-1.269511e-07
4.883015e-08
-1.33638e-07
4.371045e-08
-1.394988e-07
3.835378e-08
-1.44505e-07
3.279349e-08
-1.486327e-07
2.706244e-08
-1.518628e-07
2.119283e-08
-1.541808e-07
1.521624e-08
-1.555764e-07
9.163639e-09
-1.560433e-07
3.06555e-09
-1.555796e-07
-3.047807e-09
-1.541872e-07
-9.146309e-09
-1.518723e-07
-1.519973e-08
-1.48645e-07
-2.117753e-08
-1.445198e-07
-2.704871e-08
-1.395158e-07
-3.278166e-08
-1.336567e-07
-3.834414e-08
-1.269712e-07
-4.370326e-08
-1.19493e-07
-4.88256e-08
-1.112614e-07
-5.367741e-08
-1.02321e-07
-5.82249e-08
-9.272205e-08
-6.243465e-08
-8.252027e-08
-6.627409e-08
-7.177689e-08
-6.971203e-08
-6.055827e-08
-7.271927e-08
-4.893556e-08
-7.526927e-08
-3.698411e-08
-7.733871e-08
-2.478287e-08
-7.890814e-08
-1.241364e-08
-7.996219e-08
-8.023284e-08
-1.29382e-08
9.315265e-08
-2.582859e-08
9.283462e-08
-3.854092e-08
9.160346e-08
-5.098872e-08
8.977089e-08
-6.308879e-08
8.735548e-08
-7.476198e-08
8.438074e-08
-8.593397e-08
8.087469e-08
-9.65358e-08
7.686923e-08
-1.065043e-07
7.239923e-08
-1.157823e-07
6.750182e-08
-1.243187e-07
6.221558e-08
-1.320685e-07
5.657991e-08
-1.389924e-07
5.06344e-08
-1.45057e-07
4.441838e-08
-1.502341e-07
3.797056e-08
-1.545004e-07
3.13288e-08
-1.578377e-07
2.453005e-08
-1.602317e-07
1.76103e-08
-1.616728e-07
1.06047e-08
-1.62155e-07
3.547775e-09
-1.616764e-07
-3.526378e-09
-1.602389e-07
-1.05838e-08
-1.578483e-07
-1.759037e-08
-1.545143e-07
-2.451157e-08
-1.502508e-07
-3.13122e-08
-1.450762e-07
-3.795624e-08
-1.390136e-07
-4.440671e-08
-1.320912e-07
-5.062568e-08
-1.243424e-07
-5.657437e-08
-1.158065e-07
-6.221339e-08
-1.065283e-07
-6.750306e-08
-9.655903e-08
-7.240392e-08
-8.595584e-08
-7.687728e-08
-7.478194e-08
-8.088593e-08
-6.31063e-08
-8.43949e-08
-5.100333e-08
-8.737224e-08
-3.855223e-08
-8.978981e-08
-2.58363e-08
-9.162407e-08
-1.294211e-08
-9.285639e-08
-9.317495e-08
-1.355554e-08
1.067082e-07
-2.705895e-08
1.06338e-07
-4.037187e-08
1.049164e-07
-5.340208e-08
1.028011e-07
-6.606113e-08
1.000145e-07
-7.826534e-08
9.658494e-08
-8.993657e-08
9.254592e-08
-1.010028e-07
8.793549e-08
-1.113987e-07
8.279512e-08
-1.210656e-07
7.716867e-08
-1.299515e-07
7.110151e-08
-1.380112e-07
6.463965e-08
-1.452059e-07
5.782902e-08
-1.515024e-07
5.071495e-08
-1.568736e-07
4.334171e-08
-1.612971e-07
3.575231e-08
-1.647554e-07
2.798839e-08
-1.672354e-07
2.009028e-08
-1.687279e-07
1.209714e-08
-1.692273e-07
4.047247e-09
-1.68732e-07
-4.021702e-09
-1.672436e-07
-1.207218e-08
-1.647675e-07
-2.006648e-08
-1.613128e-07
-2.79663e-08
-1.568925e-07
-3.573244e-08
-1.515242e-07
-4.332455e-08
-1.4523e-07
-5.070094e-08
-1.380372e-07
-5.781852e-08
-1.299786e-07
-6.463294e-08
-1.210932e-07
-7.109881e-08
-1.114262e-07
-7.717008e-08
-1.010294e-07
-8.280066e-08
-8.996163e-08
-8.794507e-08
-7.828822e-08
-9.255934e-08
-6.608123e-08
-9.66019e-08
-5.341885e-08
-1.000346e-07
-4.038487e-08
-1.028238e-07
-2.706782e-08
-1.049411e-07
-1.356003e-08
-1.063642e-07
-1.06735e-07
-1.426852e-08
1.209767e-07
-2.847959e-08
1.205491e-07
-4.248517e-08
1.18922e-07
-5.618612e-08
1.16502e-07
-6.948779e-08
1.133162e-07
-8.230111e-08
1.093983e-07
-9.454353e-08
1.047883e-07
-1.061397e-07
9.953161e-08
-1.170216e-07
9.367708e-08
-1.271293e-07
8.727632e-08
-1.3641e-07
8.03823e-08
-1.448187e-07
7.304834e-08
-1.52317e-07
6.53273e-08
-1.58873e-07
5.72709e-08
-1.644605e-07
4.892922e-08
-1.690587e-07
4.035052e-08
-1.726514e-07
3.158109e-08
-1.752265e-07
2.266542e-08
-1.767758e-07
1.364642e-08
-1.772943e-07
4.565794e-09
-1.767805e-07
-4.535518e-09
-1.752359e-07
-1.361683e-08
-1.726652e-07
-2.263718e-08
-1.690766e-07
-3.155486e-08
-1.644822e-07
-4.032691e-08
-1.588979e-07
-4.890881e-08
-1.523447e-07
-5.725418e-08
-1.448484e-07
-6.531473e-08
-1.364411e-07
-7.304025e-08
-1.27161e-07
-8.037896e-08
-1.170532e-07
-8.727788e-08
-1.061703e-07
-9.368357e-08
-9.457243e-08
-9.954292e-08
-8.232752e-08
-1.048042e-07
-6.9511e-08
-1.094184e-07
-5.620551e-08
-1.133401e-07
-4.250021e-08
-1.165291e-07
-2.848986e-08
-1.189515e-07
-1.427372e-08
-1.205803e-07
-1.210087e-07
-1.508473e-08
1.360614e-07
-3.010546e-08
1.355698e-07
-4.490263e-08
1.337191e-07
-5.936886e-08
1.309683e-07
-7.340213e-08
1.273495e-07
-8.690709e-08
1.229032e-07
-9.97961e-08
1.176773e-07
-1.119899e-07
1.117254e-07
-1.234182e-07
1.051053e-07
-1.340192e-07
9.787738e-08
-1.437402e-07
9.010322e-08
-1.525362e-07
8.184436e-08
-1.603701e-07
7.316124e-08
-1.672116e-07
6.411241e-08
-1.730364e-07
5.475405e-08
-1.778256e-07
4.513969e-08
-1.815648e-07
3.532022e-08
-1.842434e-07
2.534403e-08
-1.858544e-07
1.525742e-08
-1.863936e-07
5.105058e-09
-1.858598e-07
-5.069368e-09
-1.842541e-07
-1.522252e-08
-1.815805e-07
-2.531071e-08
-1.778462e-07
-3.528924e-08
-1.730613e-07
-4.511177e-08
-1.672403e-07
-5.472985e-08
-1.604019e-07
-6.409255e-08
-1.525704e-07
-7.314624e-08
-1.43776e-07
-8.183465e-08
-1.340558e-07
-9.009911e-08
-1.234547e-07
-9.787906e-08
-1.120254e-07
-1.051128e-07
-9.982958e-08
-1.117387e-07
-8.693773e-08
-1.176961e-07
-7.34291e-08
-1.22927e-07
-5.939141e-08
-1.273778e-07
-4.492013e-08
-1.310004e-07
-3.01174e-08
-1.337542e-07
-1.509078e-08
-1.356069e-07
-1.360995e-07
-1.601329e-08
1.520747e-07
-3.195452e-08
1.515111e-07
-4.765046e-08
1.494151e-07
-6.298387e-08
1.463017e-07
-7.7844e-08
1.422096e-07
-9.212818e-08
1.371874e-07
-1.05743e-07
1.312922e-07
-1.18605e-07
1.245875e-07
-1.306412e-07
1.171415e-07
-1.417886e-07
1.090249e-07
-1.519946e-07
1.003091e-07
-1.612152e-07
9.106502e-08
-1.694153e-07
8.136127e-08
-1.765667e-07
7.126383e-08
-1.826478e-07
6.083521e-08
-1.876424e-07
5.013429e-08
-1.915385e-07
3.921632e-08
-1.943278e-07
2.813325e-08
-1.960046e-07
1.693427e-08
-1.96566e-07
5.666427e-09
-1.960108e-07
-5.624529e-09
-1.943401e-07
-1.689329e-08
-1.915567e-07
-2.80941e-08
-1.87666e-07
-3.917986e-08
-1.826764e-07
-5.010138e-08
-1.765996e-07
-6.080664e-08
-1.694519e-07
-7.124031e-08
-1.612547e-07
-8.134342e-08
-1.52036e-07
-9.105336e-08
-1.41831e-07
-1.003041e-07
-1.306835e-07
-1.090266e-07
-1.186462e-07
-1.171501e-07
-1.057819e-07
-1.246029e-07
-9.216388e-08
-1.313142e-07
-7.787546e-08
-1.372155e-07
-6.30102e-08
-1.422431e-07
-4.767091e-08
-1.463397e-07
-3.196849e-08
-1.494566e-07
-1.602037e-08
-1.515551e-07
-1.521199e-07
-1.706522e-08
1.691399e-07
-3.404841e-08
1.684943e-07
-5.076011e-08
1.661268e-07
-6.707126e-08
1.626128e-07
-8.286083e-08
1.579992e-07
-9.801762e-08
1.523442e-07
-1.124416e-07
1.457162e-07
-1.26045e-07
1.381908e-07
-1.387519e-07
1.298484e-07
-1.504989e-07
1.207718e-07
-1.612336e-07
1.110439e-07
-1.709144e-07
1.007458e-07
-1.795086e-07
8.99555e-08
-1.869917e-07
7.874692e-08
-1.933456e-07
6.718914e-08
-1.985577e-07
5.534633e-08
-2.026192e-07
4.327782e-08
-2.055245e-07
3.103863e-08
-2.072704e-07
1.868013e-08
-2.078549e-07
6.250956e-09
-2.072775e-07
-6.201931e-09
-2.055387e-07
-1.863216e-08
-2.0264e-07
-3.099275e-08
-1.985848e-07
-4.323506e-08
-1.933785e-07
-5.530765e-08
-1.870297e-07
-6.715548e-08
-1.795509e-07
-7.87191e-08
-1.7096e-07
-8.993428e-08
-1.612816e-07
-1.007318e-07
-1.505481e-07
-1.110376e-07
-1.388011e-07
-1.207736e-07
-1.260929e-07
-1.298583e-07
-1.124871e-07
-1.382088e-07
-9.805935e-08
-1.457419e-07
-8.289766e-08
-1.523772e-07
-6.710213e-08
-1.580386e-07
-5.078411e-08
-1.626577e-07
-3.406483e-08
-1.661759e-07
-1.707354e-08
-1.685463e-07
-1.691934e-07
-1.82538e-08
1.873937e-07
-3.64132e-08
1.866537e-07
-5.426937e-08
1.839829e-07
-7.167912e-08
1.800226e-07
-8.85092e-08
1.748293e-07
-1.046385e-07
1.684735e-07
-1.199598e-07
1.610374e-07
-1.343801e-07
1.526112e-07
-1.478216e-07
1.432899e-07
-1.602204e-07
1.331706e-07
-1.715259e-07
1.223494e-07
-1.816995e-07
1.109193e-07
-1.907127e-07
9.896869e-08
-1.985456e-07
8.657983e-08
-2.051852e-07
7.382869e-08
-2.106234e-07
6.078454e-08
-2.14856e-07
4.751039e-08
-2.178809e-07
3.406359e-08
-2.196976e-07
2.049682e-08
-2.203059e-07
6.859259e-09
-2.197058e-07
-6.802055e-09
-2.178971e-07
-2.044082e-08
-2.148799e-07
-3.400998e-08
-2.106546e-07
-4.746035e-08
-2.052231e-07
-6.073918e-08
-1.985895e-07
-7.378908e-08
-1.907616e-07
-8.654698e-08
-1.817524e-07
-9.894348e-08
-1.715816e-07
-1.109025e-07
-1.602776e-07
-1.223416e-07
-1.47879e-07
-1.331722e-07
-1.344362e-07
-1.433011e-07
-1.20013e-07
-1.52632e-07
-1.046875e-07
-1.610674e-07
-8.855246e-08
-1.685121e-07
-7.171543e-08
-1.748756e-07
-5.429764e-08
-1.800755e-07
-3.643255e-08
-1.84041e-07
-1.826362e-08
-1.867153e-07
-1.87457e-07
-1.959513e-08
2.069889e-07
-3.908042e-08
2.06139e-07
-5.822386e-08
2.031264e-07
-7.686521e-08
1.986639e-07
-9.485675e-08
1.928208e-07
-1.120659e-07
1.856827e-07
-1.283772e-07
1.773487e-07
-1.436928e-07
1.679268e-07
-1.579328e-07
1.575299e-07
-1.710342e-07
1.46272e-07
-1.829494e-07
1.342646e-07
-1.936445e-07
1.216144e-07
-2.030967e-07
1.084209e-07
-2.112927e-07
9.477583e-08
-2.18226e-07
8.076193e-08
-2.238948e-07
6.645336e-08
-2.283005e-07
5.191609e-08
-2.314457e-07
3.720887e-08
-2.333334e-07
2.23845e-08
-2.339656e-07
7.491385e-09
-2.333428e-07
-7.424799e-09
-2.314644e-07
-2.231928e-08
-2.28328e-07
-3.714636e-08
-2.239307e-07
-5.185763e-08
-2.182696e-07
-6.640025e-08
-2.113433e-07
-8.07154e-08
-2.031532e-07
-9.473705e-08
-1.937057e-07
-1.08391e-07
-1.830141e-07
-1.215942e-07
-1.711008e-07
-1.342549e-07
-1.579997e-07
-1.462733e-07
-1.437583e-07
-1.575426e-07
-1.284396e-07
-1.679507e-07
-1.121234e-07
-1.773836e-07
-9.490771e-08
-1.857279e-07
-7.690806e-08
-1.928753e-07
-5.825726e-08
-1.987263e-07
-3.910331e-08
-2.031949e-07
-1.960675e-08
-2.062118e-07
-2.070638e-07
-2.110883e-08
2.280977e-07
-4.208844e-08
2.271186e-07
-6.267886e-08
2.237168e-07
-8.269925e-08
2.186843e-07
-1.019846e-07
2.121062e-07
-1.203892e-07
2.040872e-07
-1.377883e-07
1.947477e-07
-1.540793e-07
1.842178e-07
-1.691811e-07
1.726318e-07
-1.83033e-07
1.601239e-07
-1.955922e-07
1.468239e-07
-2.068316e-07
1.328537e-07
-2.167366e-07
1.183259e-07
-2.253024e-07
1.033416e-07
-2.325312e-07
8.799072e-08
-2.384294e-07
7.235161e-08
-2.430056e-07
5.649231e-08
-2.462685e-07
4.047169e-08
-2.482251e-07
2.434117e-08
-2.488804e-07
8.146656e-09
-2.482359e-07
-8.069326e-09
-2.462898e-07
-2.426538e-08
-2.430372e-07
-4.039895e-08
-2.384707e-07
-5.642414e-08
-2.325814e-07
-7.228949e-08
-2.253607e-07
-8.79361e-08
-2.168019e-07
-1.032959e-07
-2.069026e-07
-1.182903e-07
-1.956674e-07
-1.328294e-07
-1.831107e-07
-1.468117e-07
-1.692594e-07
-1.601246e-07
-1.541561e-07
-1.726458e-07
-1.378616e-07
-1.842452e-07
-1.20457e-07
-1.947882e-07
-1.020448e-07
-2.0414e-07
-8.274997e-08
-2.121701e-07
-6.271846e-08
-2.187578e-07
-4.211561e-08
-2.237978e-07
-2.112263e-08
-2.272048e-07
-2.281864e-07
-2.281897e-08
2.509167e-07
-4.54842e-08
2.497838e-07
-6.77018e-08
2.459344e-07
-8.926584e-08
2.402484e-07
-1.099908e-07
2.328311e-07
-1.297153e-07
2.238118e-07
-1.483051e-07
2.133375e-07
-1.656528e-07
2.015655e-07
-1.816777e-07
1.886567e-07
-1.963232e-07
1.747694e-07
-2.09554e-07
1.600547e-07
-2.213525e-07
1.446523e-07
-2.317153e-07
1.286887e-07
-2.40649e-07
1.122754e-07
-2.481671e-07
9.550876e-08
-2.542864e-07
7.847089e-08
-2.590245e-07
6.123049e-08
-2.623977e-07
4.384487e-08
-2.644187e-07
2.636211e-08
-2.650955e-07
8.823481e-09
-2.644309e-07
-8.733876e-09
-2.624221e-07
-2.627421e-08
-2.590607e-07
-4.376039e-08
-2.543337e-07
-6.115113e-08
-2.482248e-07
-7.839834e-08
-2.407162e-07
-9.544468e-08
-2.317908e-07
-1.122213e-07
-2.214348e-07
-1.286463e-07
-2.096413e-07
-1.446228e-07
-1.964137e-07
-1.600393e-07
-1.817692e-07
-1.747691e-07
-1.65743e-07
-1.88672e-07
-1.483915e-07
-2.015967e-07
-1.297954e-07
-2.133843e-07
-1.100621e-07
-2.238734e-07
-8.932607e-08
-2.329061e-07
-6.774892e-08
-2.40335e-07
-4.551657e-08
-2.460301e-07
-2.283543e-08
-2.498859e-07
-2.510218e-07
-2.475531e-08
2.75672e-07
-4.932563e-08
2.743541e-07
-7.337551e-08
2.699843e-07
-9.666831e-08
2.635412e-07
-1.189938e-07
2.551566e-07
-1.40173e-07
2.44991e-07
-1.600609e-07
2.332254e-07
-1.785467e-07
2.200512e-07
-1.955516e-07
2.056616e-07
-2.110265e-07
1.902443e-07
-2.249469e-07
1.739751e-07
-2.373086e-07
1.570141e-07
-2.481229e-07
1.39503e-07
-2.574114e-07
1.215638e-07
-2.65202e-07
1.032993e-07
-2.715248e-07
8.47937e-08
-2.764089e-07
6.611463e-08
-2.798798e-07
4.731571e-08
-2.819569e-07
2.843921e-08
-2.826525e-07
9.519133e-09
-2.819709e-07
-9.415542e-09
-2.799076e-07
-2.833751e-08
-2.764502e-07
-4.721779e-08
-2.715789e-07
-6.602239e-08
-2.652682e-07
-8.470905e-08
-2.574887e-07
-1.032242e-07
-2.482099e-07
-1.215001e-07
-2.374038e-07
-1.394523e-07
-2.250484e-07
-1.569783e-07
-2.111321e-07
-1.739556e-07
-1.956588e-07
-1.902424e-07
-1.786527e-07
-2.056781e-07
-1.601629e-07
-2.200865e-07
-1.402678e-07
-2.332793e-07
-1.190785e-07
-2.450627e-07
-9.674006e-08
-2.552445e-07
-7.343178e-08
-2.636432e-07
-4.936435e-08
-2.700976e-07
-2.477503e-08
-2.744753e-07
-2.757969e-07
-2.695499e-08
3.02627e-07
-5.368474e-08
3.010839e-07
-7.980252e-08
2.96102e-07
-1.050338e-07
2.887724e-07
-1.291385e-07
2.792613e-07
-1.519176e-07
2.677702e-07
-1.732152e-07
2.54523e-07
-1.929181e-07
2.397541e-07
-2.109533e-07
2.236968e-07
-2.272826e-07
2.065736e-07
-2.418974e-07
1.885899e-07
-2.548118e-07
1.699284e-07
-2.660562e-07
1.507474e-07
-2.756719e-07
1.311795e-07
-2.837051e-07
1.113325e-07
-2.902024e-07
9.129105e-08
-2.952072e-07
7.111942e-08
-2.987562e-07
5.086468e-08
-3.008772e-07
3.056021e-08
-3.015876e-07
1.022948e-08
-3.008931e-07
-1.011002e-08
-2.987878e-07
-3.044281e-08
-2.952542e-07
-5.075142e-08
-2.902641e-07
-7.10124e-08
-2.837808e-07
-9.119242e-08
-2.757605e-07
-1.112444e-07
-2.661564e-07
-1.311042e-07
-2.549218e-07
-1.50687e-07
-2.420152e-07
-1.698849e-07
-2.274057e-07
-1.885651e-07
-2.110788e-07
-2.065693e-07
-1.930428e-07
-2.237141e-07
-1.733357e-07
-2.397937e-07
-1.520302e-07
-2.545848e-07
-1.292395e-07
-2.678534e-07
-1.051195e-07
-2.793645e-07
-7.986998e-08
-2.888928e-07
-5.373126e-08
-2.962363e-07
-2.697871e-08
-3.012278e-07
-3.027756e-07
-2.946477e-08
3.320917e-07
-5.865197e-08
3.302711e-07
-8.711088e-08
3.245609e-07
-1.145197e-07
3.161813e-07
-1.40603e-07
3.053446e-07
-1.651383e-07
2.923055e-07
-1.879593e-07
2.773439e-07
-2.089535e-07
2.607484e-07
-2.280579e-07
2.428012e-07
-2.452515e-07
2.237672e-07
-2.605474e-07
2.038858e-07
-2.739844e-07
1.833653e-07
-2.856184e-07
1.623814e-07
-2.955154e-07
1.410765e-07
-3.037446e-07
1.195618e-07
-3.103734e-07
9.791979e-08
-3.154621e-07
7.620817e-08
-3.190614e-07
5.446394e-08
-3.21209e-07
3.270777e-08
-3.219282e-07
1.09487e-08
-3.212269e-07
-1.08113e-08
-3.190971e-07
-3.257259e-08
-3.155153e-07
-5.433322e-08
-3.104435e-07
-7.608422e-08
-3.038309e-07
-9.780499e-08
-2.956167e-07
-1.194586e-07
-2.857334e-07
-1.409875e-07
-2.741113e-07
-1.623091e-07
-2.60684e-07
-1.833122e-07
-2.45395e-07
-2.038542e-07
-2.28205e-07
-2.237593e-07
-2.091005e-07
-2.428186e-07
-1.88102e-07
-2.607922e-07
-1.652723e-07
-2.774145e-07
-1.407237e-07
-2.924021e-07
-1.146227e-07
-3.054654e-07
-8.719212e-08
-3.163234e-07
-5.870814e-08
-3.247203e-07
-2.949344e-08
-3.304425e-07
-3.32269e-07
-3.23442e-08
3.644359e-07
-6.434206e-08
3.622689e-07
-9.546199e-08
3.556809e-07
-1.253233e-07
3.460425e-07
-1.536073e-07
3.336286e-07
-1.800661e-07
3.187643e-07
-2.045241e-07
3.018019e-07
-2.268742e-07
2.830985e-07
-2.470702e-07
2.629971e-07
-2.651162e-07
2.418132e-07
-2.810556e-07
2.198252e-07
-2.949599e-07
1.972696e-07
-3.06918e-07
1.743395e-07
-3.170273e-07
1.511858e-07
-3.253856e-07
1.279201e-07
-3.320852e-07
1.046194e-07
-3.372074e-07
8.133037e-08
-3.408191e-07
5.807561e-08
-3.429698e-07
3.485852e-08
-3.436901e-07
1.166893e-08
-3.4299e-07
-1.151137e-08
-3.408593e-07
-3.47033e-08
-3.372674e-07
-5.792514e-08
-3.321645e-07
-8.118711e-08
-3.254835e-07
-1.04486e-07
-3.171428e-07
-1.277993e-07
-3.070498e-07
-1.510805e-07
-2.95106e-07
-1.742528e-07
-2.812137e-07
-1.972045e-07
-2.652833e-07
-2.197847e-07
-2.472425e-07
-2.418e-07
-2.270475e-07
-2.630136e-07
-2.046934e-07
-2.831463e-07
-1.80226e-07
-3.018819e-07
-1.537521e-07
-3.188759e-07
-1.254474e-07
-3.337701e-07
-9.556035e-08
-3.462105e-07
-6.441025e-08
-3.558704e-07
-3.237908e-08
-3.624737e-07
-3.646481e-07
-3.567006e-08
4.00106e-07
-7.090221e-08
3.975011e-07
-1.050615e-07
3.898402e-07
-1.376928e-07
3.786739e-07
-1.68426e-07
3.643618e-07
-1.969852e-07
3.473235e-07
-2.231892e-07
3.280059e-07
-2.469436e-07
3.068529e-07
-2.682289e-07
2.842825e-07
-2.870856e-07
2.606699e-07
-3.035984e-07
2.363381e-07
-3.17882e-07
2.115532e-07
-3.300674e-07
1.865249e-07
-3.402913e-07
1.614097e-07
-3.486865e-07
1.363154e-07
-3.553753e-07
1.113082e-07
-3.60464e-07
8.641904e-08
-3.640386e-07
6.165016e-08
-3.661621e-07
3.698206e-08
-3.668731e-07
1.237997e-08
-3.661846e-07
-1.219992e-08
-3.640835e-07
-3.680443e-08
-3.605312e-07
-6.147744e-08
-3.554644e-07
-8.625386e-08
-3.48797e-07
-1.111534e-07
-3.404223e-07
-1.36174e-07
-3.302176e-07
-1.612851e-07
-3.180497e-07
-1.864207e-07
-3.037811e-07
-2.11473e-07
-2.8728e-07
-2.362858e-07
-2.68431e-07
-2.606491e-07
-2.471482e-07
-2.842964e-07
-2.233905e-07
-3.06904e-07
-1.971767e-07
-3.280957e-07
-1.686005e-07
-3.474521e-07
-1.378433e-07
-3.645273e-07
-1.051812e-07
-3.788725e-07
-7.098554e-08
-3.900661e-07
-3.571278e-08
-3.977464e-07
-4.003609e-07
-3.954267e-08
4.396487e-07
-7.852368e-08
4.364821e-07
-1.161742e-07
4.274907e-07
-1.519449e-07
4.144446e-07
-1.85404e-07
3.978209e-07
-2.162473e-07
3.781668e-07
-2.442945e-07
3.560531e-07
-2.694758e-07
3.320342e-07
-2.918128e-07
3.066195e-07
-3.113974e-07
2.802546e-07
-3.283706e-07
2.533112e-07
-3.429032e-07
2.260857e-07
-3.551796e-07
1.988014e-07
-3.653848e-07
1.716149e-07
-3.736943e-07
1.446249e-07
-3.802664e-07
1.178802e-07
-3.852357e-07
9.138838e-08
-3.887101e-07
6.51246e-08
-3.907681e-07
3.903999e-08
-3.91457e-07
1.306894e-08
-3.90793e-07
-1.286398e-08
-3.8876e-07
-3.883745e-08
-3.853104e-07
-6.492699e-08
-3.803658e-07
-9.119844e-08
-3.738183e-07
-1.17701e-07
-3.655326e-07
-1.444597e-07
-3.553503e-07
-1.714675e-07
-3.43095e-07
-1.98676e-07
-3.285812e-07
-2.259869e-07
-3.116233e-07
-2.532436e-07
-2.920495e-07
-2.802229e-07
-2.697175e-07
-3.066283e-07
-2.445344e-07
-3.320872e-07
-2.164773e-07
-3.561528e-07
-1.856153e-07
-3.783141e-07
-1.521283e-07
-3.980143e-07
-1.16321e-07
-4.146798e-07
-7.862626e-08
-4.277608e-07
-3.959541e-08
-4.367773e-07
-4.399563e-07
-4.409505e-08
4.837437e-07
-8.745835e-08
4.798454e-07
-1.291452e-07
4.691776e-07
-1.684864e-07
4.537857e-07
-2.049779e-07
4.343124e-07
-2.382896e-07
4.114785e-07
-2.682543e-07
3.860178e-07
-2.948451e-07
3.58625e-07
-3.181457e-07
3.299201e-07
-3.383202e-07
3.00429e-07
-3.555845e-07
2.705755e-07
-3.701819e-07
2.406831e-07
-3.823634e-07
2.109829e-07
-3.923742e-07
1.816257e-07
-4.004405e-07
1.526912e-07
-4.067613e-07
1.24201e-07
-4.115037e-07
9.613081e-08
-4.147998e-07
6.842066e-08
-4.167446e-07
4.098483e-08
-4.173956e-07
1.371992e-08
-4.167719e-07
-1.348764e-08
-4.148545e-07
-4.075486e-08
-4.115861e-07
-6.819546e-08
-4.068714e-07
-9.59131e-08
-4.005784e-07
-1.239939e-07
-3.925398e-07
-1.524983e-07
-3.82556e-07
-1.814513e-07
-3.704002e-07
-2.108318e-07
-3.558263e-07
-2.405608e-07
-3.38582e-07
-2.704879e-07
-3.184228e-07
-3.003821e-07
-2.95131e-07
-3.299202e-07
-2.685408e-07
-3.586774e-07
-2.385668e-07
-3.861267e-07
-2.052349e-07
-4.11646e-07
-1.687114e-07
-4.345378e-07
-1.293265e-07
-4.540646e-07
-8.758574e-08
-4.695016e-07
-4.416077e-08
-4.802023e-07
-4.841171e-07
-4.950672e-08
5.332504e-07
-9.804307e-08
5.283818e-07
-1.444302e-07
5.155647e-07
-1.878461e-07
4.972016e-07
-2.277045e-07
4.741708e-07
-2.636581e-07
4.474321e-07
-2.955746e-07
4.179343e-07
-3.234975e-07
3.865479e-07
-3.476025e-07
3.540251e-07
-3.681539e-07
3.209804e-07
-3.854663e-07
2.878879e-07
-3.998755e-07
2.550924e-07
-4.117178e-07
2.228252e-07
-4.213091e-07
1.91217e-07
-4.289335e-07
1.603156e-07
-4.348363e-07
1.301038e-07
-4.3922e-07
1.005145e-07
-4.422427e-07
7.144332e-08
-4.440171e-07
4.275924e-08
-4.446109e-07
1.431374e-08
-4.440467e-07
-1.405181e-08
-4.423022e-07
-4.249939e-08
-4.393099e-07
-7.118779e-08
-4.34957e-07
-1.002659e-07
-4.290857e-07
-1.298653e-07
-4.214931e-07
-1.600909e-07
-4.119337e-07
-1.910107e-07
-4.001225e-07
-2.22643e-07
-3.857427e-07
-2.549406e-07
-3.684566e-07
-2.877739e-07
-3.479265e-07
-3.209123e-07
-3.238356e-07
-3.54011e-07
-2.959173e-07
-3.865957e-07
-2.639937e-07
-4.180504e-07
-2.280189e-07
-4.476208e-07
-1.88124e-07
-4.744327e-07
-1.446562e-07
-4.975325e-07
-9.820287e-08
-5.159549e-07
-4.958951e-08
-5.288156e-07
-5.337066e-07
-5.602469e-08
5.892751e-07
-1.107358e-07
5.830929e-07
-1.62639e-07
5.674679e-07
-2.107181e-07
5.452807e-07
-2.542991e-07
5.177518e-07
-2.930379e-07
4.861709e-07
-3.268731e-07
4.517694e-07
-3.559616e-07
4.156365e-07
-3.806128e-07
3.786763e-07
-4.012268e-07
3.415944e-07
-4.182486e-07
3.049096e-07
-4.321354e-07
2.689792e-07
-4.43324e-07
2.340138e-07
-4.522125e-07
2.001055e-07
-4.591503e-07
1.672534e-07
-4.644328e-07
1.353863e-07
-4.682999e-07
1.043817e-07
-4.709364e-07
7.407975e-08
-4.724727e-07
4.429557e-08
-4.729867e-07
1.482777e-08
-4.725044e-07
-1.453412e-08
-4.710002e-07
-4.400358e-08
-4.683967e-07
-7.37913e-08
-4.645636e-07
-1.040991e-07
-4.593164e-07
-1.351125e-07
-4.52415e-07
-1.669922e-07
-4.435639e-07
-1.998619e-07
-4.324129e-07
-2.33794e-07
-4.185628e-07
-2.687907e-07
-4.015753e-07
-3.047614e-07
-3.809908e-07
-3.414968e-07
-3.563615e-07
-3.786404e-07
-3.27284e-07
-4.156731e-07
-2.934457e-07
-4.518887e-07
-2.546861e-07
-4.863804e-07
-2.110643e-07
-5.180545e-07
-1.629234e-07
-5.456735e-07
-1.109386e-07
-5.679396e-07
-5.613037e-08
-5.836239e-07
-5.898369e-07
-6.39969e-08
6.53272e-07
-1.26171e-07
6.452669e-07
-1.845994e-07
6.258963e-07
-2.380234e-07
5.987047e-07
-2.856865e-07
5.654149e-07
-3.272899e-07
5.277743e-07
-3.629029e-07
4.873824e-07
-3.928597e-07
4.455932e-07
-4.176593e-07
4.03476e-07
-4.378868e-07
3.618218e-07
-4.541639e-07
3.211868e-07
-4.670942e-07
2.819094e-07
-4.772324e-07
2.441521e-07
-4.850697e-07
2.079428e-07
-4.910257e-07
1.732094e-07
-4.95448e-07
1.398086e-07
-4.986138e-07
1.075474e-07
-5.007333e-07
7.619925e-08
-5.019537e-07
4.551592e-08
-5.023619e-07
1.523602e-08
-5.01987e-07
-1.490898e-08
-5.008007e-07
-4.518991e-08
-4.987165e-07
-7.587555e-08
-4.955877e-07
-1.072278e-07
-4.912045e-07
-1.394957e-07
-4.852898e-07
-1.729068e-07
-4.774961e-07
-2.076556e-07
-4.67403e-07
-2.438871e-07
-4.545185e-07
-2.816752e-07
-4.382857e-07
-3.209942e-07
-4.180988e-07
-3.616838e-07
-3.933321e-07
-4.03407e-07
-3.633963e-07
-4.456089e-07
-3.277873e-07
-4.874977e-07
-2.86166e-07
-5.280017e-07
-2.384586e-07
-5.657619e-07
-1.849615e-07
-5.991705e-07
-1.264319e-07
-6.264692e-07
-6.413389e-08
-6.459219e-07
-6.539708e-07
-7.392699e-08
7.27199e-07
-1.45245e-07
7.16585e-07
-2.114532e-07
6.921045e-07
-2.709964e-07
6.582479e-07
-3.230688e-07
6.174874e-07
-3.674965e-07
5.72202e-07
-4.045768e-07
5.244627e-07
-4.349124e-07
4.759289e-07
-4.592679e-07
4.278314e-07
-4.784926e-07
3.810465e-07
-4.934266e-07
3.361208e-07
-5.048479e-07
2.933307e-07
-5.134463e-07
2.527505e-07
-5.198128e-07
2.143093e-07
-5.244395e-07
1.778361e-07
-5.277241e-07
1.430933e-07
-5.299778e-07
1.098011e-07
-5.31433e-07
7.765438e-08
-5.322501e-07
4.633305e-08
-5.325235e-07
1.550942e-08
-5.322845e-07
-1.514796e-08
-5.315027e-07
-4.597173e-08
-5.300846e-07
-7.729364e-08
-5.278705e-07
-1.09442e-07
-5.246286e-07
-1.427376e-07
-5.200484e-07
-1.774871e-07
-5.137321e-07
-2.139719e-07
-5.051876e-07
-2.524316e-07
-4.938228e-07
-2.9304e-07
-4.78946e-07
-3.35871e-07
-4.597764e-07
-3.808534e-07
-4.354693e-07
-4.277141e-07
-4.051695e-07
-4.759087e-07
-3.681055e-07
-5.245617e-07
-3.236668e-07
-5.724404e-07
-2.715487e-07
-6.1788e-07
-2.119202e-07
-6.587991e-07
-1.455862e-07
-6.928032e-07
-7.410796e-08
-7.174002e-07
-7.280788e-07
-8.656847e-08
8.137675e-07
-1.692531e-07
7.992696e-07
-2.447994e-07
7.676508e-07
-3.113078e-07
7.247563e-07
-3.680145e-07
6.741941e-07
-4.150153e-07
6.192028e-07
-4.529887e-07
5.624361e-07
-4.829275e-07
5.058677e-07
-5.059979e-07
4.509019e-07
-5.233886e-07
3.984372e-07
-5.362065e-07
3.489387e-07
-5.454315e-07
3.025557e-07
-5.518994e-07
2.592183e-07
-5.563028e-07
2.187127e-07
-5.592014e-07
1.807347e-07
-5.610363e-07
1.449282e-07
-5.621449e-07
1.109097e-07
-5.627745e-07
7.8284e-08
-5.630938e-07
4.665233e-08
-5.632009e-07
1.561653e-08
-5.631284e-07
-1.522048e-08
-5.628448e-07
-4.625527e-08
-5.622533e-07
-7.788519e-08
-5.611862e-07
-1.10509e-07
-5.593973e-07
-1.445266e-07
-5.5655e-07
-1.803344e-07
-5.522039e-07
-2.183179e-07
-5.457995e-07
-2.58836e-07
-5.366436e-07
-3.021959e-07
-5.238988e-07
-3.486158e-07
-5.06582e-07
-3.981702e-07
-4.835812e-07
-4.507149e-07
-4.537004e-07
-5.057895e-07
-4.157631e-07
-5.62499e-07
-3.687653e-07
-6.194382e-07
-3.120164e-07
-6.746289e-07
-2.454106e-07
-7.254048e-07
-1.697075e-07
-7.685063e-07
-8.681307e-08
-8.002947e-07
-8.148919e-07
-1.030926e-07
9.168601e-07
-2.001096e-07
8.962866e-07
-2.869142e-07
8.544553e-07
-3.612379e-07
7.9908e-07
-4.225723e-07
7.355285e-07
-4.715373e-07
6.681679e-07
-5.094075e-07
6.003063e-07
-5.377903e-07
5.342505e-07
-5.58405e-07
4.715166e-07
-5.728649e-07
4.12897e-07
-5.825912e-07
3.58665e-07
-5.887846e-07
3.087491e-07
-5.924281e-07
2.628618e-07
-5.943068e-07
2.205915e-07
-5.950345e-07
1.814624e-07
-5.950808e-07
1.449745e-07
-5.947956e-07
1.106245e-07
-5.944305e-07
7.791882e-08
-5.941538e-07
4.637564e-08
-5.940621e-07
1.552487e-08
-5.941873e-07
-1.509523e-08
-5.944991e-07
-4.594354e-08
-5.949022e-07
-7.748205e-08
-5.952298e-07
-1.101815e-07
-5.952318e-07
-1.445245e-07
-5.945597e-07
-1.810065e-07
-5.927452e-07
-2.201325e-07
-5.891754e-07
-2.624058e-07
-5.830653e-07
-3.083059e-07
-5.73431e-07
-3.582501e-07
-5.590691e-07
-4.125321e-07
-5.385526e-07
-4.712313e-07
-5.102595e-07
-5.340826e-07
-4.724573e-07
-6.003012e-07
-4.235208e-07
-6.683747e-07
-3.621569e-07
-7.359928e-07
-2.877271e-07
-7.998346e-07
-2.007278e-07
-8.555056e-07
-1.034327e-07
-8.975897e-07
-9.183246e-07
-1.253997e-07
1.04226e-06
-2.407136e-07
1.0116e-06
-3.41088e-07
9.548297e-07
-4.239178e-07
8.819098e-07
-4.894102e-07
8.010209e-07
-5.391179e-07
7.178755e-07
-5.752683e-07
6.364567e-07
-6.004126e-07
5.593948e-07
-6.169797e-07
4.880837e-07
-6.270957e-07
4.230131e-07
-6.325307e-07
3.641e-07
-6.347068e-07
3.109251e-07
-6.347369e-07
2.628919e-07
-6.334734e-07
2.19328e-07
-6.315577e-07
1.795467e-07
-6.294636e-07
1.428804e-07
-6.275341e-07
1.08695e-07
-6.260071e-07
7.639181e-08
-6.250383e-07
4.540685e-08
-6.24716e-07
1.520262e-08
-6.250694e-07
-1.474183e-08
-6.260711e-07
-4.494187e-08
-6.276345e-07
-7.591866e-08
-6.296058e-07
-1.082102e-07
-6.31749e-07
-1.423813e-07
-6.337234e-07
-1.79032e-07
-6.350571e-07
-2.187988e-07
-6.351108e-07
-2.623521e-07
-6.330334e-07
-3.103833e-07
-6.277124e-07
-3.635712e-07
-6.177236e-07
-4.225209e-07
-6.012924e-07
-4.876626e-07
-5.762825e-07
-5.590925e-07
-5.402486e-07
-6.363351e-07
-4.906149e-07
-7.180084e-07
-4.251228e-07
-8.014848e-07
-3.42188e-07
-8.827694e-07
-2.415748e-07
-9.561188e-07
-1.258893e-07
-1.013275e-06
-1.044214e-06
-1.56717e-07
1.198977e-06
-2.955628e-07
1.150446e-06
-4.121452e-07
1.071412e-06
-5.036601e-07
9.734248e-07
-5.719658e-07
8.693266e-07
-6.201583e-07
7.66068e-07
-6.521093e-07
6.684077e-07
-6.716339e-07
5.789194e-07
-6.820453e-07
4.984951e-07
-6.860489e-07
4.270166e-07
-6.857639e-07
3.63815e-07
-6.828014e-07
3.079626e-07
-6.783579e-07
2.584485e-07
-6.733055e-07
2.142757e-07
-6.682716e-07
1.745128e-07
-6.63697e-07
1.383057e-07
-6.598845e-07
1.048826e-07
-6.570383e-07
7.354553e-08
-6.552879e-07
4.36565e-08
-6.547056e-07
1.462027e-08
-6.553149e-07
-1.41325e-08
-6.570942e-07
-4.316258e-08
-6.599734e-07
-7.303943e-08
-6.63825e-07
-1.043586e-07
-6.684477e-07
-1.377587e-07
-6.735411e-07
-1.739386e-07
-6.786679e-07
-2.13672e-07
-6.832039e-07
-2.578161e-07
-6.862802e-07
-3.07307e-07
-6.867029e-07
-3.631486e-07
-6.828613e-07
-4.263624e-07
-6.726332e-07
-4.978907e-07
-6.53304e-07
-5.784217e-07
-6.215418e-07
-6.680973e-07
-5.734995e-07
-7.660507e-07
-5.052559e-07
-8.697284e-07
-4.136605e-07
-9.743648e-07
-2.967947e-07
-1.072985e-06
-1.57452e-07
-1.152618e-06
-1.201666e-06
-2.027379e-07
1.401715e-06
-3.717873e-07
1.319496e-06
-5.07239e-07
1.206864e-06
-6.063885e-07
1.072574e-06
-6.744649e-07
9.37403e-07
-7.173656e-07
8.089687e-07
-7.414138e-07
6.924559e-07
-7.520478e-07
5.895533e-07
-7.536e-07
5.000473e-07
-7.493565e-07
4.227732e-07
-7.417219e-07
3.561804e-07
-7.324086e-07
2.986493e-07
-7.226103e-07
2.486502e-07
-7.131441e-07
2.048094e-07
-7.045516e-07
1.659202e-07
-6.971884e-07
1.309426e-07
-6.912851e-07
9.897922e-08
-6.869869e-07
6.924738e-08
-6.843813e-07
4.105086e-08
-6.835146e-07
1.375362e-08
-6.844022e-07
-1.324499e-08
-6.870307e-07
-4.053399e-08
-6.913562e-07
-6.871401e-08
-6.972936e-07
-9.842109e-08
-7.047007e-07
-1.303516e-07
-7.133507e-07
-1.652886e-07
-7.22892e-07
-2.041307e-07
-7.327883e-07
-2.479199e-07
-7.422282e-07
-2.97867e-07
-7.500238e-07
-3.553529e-07
-7.544674e-07
-4.219189e-07
-7.531557e-07
-4.992024e-07
-7.427973e-07
-5.887801e-07
-7.190417e-07
-6.918529e-07
-6.764124e-07
-8.0868e-07
-6.085193e-07
-9.376216e-07
-5.093645e-07
-1.07352e-06
-3.736001e-07
-1.208749e-06
-2.038987e-07
-1.322319e-06
-1.405564e-06
-2.744919e-07
1.676206e-06
-4.810327e-07
1.526036e-06
-6.370544e-07
1.362886e-06
-7.400193e-07
1.175539e-06
-8.019092e-07
9.992929e-07
-8.334834e-07
8.40543e-07
-8.44298e-07
7.032705e-07
-8.417113e-07
5.869667e-07
-8.310806e-07
4.894165e-07
-8.161422e-07
4.078348e-07
-7.994127e-07
3.394508e-07
-7.825445e-07
2.817811e-07
-7.665795e-07
2.326853e-07
-7.521498e-07
1.903797e-07
-7.396319e-07
1.534023e-07
-7.292417e-07
1.205524e-07
-7.210965e-07
9.083404e-08
-7.152556e-07
6.340646e-08
-7.117462e-07
3.754147e-08
-7.105795e-07
1.258688e-08
-7.117589e-07
-1.20656e-08
-7.15283e-07
-3.700988e-08
-7.21143e-07
-6.285403e-08
-7.293142e-07
-9.024983e-08
-7.397408e-07
-1.19925e-07
-7.523097e-07
-1.527198e-07
-7.668103e-07
-1.8963e-07
-7.828731e-07
-2.31857e-07
-7.998749e-07
-2.808653e-07
-8.167843e-07
-3.384436e-07
-8.319597e-07
-4.067435e-07
-8.428945e-07
-4.882675e-07
-8.45856e-07
-5.858186e-07
-8.354771e-07
-7.022318e-07
-8.043614e-07
-8.397957e-07
-7.428691e-07
-9.991139e-07
-6.400839e-07
-1.176305e-06
-4.837697e-07
-1.365063e-06
-2.764125e-07
-1.529677e-06
-1.681977e-06
-3.893601e-07
2.065567e-06
-6.406317e-07
1.777308e-06
-8.173131e-07
1.539567e-06
-9.143805e-07
1.272607e-06
-9.597007e-07
1.044613e-06
-9.707214e-07
8.515636e-07
-9.609502e-07
6.934993e-07
-9.39687e-07
5.657035e-07
-9.130336e-07
4.627631e-07
-8.848185e-07
3.796197e-07
-8.573396e-07
3.119719e-07
-8.318706e-07
2.563121e-07
-8.090806e-07
2.098952e-07
-7.892888e-07
1.705879e-07
-7.726146e-07
1.367281e-07
-7.590701e-07
1.070079e-07
-7.486174e-07
8.038131e-08
-7.412025e-07
5.599159e-08
-7.367762e-07
3.311513e-08
-7.353052e-07
1.11159e-08
-7.367785e-07
-1.059227e-08
-7.412091e-07
-3.257932e-08
-7.486321e-07
-5.543099e-08
-7.590995e-07
-7.978241e-08
-7.726686e-07
-1.063559e-07
-7.89382e-07
-1.360064e-07
-8.092337e-07
-1.697783e-07
-8.321131e-07
-2.089777e-07
-8.577125e-07
-2.552658e-07
-8.853786e-07
-3.107775e-07
-9.13858e-07
-3.782641e-07
-9.408764e-07
-4.612492e-07
-9.626261e-07
-5.640689e-07
-9.730169e-07
-6.918411e-07
-9.627285e-07
-8.500841e-07
-9.181676e-07
-1.043675e-06
-8.216999e-07
-1.272772e-06
-6.448986e-07
-1.541865e-06
-3.928627e-07
-1.781713e-06
-2.07484e-06
-6.105626e-07
2.676129e-06
-8.862804e-07
2.053026e-06
-1.072076e-06
1.725362e-06
-1.141338e-06
1.341869e-06
-1.152718e-06
1.055993e-06
-1.12967e-06
8.285153e-07
-1.089695e-06
6.535245e-07
-1.043379e-06
5.193883e-07
-9.967766e-07
4.161603e-07
-9.529931e-07
3.358362e-07
-9.134352e-07
2.72414e-07
-8.786313e-07
2.215083e-07
-8.48653e-07
1.79917e-07
-8.233522e-07
1.452871e-07
-8.024924e-07
1.158683e-07
-7.858214e-07
9.033693e-08
-7.731089e-07
6.766878e-08
-7.641658e-07
4.704857e-08
-7.588539e-07
2.780317e-08
-7.570892e-07
9.351166e-09
-7.588441e-07
-8.837364e-09
-7.641476e-07
-2.727579e-08
-7.730853e-07
-4.649331e-08
-7.857977e-07
-6.706996e-08
-8.024769e-07
-8.967668e-08
-8.233577e-07
-1.151257e-07
-8.486988e-07
-1.444372e-07
-8.787462e-07
-1.789302e-07
-9.136625e-07
-2.203495e-07
-9.533965e-07
-2.710434e-07
-9.974491e-07
-3.342115e-07
-1.044454e-06
-4.142439e-07
-1.09136e-06
-5.171633e-07
-1.132166e-06
-6.510349e-07
-1.156318e-06
-8.259324e-07
-1.146247e-06
-1.053746e-06
-1.078365e-06
-1.340654e-06
-8.928132e-07
-1.727417e-06
-6.164529e-07
-2.058073e-06
-2.691293e-06
-8.836657e-07
3.559795e-06
-1.203932e-06
2.373292e-06
-1.404479e-06
1.925909e-06
-1.426149e-06
1.363539e-06
-1.38069e-06
1.010534e-06
-1.306329e-06
7.54154e-07
-1.225328e-06
5.725243e-07
-1.147966e-06
4.420255e-07
-1.078236e-06
3.464302e-07
-1.017277e-06
2.748781e-07
-9.649677e-07
2.201042e-07
-9.206707e-07
1.772113e-07
-8.836034e-07
1.428496e-07
-8.530023e-07
1.14686e-07
-8.281943e-07
9.106025e-08
-8.086188e-07
7.076146e-08
-7.938311e-07
5.288106e-08
-7.834961e-07
3.671362e-08
-7.773814e-07
2.168841e-08
-7.753501e-07
7.319958e-09
-7.773579e-07
-6.829622e-09
-7.834499e-07
-2.118378e-08
-7.937638e-07
-3.617945e-08
-8.085335e-07
-5.230027e-08
-8.280962e-07
-7.011397e-08
-8.529003e-07
-9.032156e-08
-8.83512e-07
-1.138255e-07
-9.20614e-07
-1.418283e-07
-9.649844e-07
-1.759792e-07
-1.01743e-06
-2.185977e-07
-1.078624e-06
-2.730177e-07
-1.148746e-06
-3.441214e-07
-1.226743e-06
-4.391667e-07
-1.308746e-06
-5.690318e-07
-1.384643e-06
-7.500359e-07
-1.432101e-06
-1.006288e-06
-1.41339e-06
-1.359365e-06
-1.214903e-06
-1.925903e-06
-8.983438e-07
-2.374632e-06
-3.589636e-06
-1.921168e-06
5.480963e-06
-2.004823e-06
2.456947e-06
-1.990256e-06
1.911342e-06
-1.825937e-06
1.19922e-06
-1.652378e-06
8.369748e-07
-1.495724e-06
5.975e-07
-1.360477e-06
4.372766e-07
-1.246452e-06
3.280012e-07
-1.151609e-06
2.515871e-07
-1.073208e-06
1.964769e-07
-1.008601e-06
1.554972e-07
-9.5551e-07
1.241204e-07
-9.120779e-07
9.941746e-08
-8.768326e-07
7.944076e-08
-8.486292e-07
6.285688e-08
-8.265915e-07
4.872374e-08
-8.100629e-07
3.635246e-08
-7.985686e-07
2.521933e-08
-7.917878e-07
1.490759e-08
-7.895346e-07
5.066811e-09
-7.917497e-07
-4.614513e-09
-7.984923e-07
-1.444126e-08
-8.099481e-07
-2.472365e-08
-8.264382e-07
-3.58101e-08
-8.484384e-07
-4.811382e-08
-8.766069e-07
-6.215308e-08
-9.118236e-07
-7.860874e-08
-9.552406e-07
-9.841127e-08
-1.008342e-06
-1.228774e-07
-1.073009e-06
-1.539306e-07
-1.151561e-06
-1.944664e-07
-1.246717e-06
-2.489656e-07
-1.361346e-06
-3.245376e-07
-1.497742e-06
-4.326355e-07
-1.656886e-06
-5.908915e-07
-1.834093e-06
-8.290807e-07
-2.004408e-06
-1.18905e-06
-2.022581e-06
-1.90773e-06
-1.939959e-06
-2.457255e-06
-5.529595e-06
-2.441117e-06
7.922081e-06
-2.468554e-06
2.484384e-06
-2.387047e-06
1.829834e-06
-2.125796e-06
9.379695e-07
-1.864387e-06
5.755655e-07
-1.635493e-06
3.686059e-07
-1.449424e-06
2.51208e-07
-1.301486e-06
1.800629e-07
-1.184132e-06
1.342333e-07
-1.090661e-06
1.030061e-07
-1.015809e-06
8.064525e-08
-9.556237e-07
6.393506e-08
-9.071889e-07
5.098264e-08
-8.683639e-07
4.061572e-08
-8.375779e-07
3.207088e-08
-8.136807e-07
2.48266e-08
-7.958384e-07
1.851012e-08
-7.834615e-07
1.284242e-08
-7.761579e-07
7.603955e-09
-7.737025e-07
2.611477e-09
-7.760207e-07
-2.296388e-09
-7.831831e-07
-7.278802e-09
-7.954106e-07
-1.24961e-08
-8.130907e-07
-1.813e-08
-8.368073e-07
-2.439724e-08
-8.673879e-07
-3.157248e-08
-9.059748e-07
-4.002189e-08
-9.541289e-07
-5.025713e-08
-1.013979e-06
-6.302701e-08
-1.088427e-06
-7.94825e-08
-1.181407e-06
-1.014868e-07
-1.298155e-06
-1.322171e-07
-1.445327e-06
-1.773665e-07
-1.630334e-06
-2.476279e-07
-1.857338e-06
-3.638879e-07
-2.115701e-06
-5.707176e-07
-2.374279e-06
-9.304719e-07
-2.453504e-06
-1.828505e-06
-2.41733e-06
-2.493429e-06
-7.946925e-06
7.922081e-06
1.040646e-05
1.22363e-05
1.317427e-05
1.374983e-05
1.411844e-05
1.436965e-05
1.454971e-05
1.468394e-05
1.478695e-05
1.48676e-05
1.493153e-05
1.498251e-05
1.502313e-05
1.50552e-05
1.508003e-05
1.509854e-05
1.511138e-05
1.511898e-05
1.512159e-05
1.51193e-05
1.511202e-05
1.509952e-05
1.508139e-05
1.5057e-05
1.502542e-05
1.49854e-05
1.493514e-05
1.487212e-05
1.479263e-05
1.469115e-05
1.455893e-05
1.438156e-05
1.413394e-05
1.377005e-05
1.319933e-05
1.226886e-05
1.044035e-05
7.946925e-06
)
;

boundaryField
{
    movingWall
    {
        type            calculated;
        value           uniform 0;
    }
    fixedWalls
    {
        type            calculated;
        value           uniform 0;
    }
    frontAndBack
    {
        type            empty;
    }
}


// ************************************************************************* //
