/*--------------------------------*- C++ -*----------------------------------*\
| =========                 |                                                 |
| \\      /  F ield         | OpenFOAM: The Open Source CFD Toolbox           |
|  \\    /   O peration     | Version:  2412                                  |
|   \\  /    A nd           | Website:  www.openfoam.com                      |
|    \\/     M anipulation  |                                                 |
\*---------------------------------------------------------------------------*/
FoamFile
{
    version     2.0;
    format      ascii;
    arch        "LSB;label=32;scalar=64";
    class       volVectorField;
    location    "0.2";
    object      U;
}
// * * * * * * * * * * * * * * * * * * * * * * * * * * * * * * * * * * * * * //

dimensions      [0 1 -1 0 0 0 0];

internalField   nonuniform List<vector> 
1600
(
(-2.171483e-06 2.170411e-06 0)
(-6.507916e-06 2.163381e-06 0)
(-1.080958e-05 2.135429e-06 0)
(-1.504131e-05 2.093771e-06 0)
(-1.917631e-05 2.038771e-06 0)
(-2.318832e-05 1.970891e-06 0)
(-2.705213e-05 1.89069e-06 0)
(-3.074371e-05 1.798812e-06 0)
(-3.424044e-05 1.695974e-06 0)
(-3.752114e-05 1.58295e-06 0)
(-4.056626e-05 1.460564e-06 0)
(-4.335794e-05 1.329672e-06 0)
(-4.588004e-05 1.191157e-06 0)
(-4.811822e-05 1.045915e-06 0)
(-5.005993e-05 8.948504e-07 0)
(-5.169442e-05 7.388688e-07 0)
(-5.301278e-05 5.788735e-07 0)
(-5.400788e-05 4.157633e-07 0)
(-5.467438e-05 2.504316e-07 0)
(-5.500873e-05 8.376709e-08 0)
(-5.500915e-05 -8.334463e-08 0)
(-5.467563e-05 -2.500191e-07 0)
(-5.400994e-05 -4.153707e-07 0)
(-5.30156e-05 -5.785102e-07 0)
(-5.169793e-05 -7.385435e-07 0)
(-5.006404e-05 -8.945711e-07 0)
(-4.812284e-05 -1.045689e-06 0)
(-4.588505e-05 -1.190989e-06 0)
(-4.336322e-05 -1.329567e-06 0)
(-4.057169e-05 -1.460525e-06 0)
(-3.752657e-05 -1.582979e-06 0)
(-3.424575e-05 -1.696069e-06 0)
(-3.074877e-05 -1.798972e-06 0)
(-2.70568e-05 -1.890911e-06 0)
(-2.31925e-05 -1.971168e-06 0)
(-1.917988e-05 -2.039097e-06 0)
(-1.504419e-05 -2.094138e-06 0)
(-1.081168e-05 -2.135828e-06 0)
(-6.509201e-06 -2.163802e-06 0)
(-2.171915e-06 -2.170841e-06 0)
(-2.192488e-06 6.532961e-06 0)
(-6.57083e-06 6.511763e-06 0)
(-1.091396e-05 6.427564e-06 0)
(-1.518634e-05 6.302083e-06 0)
(-1.936086e-05 6.13642e-06 0)
(-2.341097e-05 5.931976e-06 0)
(-2.731119e-05 5.690442e-06 0)
(-3.103729e-05 5.413763e-06 0)
(-3.45664e-05 5.104104e-06 0)
(-3.787719e-05 4.763806e-06 0)
(-4.094997e-05 4.395353e-06 0)
(-4.376676e-05 4.00133e-06 0)
(-4.631132e-05 3.584396e-06 0)
(-4.856924e-05 3.147251e-06 0)
(-5.052793e-05 2.692618e-06 0)
(-5.217661e-05 2.223219e-06 0)
(-5.350634e-05 1.74177e-06 0)
(-5.450997e-05 1.250972e-06 0)
(-5.518216e-05 7.535069e-07 0)
(-5.551937e-05 2.520423e-07 0)
(-5.55198e-05 -2.507645e-07 0)
(-5.518345e-05 -7.522595e-07 0)
(-5.451208e-05 -1.249785e-06 0)
(-5.350922e-05 -1.740671e-06 0)
(-5.21802e-05 -2.222235e-06 0)
(-5.053214e-05 -2.691772e-06 0)
(-4.857397e-05 -3.146566e-06 0)
(-4.631646e-05 -3.583888e-06 0)
(-4.377217e-05 -4.001013e-06 0)
(-4.095554e-05 -4.395235e-06 0)
(-3.788277e-05 -4.763892e-06 0)
(-3.457184e-05 -5.104392e-06 0)
(-3.104247e-05 -5.414247e-06 0)
(-2.731599e-05 -5.691111e-06 0)
(-2.341525e-05 -5.932815e-06 0)
(-1.936452e-05 -6.137408e-06 0)
(-1.51893e-05 -6.303195e-06 0)
(-1.091613e-05 -6.428772e-06 0)
(-6.572149e-06 -6.513037e-06 0)
(-2.192931e-06 -6.534266e-06 0)
(-2.2207e-06 1.094505e-05 0)
(-6.655319e-06 1.090942e-05 0)
(-1.105409e-05 1.076815e-05 0)
(-1.538088e-05 1.055763e-05 0)
(-1.960815e-05 1.027972e-05 0)
(-2.370895e-05 9.93679e-06 0)
(-2.765742e-05 9.531707e-06 0)
(-3.142902e-05 9.067754e-06 0)
(-3.500061e-05 8.548586e-06 0)
(-3.835066e-05 7.978152e-06 0)
(-4.145931e-05 7.360633e-06 0)
(-4.430846e-05 6.700381e-06 0)
(-4.68818e-05 6.00186e-06 0)
(-4.916488e-05 5.269602e-06 0)
(-5.114509e-05 4.508165e-06 0)
(-5.281166e-05 3.722108e-06 0)
(-5.415566e-05 2.915967e-06 0)
(-5.516998e-05 2.094249e-06 0)
(-5.584929e-05 1.261425e-06 0)
(-5.619005e-05 4.219415e-07 0)
(-5.619051e-05 -4.197775e-07 0)
(-5.585063e-05 -1.259313e-06 0)
(-5.517219e-05 -2.092238e-06 0)
(-5.415868e-05 -2.914106e-06 0)
(-5.281542e-05 -3.720441e-06 0)
(-5.11495e-05 -4.506733e-06 0)
(-4.916984e-05 -5.26844e-06 0)
(-4.688718e-05 -6.000999e-06 0)
(-4.431414e-05 -6.699842e-06 0)
(-4.146515e-05 -7.360432e-06 0)
(-3.835651e-05 -7.978295e-06 0)
(-3.500632e-05 -8.549073e-06 0)
(-3.143446e-05 -9.068574e-06 0)
(-2.766245e-05 -9.532841e-06 0)
(-2.371344e-05 -9.938211e-06 0)
(-1.9612e-05 -1.028139e-05 0)
(-1.538398e-05 -1.055951e-05 0)
(-1.105636e-05 -1.07702e-05 0)
(-6.656704e-06 -1.091158e-05 0)
(-2.221166e-06 -1.094727e-05 0)
(-2.263338e-06 1.542758e-05 0)
(-6.783005e-06 1.537712e-05 0)
(-1.126583e-05 1.517754e-05 0)
(-1.567483e-05 1.488016e-05 0)
(-1.998176e-05 1.448765e-05 0)
(-2.415906e-05 1.400341e-05 0)
(-2.818032e-05 1.343151e-05 0)
(-3.202051e-05 1.277665e-05 0)
(-3.565612e-05 1.204405e-05 0)
(-3.906527e-05 1.123933e-05 0)
(-4.222789e-05 1.036842e-05 0)
(-4.512568e-05 9.437498e-06 0)
(-4.774226e-05 8.452885e-06 0)
(-5.00631e-05 7.420981e-06 0)
(-5.20756e-05 6.348209e-06 0)
(-5.376899e-05 5.24098e-06 0)
(-5.513438e-05 4.105665e-06 0)
(-5.61647e-05 2.948575e-06 0)
(-5.685466e-05 1.775972e-06 0)
(-5.720076e-05 5.940649e-07 0)
(-5.720125e-05 -5.909636e-07 0)
(-5.68561e-05 -1.772944e-06 0)
(-5.616706e-05 -2.945692e-06 0)
(-5.513761e-05 -4.102995e-06 0)
(-5.377301e-05 -5.238589e-06 0)
(-5.208032e-05 -6.346154e-06 0)
(-5.006841e-05 -7.419313e-06 0)
(-4.774802e-05 -8.451648e-06 0)
(-4.513176e-05 -9.436722e-06 0)
(-4.223413e-05 -1.036813e-05 0)
(-3.907154e-05 -1.123953e-05 0)
(-3.566224e-05 -1.204475e-05 0)
(-3.202635e-05 -1.277783e-05 0)
(-2.818572e-05 -1.343313e-05 0)
(-2.416388e-05 -1.400544e-05 0)
(-1.998589e-05 -1.449005e-05 0)
(-1.567815e-05 -1.488287e-05 0)
(-1.126827e-05 -1.518048e-05 0)
(-6.784491e-06 -1.538022e-05 0)
(-2.263838e-06 -1.543076e-05 0)
(-2.320788e-06 2.001015e-05 0)
(-6.955037e-06 1.994428e-05 0)
(-1.155109e-05 1.968462e-05 0)
(-1.607077e-05 1.929777e-05 0)
(-2.048491e-05 1.878728e-05 0)
(-2.476509e-05 1.815764e-05 0)
(-2.888417e-05 1.741424e-05 0)
(-3.281647e-05 1.656328e-05 0)
(-3.653794e-05 1.561163e-05 0)
(-4.00263e-05 1.456668e-05 0)
(-4.326114e-05 1.343622e-05 0)
(-4.622399e-05 1.222832e-05 0)
(-4.889832e-05 1.095122e-05 0)
(-5.126956e-05 9.613243e-06 0)
(-5.332509e-05 8.222726e-06 0)
(-5.50542e-05 6.787957e-06 0)
(-5.644807e-05 5.317149e-06 0)
(-5.749967e-05 3.818427e-06 0)
(-5.82038e-05 2.299827e-06 0)
(-5.855699e-05 7.693126e-07 0)
(-5.855751e-05 -7.652007e-07 0)
(-5.820536e-05 -2.295812e-06 0)
(-5.750224e-05 -3.814604e-06 0)
(-5.645158e-05 -5.313608e-06 0)
(-5.505858e-05 -6.784784e-06 0)
(-5.333023e-05 -8.219998e-06 0)
(-5.127533e-05 -9.611028e-06 0)
(-4.890459e-05 -1.094957e-05 0)
(-4.623061e-05 -1.222729e-05 0)
(-4.326795e-05 -1.343583e-05 0)
(-4.003313e-05 -1.456695e-05 0)
(-3.654462e-05 -1.561255e-05 0)
(-3.282284e-05 -1.656484e-05 0)
(-2.889007e-05 -1.741639e-05 0)
(-2.477036e-05 -1.816034e-05 0)
(-2.048942e-05 -1.879047e-05 0)
(-1.60744e-05 -1.930137e-05 0)
(-1.155376e-05 -1.968852e-05 0)
(-6.956664e-06 -1.99484e-05 0)
(-2.321334e-06 -2.001437e-05 0)
(-2.393567e-06 2.472286e-05 0)
(-7.172961e-06 2.464081e-05 0)
(-1.19124e-05 2.431872e-05 0)
(-1.657216e-05 2.383895e-05 0)
(-2.11219e-05 2.3206e-05 0)
(-2.553211e-05 2.242556e-05 0)
(-2.977468e-05 2.150448e-05 0)
(-3.382312e-05 2.045057e-05 0)
(-3.765272e-05 1.92725e-05 0)
(-4.124069e-05 1.797955e-05 0)
(-4.456625e-05 1.658147e-05 0)
(-4.761068e-05 1.508835e-05 0)
(-5.035733e-05 1.351044e-05 0)
(-5.27916e-05 1.185807e-05 0)
(-5.490088e-05 1.014152e-05 0)
(-5.667456e-05 8.370991e-06 0)
(-5.810391e-05 6.556565e-06 0)
(-5.918202e-05 4.70817e-06 0)
(-5.990377e-05 2.835606e-06 0)
(-6.026579e-05 9.485616e-07 0)
(-6.026637e-05 -9.433424e-07 0)
(-5.99055e-05 -2.830509e-06 0)
(-5.918486e-05 -4.703316e-06 0)
(-5.810779e-05 -6.552067e-06 0)
(-5.66794e-05 -8.366958e-06 0)
(-5.490656e-05 -1.013805e-05 0)
(-5.279798e-05 -1.185525e-05 0)
(-5.036427e-05 -1.350834e-05 0)
(-4.761802e-05 -1.508703e-05 0)
(-4.457379e-05 -1.658096e-05 0)
(-4.124826e-05 -1.797987e-05 0)
(-3.766013e-05 -1.927366e-05 0)
(-3.383019e-05 -2.045254e-05 0)
(-2.978122e-05 -2.150721e-05 0)
(-2.553796e-05 -2.2429e-05 0)
(-2.112691e-05 -2.321006e-05 0)
(-1.65762e-05 -2.384353e-05 0)
(-1.191537e-05 -2.432369e-05 0)
(-7.174771e-06 -2.464606e-05 0)
(-2.394175e-06 -2.472824e-05 0)
(-2.482348e-06 2.959704e-05 0)
(-7.438776e-06 2.949782e-05 0)
(-1.235304e-05 2.91103e-05 0)
(-1.718348e-05 2.853321e-05 0)
(-2.18983e-05 2.777212e-05 0)
(-2.646662e-05 2.683407e-05 0)
(-3.085916e-05 2.572748e-05 0)
(-3.504845e-05 2.4462e-05 0)
(-3.900896e-05 2.304823e-05 0)
(-4.271733e-05 2.149752e-05 0)
(-4.615234e-05 1.982177e-05 0)
(-4.929502e-05 1.803319e-05 0)
(-5.21286e-05 1.614416e-05 0)
(-5.463848e-05 1.41671e-05 0)
(-5.681217e-05 1.211431e-05 0)
(-5.863916e-05 9.997953e-06 0)
(-6.011089e-05 7.829973e-06 0)
(-6.122063e-05 5.622102e-06 0)
(-6.196341e-05 3.385876e-06 0)
(-6.233594e-05 1.132674e-06 0)
(-6.233659e-05 -1.126225e-06 0)
(-6.196534e-05 -3.379577e-06 0)
(-6.12238e-05 -5.616101e-06 0)
(-6.011522e-05 -7.824411e-06 0)
(-5.864456e-05 -9.992963e-06 0)
(-5.681852e-05 -1.211001e-05 0)
(-5.464563e-05 -1.41636e-05 0)
(-5.213637e-05 -1.614155e-05 0)
(-4.930323e-05 -1.803154e-05 0)
(-4.61608e-05 -1.982113e-05 0)
(-4.272583e-05 -2.149792e-05 0)
(-3.901729e-05 -2.304966e-05 0)
(-3.505639e-05 -2.446443e-05 0)
(-3.086653e-05 -2.573086e-05 0)
(-2.647321e-05 -2.683832e-05 0)
(-2.190394e-05 -2.777715e-05 0)
(-1.718804e-05 -2.853888e-05 0)
(-1.235638e-05 -2.911646e-05 0)
(-7.440816e-06 -2.950432e-05 0)
(-2.483033e-06 -2.96037e-05 0)
(-2.587972e-06 3.466549e-05 0)
(-7.754988e-06 3.454784e-05 0)
(-1.287711e-05 3.409118e-05 0)
(-1.791033e-05 3.341135e-05 0)
(-2.282104e-05 3.25151e-05 0)
(-2.757675e-05 3.141101e-05 0)
(-3.214674e-05 3.010932e-05 0)
(-3.650237e-05 2.862168e-05 0)
(-4.061719e-05 2.696088e-05 0)
(-4.446715e-05 2.514055e-05 0)
(-4.803059e-05 2.317491e-05 0)
(-5.128829e-05 2.107849e-05 0)
(-5.422342e-05 1.886595e-05 0)
(-5.682145e-05 1.655189e-05 0)
(-5.907003e-05 1.415071e-05 0)
(-6.09589e-05 1.167658e-05 0)
(-6.247976e-05 9.143302e-06 0)
(-6.362611e-05 6.564411e-06 0)
(-6.43932e-05 3.953137e-06 0)
(-6.477789e-05 1.322489e-06 0)
(-6.477862e-05 -1.314661e-06 0)
(-6.439538e-05 -3.945489e-06 0)
(-6.362969e-05 -6.557123e-06 0)
(-6.248465e-05 -9.136543e-06 0)
(-6.0965e-05 -1.167051e-05 0)
(-5.90772e-05 -1.414548e-05 0)
(-5.682952e-05 -1.654762e-05 0)
(-5.423221e-05 -1.886277e-05 0)
(-5.129759e-05 -2.107647e-05 0)
(-4.804017e-05 -2.317412e-05 0)
(-4.447678e-05 -2.514101e-05 0)
(-4.062664e-05 -2.696259e-05 0)
(-3.651139e-05 -2.862462e-05 0)
(-3.215511e-05 -3.011342e-05 0)
(-2.758425e-05 -3.141618e-05 0)
(-2.282747e-05 -3.252122e-05 0)
(-1.791552e-05 -3.341825e-05 0)
(-1.288091e-05 -3.40987e-05 0)
(-7.757313e-06 -3.455577e-05 0)
(-2.588753e-06 -3.467362e-05 0)
(-2.711475e-06 3.99629e-05 0)
(-8.124678e-06 3.982527e-05 0)
(-1.348965e-05 3.929495e-05 0)
(-1.875956e-05 3.850574e-05 0)
(-2.389863e-05 3.74658e-05 0)
(-2.887241e-05 3.618545e-05 0)
(-3.36485e-05 3.467703e-05 0)
(-3.819689e-05 3.295447e-05 0)
(-4.249009e-05 3.103304e-05 0)
(-4.650329e-05 2.892891e-05 0)
(-5.02144e-05 2.665886e-05 0)
(-5.360398e-05 2.423996e-05 0)
(-5.665521e-05 2.168931e-05 0)
(-5.935372e-05 1.902384e-05 0)
(-6.168748e-05 1.626014e-05 0)
(-6.364657e-05 1.341438e-05 0)
(-6.522305e-05 1.050229e-05 0)
(-6.641079e-05 7.539137e-06 0)
(-6.720533e-05 4.539789e-06 0)
(-6.760373e-05 1.518813e-06 0)
(-6.760456e-05 -1.509424e-06 0)
(-6.72078e-05 -4.530615e-06 0)
(-6.641485e-05 -7.530389e-06 0)
(-6.522861e-05 -1.049417e-05 0)
(-6.36535e-05 -1.340709e-05 0)
(-6.169563e-05 -1.625384e-05 0)
(-5.936291e-05 -1.90187e-05 0)
(-5.666522e-05 -2.168546e-05 0)
(-5.361458e-05 -2.423751e-05 0)
(-5.022534e-05 -2.665787e-05 0)
(-4.651431e-05 -2.892943e-05 0)
(-4.25009e-05 -3.103507e-05 0)
(-3.820722e-05 -3.295799e-05 0)
(-3.365809e-05 -3.468195e-05 0)
(-2.8881e-05 -3.619167e-05 0)
(-2.390601e-05 -3.747315e-05 0)
(-1.876552e-05 -3.851405e-05 0)
(-1.349402e-05 -3.930401e-05 0)
(-8.127351e-06 -3.983484e-05 0)
(-2.712373e-06 -3.99727e-05 0)
(-2.854115e-06 4.552625e-05 0)
(-8.551587e-06 4.536672e-05 0)
(-1.419678e-05 4.475726e-05 0)
(-1.973949e-05 4.385066e-05 0)
(-2.514133e-05 4.265673e-05 0)
(-3.036552e-05 4.118786e-05 0)
(-3.537773e-05 3.945878e-05 0)
(-4.014636e-05 3.74861e-05 0)
(-4.464275e-05 3.528788e-05 0)
(-4.884132e-05 3.28832e-05 0)
(-5.271953e-05 3.02917e-05 0)
(-5.625784e-05 2.753324e-05 0)
(-5.943955e-05 2.462757e-05 0)
(-6.225063e-05 2.159409e-05 0)
(-6.467949e-05 1.845168e-05 0)
(-6.671675e-05 1.521858e-05 0)
(-6.8355e-05 1.19124e-05 0)
(-6.958862e-05 8.550095e-06 0)
(-7.041353e-05 5.148096e-06 0)
(-7.08271e-05 1.722404e-06 0)
(-7.082805e-05 -1.711239e-06 0)
(-7.041635e-05 -5.137184e-06 0)
(-6.959325e-05 -8.539686e-06 0)
(-6.836135e-05 -1.190273e-05 0)
(-6.672467e-05 -1.520989e-05 0)
(-6.468881e-05 -1.844416e-05 0)
(-6.226115e-05 -2.158794e-05 0)
(-5.945102e-05 -2.462295e-05 0)
(-5.627e-05 -2.753028e-05 0)
(-5.27321e-05 -3.029049e-05 0)
(-4.885398e-05 -3.288378e-05 0)
(-4.46552e-05 -3.529027e-05 0)
(-4.015827e-05 -3.749026e-05 0)
(-3.538879e-05 -3.946463e-05 0)
(-3.037545e-05 -4.119527e-05 0)
(-2.514985e-05 -4.266551e-05 0)
(-1.974638e-05 -4.386059e-05 0)
(-1.420184e-05 -4.47681e-05 0)
(-8.554681e-06 -4.537817e-05 0)
(-2.855155e-06 -4.553799e-05 0)
(-3.017411e-06 5.139529e-05 0)
(-9.04023e-06 5.121148e-05 0)
(-1.500587e-05 5.051628e-05 0)
(-2.08601e-05 4.948266e-05 0)
(-2.656143e-05 4.812241e-05 0)
(-3.207036e-05 4.645035e-05 0)
(-3.735027e-05 4.448404e-05 0)
(-4.236779e-05 4.224321e-05 0)
(-4.709299e-05 3.974919e-05 0)
(-5.149947e-05 3.702434e-05 0)
(-5.556435e-05 3.409156e-05 0)
(-5.92681e-05 3.097381e-05 0)
(-6.259435e-05 2.769373e-05 0)
(-6.552962e-05 2.427338e-05 0)
(-6.806299e-05 2.0734e-05 0)
(-7.018585e-05 1.709595e-05 0)
(-7.189154e-05 1.337869e-05 0)
(-7.31751e-05 9.6008e-06 0)
(-7.403302e-05 5.780126e-06 0)
(-7.446307e-05 1.933959e-06 0)
(-7.446415e-05 -1.920765e-06 0)
(-7.403625e-05 -5.767227e-06 0)
(-7.31804e-05 -9.588488e-06 0)
(-7.189881e-05 -1.336725e-05 0)
(-7.019493e-05 -1.708565e-05 0)
(-6.807369e-05 -2.072507e-05 0)
(-6.55417e-05 -2.426606e-05 0)
(-6.260755e-05 -2.768821e-05 0)
(-5.928212e-05 -3.097025e-05 0)
(-5.557885e-05 -3.409007e-05 0)
(-5.15141e-05 -3.702498e-05 0)
(-4.710738e-05 -3.975198e-05 0)
(-4.238158e-05 -4.224811e-05 0)
(-3.73631e-05 -4.449096e-05 0)
(-3.208188e-05 -4.645913e-05 0)
(-2.657134e-05 -4.813284e-05 0)
(-2.086811e-05 -4.949448e-05 0)
(-1.501176e-05 -5.052918e-05 0)
(-9.043833e-06 -5.122512e-05 0)
(-3.018622e-06 -5.140927e-05 0)
(-3.203194e-06 5.761309e-05 0)
(-9.596044e-06 5.740209e-05 0)
(-1.592577e-05 5.661321e-05 0)
(-2.213336e-05 5.544102e-05 0)
(-2.817364e-05 5.389967e-05 0)
(-3.400389e-05 5.200693e-05 0)
(-3.958487e-05 4.978373e-05 0)
(-4.488121e-05 4.725348e-05 0)
(-4.986162e-05 4.444134e-05 0)
(-5.449895e-05 4.137348e-05 0)
(-5.877006e-05 3.807649e-05 0)
(-6.265567e-05 3.457682e-05 0)
(-6.613998e-05 3.09003e-05 0)
(-6.921036e-05 2.707181e-05 0)
(-7.185691e-05 2.311509e-05 0)
(-7.407205e-05 1.905265e-05 0)
(-7.585016e-05 1.49057e-05 0)
(-7.718718e-05 1.069435e-05 0)
(-7.808037e-05 6.437689e-06 0)
(-7.852799e-05 2.154084e-06 0)
(-7.852924e-05 -2.138565e-06 0)
(-7.808407e-05 -6.422512e-06 0)
(-7.719327e-05 -1.067985e-05 0)
(-7.585851e-05 -1.489222e-05 0)
(-7.408249e-05 -1.904048e-05 0)
(-7.186922e-05 -2.310454e-05 0)
(-6.922429e-05 -2.706312e-05 0)
(-6.615521e-05 -3.089372e-05 0)
(-6.267186e-05 -3.457254e-05 0)
(-5.878683e-05 -3.807465e-05 0)
(-5.45159e-05 -4.137415e-05 0)
(-4.987833e-05 -4.444456e-05 0)
(-4.489725e-05 -4.725922e-05 0)
(-3.959981e-05 -4.979187e-05 0)
(-3.401733e-05 -5.201728e-05 0)
(-2.818521e-05 -5.3912e-05 0)
(-2.214272e-05 -5.545502e-05 0)
(-1.593266e-05 -5.662851e-05 0)
(-9.600258e-06 -5.741828e-05 0)
(-3.204612e-06 -5.76297e-05 0)
(-3.413671e-06 6.422675e-05 0)
(-1.022557e-05 6.398497e-05 0)
(-1.696714e-05 6.309284e-05 0)
(-2.357364e-05 6.176819e-05 0)
(-2.999552e-05 6.002806e-05 0)
(-3.618629e-05 5.789378e-05 0)
(-4.210371e-05 5.539037e-05 0)
(-4.771018e-05 5.254564e-05 0)
(-5.297299e-05 4.938924e-05 0)
(-5.786431e-05 4.595183e-05 0)
(-6.236101e-05 4.226424e-05 0)
(-6.64443e-05 3.835684e-05 0)
(-7.009937e-05 3.425898e-05 0)
(-7.331482e-05 2.999862e-05 0)
(-7.608215e-05 2.560207e-05 0)
(-7.839524e-05 2.109397e-05 0)
(-8.024983e-05 1.649723e-05 0)
(-8.164311e-05 1.183328e-05 0)
(-8.257328e-05 7.122242e-06 0)
(-8.303932e-05 2.383268e-06 0)
(-8.304075e-05 -2.365081e-06 0)
(-8.257753e-05 -7.10445e-06 0)
(-8.16501e-05 -1.181628e-05 0)
(-8.025943e-05 -1.648139e-05 0)
(-7.840725e-05 -2.107965e-05 0)
(-7.609634e-05 -2.558962e-05 0)
(-7.333089e-05 -2.998834e-05 0)
(-7.011697e-05 -3.425116e-05 0)
(-6.646304e-05 -3.835171e-05 0)
(-6.238046e-05 -4.226196e-05 0)
(-5.788401e-05 -4.595252e-05 0)
(-5.299244e-05 -4.939294e-05 0)
(-4.772888e-05 -5.255231e-05 0)
(-4.212116e-05 -5.53999e-05 0)
(-3.620202e-05 -5.790596e-05 0)
(-3.000907e-05 -6.00426e-05 0)
(-2.358462e-05 -6.178473e-05 0)
(-1.697523e-05 -6.311095e-05 0)
(-1.023052e-05 -6.400415e-05 0)
(-3.415336e-06 -6.424643e-05 0)
(-3.651503e-06 7.128822e-05 0)
(-1.09367e-05 7.10112e-05 0)
(-1.814278e-05 7.000427e-05 0)
(-2.519814e-05 6.851042e-05 0)
(-3.204805e-05 6.655027e-05 0)
(-3.864157e-05 6.414955e-05 0)
(-4.493301e-05 6.133824e-05 0)
(-5.088234e-05 5.814945e-05 0)
(-5.645543e-05 5.461823e-05 0)
(-6.162395e-05 5.078049e-05 0)
(-6.636505e-05 4.667198e-05 0)
(-7.066093e-05 4.232753e-05 0)
(-7.449821e-05 3.778039e-05 0)
(-7.786727e-05 3.306181e-05 0)
(-8.076156e-05 2.82008e-05 0)
(-8.317689e-05 2.322407e-05 0)
(-8.511084e-05 1.815611e-05 0)
(-8.656217e-05 1.30194e-05 0)
(-8.753038e-05 7.834786e-06 0)
(-8.801532e-05 2.621847e-06 0)
(-8.801695e-05 -2.600598e-06 0)
(-8.753526e-05 -7.813988e-06 0)
(-8.657021e-05 -1.29995e-05 0)
(-8.512188e-05 -1.813754e-05 0)
(-8.319072e-05 -2.320726e-05 0)
(-8.077792e-05 -2.818614e-05 0)
(-7.788583e-05 -3.304967e-05 0)
(-7.451857e-05 -3.77711e-05 0)
(-7.068266e-05 -4.232136e-05 0)
(-6.638764e-05 -4.666916e-05 0)
(-6.164687e-05 -5.078115e-05 0)
(-5.647812e-05 -5.462245e-05 0)
(-5.09042e-05 -5.815718e-05 0)
(-4.495345e-05 -6.134936e-05 0)
(-3.866003e-05 -6.416384e-05 0)
(-3.206398e-05 -6.65674e-05 0)
(-2.521107e-05 -6.852994e-05 0)
(-1.815231e-05 -7.002567e-05 0)
(-1.094254e-05 -7.10339e-05 0)
(-3.653468e-06 -7.131152e-05 0)
(-3.919922e-06 7.885529e-05 0)
(-1.1739e-05 7.85375e-05 0)
(-1.946816e-05 7.740173e-05 0)
(-2.702763e-05 7.571844e-05 0)
(-3.435639e-05 7.35127e-05 0)
(-4.139833e-05 7.081567e-05 0)
(-4.810381e-05 6.766349e-05 0)
(-5.443018e-05 6.409572e-05 0)
(-6.034195e-05 6.015389e-05 0)
(-6.581057e-05 5.588012e-05 0)
(-7.081397e-05 5.131592e-05 0)
(-7.53359e-05 4.650118e-05 0)
(-7.936509e-05 4.14735e-05 0)
(-8.28944e-05 3.626768e-05 0)
(-8.591988e-05 3.091548e-05 0)
(-8.843993e-05 2.544561e-05 0)
(-9.04545e-05 1.988388e-05 0)
(-9.196443e-05 1.425354e-05 0)
(-9.297084e-05 8.575719e-06 0)
(-9.347471e-05 2.869953e-06 0)
(-9.347658e-05 -2.845191e-06 0)
(-9.297644e-05 -8.55147e-06 0)
(-9.197366e-05 -1.423031e-05 0)
(-9.046719e-05 -1.986217e-05 0)
(-8.845585e-05 -2.542591e-05 0)
(-8.593874e-05 -3.089825e-05 0)
(-8.291584e-05 -3.625335e-05 0)
(-7.938867e-05 -4.146246e-05 0)
(-7.536111e-05 -4.649376e-05 0)
(-7.084025e-05 -5.13124e-05 0)
(-6.58373e-05 -5.588069e-05 0)
(-6.036847e-05 -6.015864e-05 0)
(-5.44558e-05 -6.410464e-05 0)
(-4.812782e-05 -6.767645e-05 0)
(-4.142005e-05 -7.083241e-05 0)
(-3.437517e-05 -7.353282e-05 0)
(-2.704289e-05 -7.574145e-05 0)
(-1.947943e-05 -7.742702e-05 0)
(-1.174591e-05 -7.856435e-05 0)
(-3.922247e-06 -7.888288e-05 0)
(-4.222863e-06 8.699291e-05 0)
(-1.264411e-05 8.66274e-05 0)
(-2.096211e-05 8.534566e-05 0)
(-2.908718e-05 8.344828e-05 0)
(-3.695082e-05 8.096596e-05 0)
(-4.449078e-05 7.793671e-05 0)
(-5.165297e-05 7.440426e-05 0)
(-5.839194e-05 7.041613e-05 0)
(-6.467103e-05 6.602169e-05 0)
(-7.046192e-05 6.127048e-05 0)
(-7.574399e-05 5.621071e-05 0)
(-8.050334e-05 5.088811e-05 0)
(-8.473171e-05 4.53451e-05 0)
(-8.842529e-05 3.962025e-05 0)
(-9.158363e-05 3.374811e-05 0)
(-9.420849e-05 2.775923e-05 0)
(-9.630291e-05 2.168044e-05 0)
(-9.787033e-05 1.553529e-05 0)
(-9.891397e-05 9.344673e-06 0)
(-9.943623e-05 3.12746e-06 0)
(-9.943838e-05 -3.098672e-06 0)
(-9.892039e-05 -9.316463e-06 0)
(-9.788091e-05 -1.550824e-05 0)
(-9.631747e-05 -2.165511e-05 0)
(-9.42268e-05 -2.773617e-05 0)
(-9.160536e-05 -3.372787e-05 0)
(-8.845004e-05 -3.960333e-05 0)
(-8.475899e-05 -4.533197e-05 0)
(-8.05326e-05 -5.087918e-05 0)
(-7.577457e-05 -5.620631e-05 0)
(-7.049312e-05 -6.127086e-05 0)
(-6.470207e-05 -6.6027e-05 0)
(-5.842201e-05 -7.042637e-05 0)
(-5.168122e-05 -7.441931e-05 0)
(-4.451641e-05 -7.795627e-05 0)
(-3.697303e-05 -8.09896e-05 0)
(-2.910526e-05 -8.347539e-05 0)
(-2.097548e-05 -8.537552e-05 0)
(-1.265231e-05 -8.665916e-05 0)
(-4.225627e-06 -8.702557e-05 0)
(-4.565162e-06 9.577469e-05 0)
(-1.366628e-05 9.535272e-05 0)
(-2.264759e-05 9.390393e-05 0)
(-3.140733e-05 9.176227e-05 0)
(-3.986796e-05 8.896563e-05 0)
(-4.796003e-05 8.556069e-05 0)
(-5.562439e-05 8.16007e-05 0)
(-6.281276e-05 7.7143e-05 0)
(-6.94876e-05 7.224656e-05 0)
(-7.562154e-05 6.696979e-05 0)
(-8.119633e-05 6.136878e-05 0)
(-8.620151e-05 5.549591e-05 0)
(-9.063296e-05 4.939895e-05 0)
(-9.449139e-05 4.312048e-05 0)
(-9.77809e-05 3.669779e-05 0)
(-0.0001005076 3.016302e-05 0)
(-0.0001026784 2.354355e-05 0)
(-0.0001043002 1.686267e-05 0)
(-0.0001053787 1.01403e-05 0)
(-0.0001059181 3.393915e-06 0)
(-0.0001059205 -3.360521e-06 0)
(-0.000105386 -1.010755e-05 0)
(-0.0001043123 -1.683122e-05 0)
(-0.0001026951 -2.351404e-05 0)
(-0.0001005286 -3.013608e-05 0)
(-9.78059e-05 -3.667404e-05 0)
(-9.451994e-05 -4.310051e-05 0)
(-9.066452e-05 -4.938332e-05 0)
(-8.623545e-05 -5.548513e-05 0)
(-8.123193e-05 -6.136325e-05 0)
(-7.565798e-05 -6.696985e-05 0)
(-6.952397e-05 -7.225241e-05 0)
(-6.284811e-05 -7.715469e-05 0)
(-5.565772e-05 -8.161811e-05 0)
(-4.799034e-05 -8.558351e-05 0)
(-3.98943e-05 -8.899337e-05 0)
(-3.142882e-05 -9.179422e-05 0)
(-2.266351e-05 -9.393922e-05 0)
(-1.367606e-05 -9.539033e-05 0)
(-4.568457e-06 -9.581339e-05 0)
(-4.952797e-06 0.000105285 0)
(-1.482316e-05 0.0001047955 0)
(-2.455289e-05 0.0001031535 0)
(-3.402548e-05 0.0001007303 0)
(-4.31524e-05 9.757301e-05 0)
(-5.185572e-05 9.373944e-05 0)
(-6.007065e-05 8.929487e-05 0)
(-6.774608e-05 8.43089e-05 0)
(-7.484424e-05 7.88522e-05 0)
(-8.13397e-05 7.299388e-05 0)
(-8.721787e-05 6.679928e-05 0)
(-9.247317e-05 6.032838e-05 0)
(-9.710714e-05 5.363482e-05 0)
(-0.0001011264 4.676539e-05 0)
(-0.0001045411 3.975994e-05 0)
(-0.0001073627 3.265179e-05 0)
(-0.0001096033 2.54683e-05 0)
(-0.0001112736 1.823167e-05 0)
(-0.0001123827 1.096003e-05 0)
(-0.000112937 3.668452e-06 0)
(-0.0001129398 -3.629802e-06 0)
(-0.0001123911 -1.09221e-05 0)
(-0.0001112874 -1.819518e-05 0)
(-0.0001096223 -2.543397e-05 0)
(-0.0001073868 -3.262035e-05 0)
(-0.0001045698 -3.973208e-05 0)
(-0.0001011593 -4.674181e-05 0)
(-9.71436e-05 -5.36162e-05 0)
(-9.251253e-05 -6.031532e-05 0)
(-8.72593e-05 -6.67923e-05 0)
(-8.138228e-05 -7.299343e-05 0)
(-7.488691e-05 -7.885855e-05 0)
(-6.778771e-05 -8.432217e-05 0)
(-6.011004e-05 -8.931497e-05 0)
(-5.189167e-05 -9.376603e-05 0)
(-4.318373e-05 -9.760555e-05 0)
(-3.405112e-05 -0.0001007679 0)
(-2.457192e-05 -0.0001031952 0)
(-1.483486e-05 -0.00010484 0)
(-4.956744e-06 -0.0001053309 0)
(-5.393235e-06 0.0001156215 0)
(-1.613669e-05 0.0001150502 0)
(-2.671314e-05 0.0001131823 0)
(-3.69878e-05 0.0001104311 0)
(-4.68588e-05 0.000106856 0)
(-5.623816e-05 0.0001025289 0)
(-6.505493e-05 9.753062e-05 0)
(-7.325543e-05 9.194597e-05 0)
(-8.080262e-05 8.586011e-05 0)
(-8.767447e-05 7.9355e-05 0)
(-9.386184e-05 7.250682e-05 0)
(-9.936597e-05 6.538421e-05 0)
(-0.000104196 5.80472e-05 0)
(-0.0001083663 5.054681e-05 0)
(-0.0001118945 4.292519e-05 0)
(-0.0001147992 3.521623e-05 0)
(-0.0001170986 2.744638e-05 0)
(-0.0001188085 1.963584e-05 0)
(-0.0001199419 1.179977e-05 0)
(-0.0001205079 3.949692e-06 0)
(-0.0001205111 -3.905068e-06 0)
(-0.0001199514 -1.175593e-05 0)
(-0.0001188242 -1.959359e-05 0)
(-0.0001171203 -2.740652e-05 0)
(-0.0001148267 -3.517956e-05 0)
(-0.0001119274 -4.289253e-05 0)
(-0.0001084041 -5.051897e-05 0)
(-0.000104238 -5.802497e-05 0)
(-9.941156e-05 -6.536833e-05 0)
(-9.391004e-05 -7.249797e-05 0)
(-8.772423e-05 -7.935373e-05 0)
(-8.085271e-05 -8.586684e-05 0)
(-7.330452e-05 -9.19609e-05 0)
(-6.510159e-05 -9.755371e-05 0)
(-5.628092e-05 -0.0001025599 0)
(-4.68962e-05 -0.0001068941 0)
(-3.70185e-05 -0.0001104755 0)
(-2.673597e-05 -0.0001132317 0)
(-1.615076e-05 -0.0001151031 0)
(-5.397984e-06 -0.0001156761 0)
(-5.89589e-06 0.0001268985 0)
(-1.763451e-05 0.000126227 0)
(-2.917232e-05 0.0001240919 0)
(-4.035177e-05 0.0001209545 0)
(-5.10546e-05 0.0001168901 0)
(-6.11811e-05 0.0001119895 0)
(-7.065361e-05 0.000106353 0)
(-7.941658e-05 0.000100085 0)
(-8.743522e-05 9.328819e-05 0)
(-9.4693e-05 8.606016e-05 0)
(-0.0001011887 7.848974e-05 0)
(-0.0001069328 7.065529e-05 0)
(-0.0001119445 6.262366e-05 0)
(-0.0001162485 5.445e-05 0)
(-0.0001198717 4.617821e-05 0)
(-0.0001228415 3.784183e-05 0)
(-0.0001251836 2.946536e-05 0)
(-0.0001269202 2.106565e-05 0)
(-0.0001280689 1.265357e-05 0)
(-0.0001286419 4.235635e-06 0)
(-0.0001286455 -4.184245e-06 0)
(-0.0001280796 -1.260304e-05 0)
(-0.000126938 -2.101684e-05 0)
(-0.0001252083 -2.941915e-05 0)
(-0.0001228728 -3.779913e-05 0)
(-0.0001199092 -4.613994e-05 0)
(-0.0001162918 -5.441711e-05 0)
(-0.000111993 -6.259708e-05 0)
(-0.0001069855 -7.063593e-05 0)
(-0.0001012447 -7.847845e-05 0)
(-9.475115e-05 -8.605768e-05 0)
(-8.749408e-05 -9.32951e-05 0)
(-7.947457e-05 -0.0001001016 0)
(-7.0709e-05 -0.0001063794 0)
(-6.12321e-05 -0.0001120254 0)
(-5.109941e-05 -0.0001169348 0)
(-4.038868e-05 -0.0001210069 0)
(-2.919985e-05 -0.0001241505 0)
(-1.765152e-05 -0.0001262899 0)
(-5.901634e-06 -0.0001269635 0)
(-6.472767e-06 0.0001392515 0)
(-1.935177e-05 0.0001384558 0)
(-3.198609e-05 0.0001360006 0)
(-4.418958e-05 0.0001324029 0)
(-5.582378e-05 0.0001277596 0)
(-6.677524e-05 0.0001221859 0)
(-7.695946e-05 0.0001158077 0)
(-8.632026e-05 0.0001087537 0)
(-9.482741e-05 0.0001011488 0)
(-0.0001024729 9.3109e-05 0)
(-0.0001092667 8.473787e-05 0)
(-0.000115232 7.612454e-05 0)
(-0.0001204012 6.734293e-05 0)
(-0.0001248117 5.84519e-05 0)
(-0.0001285027 4.949617e-05 0)
(-0.0001315121 4.050776e-05 0)
(-0.0001338747 3.150772e-05 0)
(-0.0001356203 2.250795e-05 0)
(-0.0001367719 1.35133e-05 0)
(-0.0001373457 4.523548e-06 0)
(-0.0001373497 -4.464541e-06 0)
(-0.000136784 -1.345521e-05 0)
(-0.0001356403 -2.24517e-05 0)
(-0.0001339026 -3.145426e-05 0)
(-0.0001315475 -4.04581e-05 0)
(-0.0001285453 -4.945135e-05 0)
(-0.0001248612 -5.841301e-05 0)
(-0.0001204568 -6.731109e-05 0)
(-0.0001152929 -7.610085e-05 0)
(-0.0001093318 -8.472341e-05 0)
(-0.0001025409 -9.310474e-05 0)
(-9.489662e-05 -0.0001011555 0)
(-8.638887e-05 -0.000108772 0)
(-7.702539e-05 -0.0001158377 0)
(-6.683628e-05 -0.0001222274 0)
(-5.587768e-05 -0.0001278119 0)
(-4.423418e-05 -0.0001324648 0)
(-3.201947e-05 -0.0001360702 0)
(-1.937243e-05 -0.0001385309 0)
(-6.479757e-06 -0.0001393292 0)
(-7.139365e-06 0.0001528431 0)
(-2.133368e-05 0.0001518914 0)
(-3.522568e-05 0.0001490476 0)
(-4.859279e-05 0.0001448947 0)
(-6.127166e-05 0.0001395585 0)
(-7.3133e-05 0.0001331869 0)
(-8.408578e-05 0.0001259392 0)
(-9.407545e-05 0.0001179749 0)
(-0.0001030799 0.0001094461 0)
(-0.0001111039 0.0001004908 0)
(-0.0001181731 9.122961e-05 0)
(-0.0001243277 8.176319e-05 0)
(-0.0001296172 7.217241e-05 0)
(-0.0001340952 6.251899e-05 0)
(-0.0001378158 5.284718e-05 0)
(-0.00014083 4.318571e-05 0)
(-0.0001431835 3.355015e-05 0)
(-0.0001449146 2.394543e-05 0)
(-0.0001460533 1.436832e-05 0)
(-0.0001466197 4.809856e-06 0)
(-0.0001466242 -4.742326e-06 0)
(-0.0001460668 -1.430174e-05 0)
(-0.000144937 -2.388078e-05 0)
(-0.0001432147 -3.348845e-05 0)
(-0.0001408699 -4.312805e-05 0)
(-0.0001378641 -5.279473e-05 0)
(-0.0001341515 -6.247299e-05 0)
(-0.0001296808 -7.213419e-05 0)
(-0.0001243978 -8.17341e-05 0)
(-0.0001182486 -9.121101e-05 0)
(-0.0001111833 -0.000100484 0)
(-0.0001031613 -0.0001094521 0)
(-9.415673e-05 -0.0001179946 0)
(-8.416444e-05 -0.0001259731 0)
(-7.320632e-05 -0.0001332349 0)
(-6.133679e-05 -0.0001396197 0)
(-4.864696e-05 -0.0001449679 0)
(-3.52664e-05 -0.0001491305 0)
(-2.135896e-05 -0.0001519811 0)
(-7.147929e-06 -0.0001529363 0)
(-7.915971e-06 0.0001678709 0)
(-2.363923e-05 0.0001667205 0)
(-3.898327e-05 0.0001633985 0)
(-5.367874e-05 0.000158567 0)
(-6.753155e-05 0.0001523918 0)
(-8.039454e-05 0.000145065 0)
(-9.217151e-05 0.000136789 0)
(-0.0001028134 0.0001277629 0)
(-0.0001123115 0.0001181721 0)
(-0.0001206894 0.0001081808 0)
(-0.0001279944 9.792821e-05 0)
(-0.0001342892 8.752734e-05 0)
(-0.0001396454 7.706529e-05 0)
(-0.000144137 6.660526e-05 0)
(-0.0001478359 5.618871e-05 0)
(-0.0001508091 4.583857e-05 0)
(-0.000153115 3.556244e-05 0)
(-0.0001548021 2.535579e-05 0)
(-0.0001559075 1.520498e-05 0)
(-0.0001564563 5.089983e-06 0)
(-0.0001564613 -5.012982e-06 0)
(-0.0001559224 -1.512895e-05 0)
(-0.000154827 -2.528172e-05 0)
(-0.0001531499 -3.549141e-05 0)
(-0.0001508538 -4.577175e-05 0)
(-0.0001478903 -5.612738e-05 0)
(-0.0001442007 -6.655084e-05 0)
(-0.000139718 -7.701934e-05 0)
(-0.0001343697 -8.74915e-05 0)
(-0.0001280817 -9.790419e-05 0)
(-0.000120782 -0.0001081702 0)
(-0.0001124073 -0.0001181766 0)
(-0.0001029098 -0.0001277837 0)
(-9.226564e-05 -0.0001368268 0)
(-8.048296e-05 -0.00014512 0)
(-6.761066e-05 -0.0001524634 0)
(-5.374495e-05 -0.0001586535 0)
(-3.90333e-05 -0.0001634974 0)
(-2.367039e-05 -0.0001668283 0)
(-7.926548e-06 -0.0001679831 0)
(-8.829559e-06 0.0001845788 0)
(-2.634646e-05 0.0001831716 0)
(-4.337978e-05 0.0001792518 0)
(-5.959947e-05 0.0001735794 0)
(-7.477365e-05 0.0001663762 0)
(-8.873584e-05 0.0001578938 0)
(-0.0001013878 0.0001483916 0)
(-0.0001126923 0.000138119 0)
(-0.0001226621 0.0001273018 0)
(-0.0001313478 0.0001161344 0)
(-0.0001388265 0.0001047769 0)
(-0.0001451906 9.335398e-05 0)
(-0.0001505393 8.195771e-05 0)
(-0.0001549718 7.064968e-05 0)
(-0.0001585825 5.946535e-05 0)
(-0.0001614563 4.841864e-05 0)
(-0.0001636662 3.750614e-05 0)
(-0.0001652721 2.671094e-05 0)
(-0.0001663191 1.60062e-05 0)
(-0.0001668377 5.358198e-06 0)
(-0.0001668432 -5.27076e-06 0)
(-0.0001663355 -1.591971e-05 0)
(-0.0001652995 -2.662639e-05 0)
(-0.0001637047 -3.742461e-05 0)
(-0.0001615059 -4.834137e-05 0)
(-0.0001586432 -5.939373e-05 0)
(-0.0001550435 -7.05853e-05 0)
(-0.0001506215 -8.190239e-05 0)
(-0.0001452827 -9.33097e-05 0)
(-0.0001389273 -0.0001047458 0)
(-0.0001314557 -0.0001161187 0)
(-0.0001227748 -0.0001273035 0)
(-0.0001128069 -0.00013814 0)
(-0.0001015008 -0.0001484333 0)
(-8.884293e-05 -0.0001579566 0)
(-7.48703e-05 -0.0001664598 0)
(-5.968098e-05 -0.000173682 0)
(-4.344175e-05 -0.0001793703 0)
(-2.638523e-05 -0.0001833016 0)
(-8.842749e-06 -0.0001847146 0)
(-9.916645e-06 0.0002032723 0)
(-2.956035e-05 0.0002015277 0)
(-4.857605e-05 0.0001968483 0)
(-6.655428e-05 0.0001901188 0)
(-8.321721e-05 0.0001816401 0)
(-9.837913e-05 0.0001717453 0)
(-0.0001119463 0.0001607692 0)
(-0.0001239033 0.0001490244 0)
(-0.000134296 0.0001367854 0)
(-0.0001432143 0.0001242812 0)
(-0.0001507748 0.0001116931 0)
(-0.0001571084 9.915673e-05 0)
(-0.0001623498 8.676473e-05 0)
(-0.0001666293 7.457282e-05 0)
(-0.000170067 6.26063e-05 0)
(-0.0001727683 5.0866e-05 0)
(-0.0001748227 3.933361e-05 0)
(-0.000176302 2.797638e-05 0)
(-0.0001772602 1.67511e-05 0)
(-0.0001777333 5.60751e-06 0)
(-0.0001777392 -5.50869e-06 0)
(-0.0001772781 -1.665315e-05 0)
(-0.0001763319 -2.788026e-05 0)
(-0.0001748648 -3.924037e-05 0)
(-0.0001728229 -5.077689e-05 0)
(-0.0001701342 -6.252281e-05 0)
(-0.0001667093 -7.44967e-05 0)
(-0.0001624423 -8.669806e-05 0)
(-0.0001572131 -9.910188e-05 0)
(-0.0001508907 -0.0001116527 0)
(-0.0001433397 -0.0001242581 0)
(-0.0001344286 -0.0001367826 0)
(-0.0001240396 -0.0001490444 0)
(-0.0001120822 -0.0001608142 0)
(-9.850946e-05 -0.0001718164 0)
(-8.333606e-05 -0.0001817373 0)
(-6.665544e-05 -0.0001902405 0)
(-4.865354e-05 -0.0001969906 0)
(-2.96091e-05 -0.0002016853 0)
(-9.933277e-06 -0.0002034376 0)
(-1.12277e-05 0.0002243411 0)
(-3.342477e-05 0.0002221447 0)
(-5.478936e-05 0.0002164824 0)
(-7.480764e-05 0.0002084034 0)
(-9.31472e-05 0.0001983218 0)
(-0.0001096067 0.0001866835 0)
(-0.0001241087 0.0001739224 0)
(-0.0001366761 0.0001604302 0)
(-0.0001474053 0.0001465391 0)
(-0.0001564401 0.0001325156 0)
(-0.000163951 0.0001185622 0)
(-0.000170119 0.0001048197 0)
(-0.0001751232 9.137552e-05 0)
(-0.0001791302 7.827365e-05 0)
(-0.0001822893 6.552341e-05 0)
(-0.000184729 5.310719e-05 0)
(-0.0001865559 4.098717e-05 0)
(-0.0001878546 2.911069e-05 0)
(-0.000188688 1.741477e-05 0)
(-0.0001890975 5.829587e-06 0)
(-0.0001891038 -5.718506e-06 0)
(-0.0001887071 -1.730443e-05 0)
(-0.0001878867 -2.900193e-05 0)
(-0.0001866014 -4.088096e-05 0)
(-0.0001847883 -5.300476e-05 0)
(-0.000182363 -6.542627e-05 0)
(-0.0001792187 -7.818372e-05 0)
(-0.0001752266 -9.129513e-05 0)
(-0.0001702374 -0.0001047517 0)
(-0.0001640836 -0.0001185098 0)
(-0.0001565855 -0.0001324824 0)
(-0.000147561 -0.000146529 0)
(-0.0001368385 -0.000160447 0)
(-0.0001242728 -0.0001739694 0)
(-0.0001097661 -0.0001867629 0)
(-9.329438e-05 -0.0001984344 0)
(-7.493433e-05 -0.0002085477 0)
(-5.488733e-05 -0.0002166542 0)
(-3.348683e-05 -0.000222337 0)
(-1.124895e-05 -0.0002245438 0)
(-1.283426e-05 0.0002482916 0)
(-3.814108e-05 0.0002454766 0)
(-6.231819e-05 0.0002385173 0)
(-8.471491e-05 0.0002286869 0)
(-0.0001049371 0.0002165651 0)
(-0.0001227785 0.0002027537 0)
(-0.0001381995 0.0001878167 0)
(-0.0001512866 0.0001722431 0)
(-0.0001622107 0.0001564311 0)
(-0.0001711911 0.0001406873 0)
(-0.0001784707 0.000125228 0)
(-0.0001842951 0.0001101906 0)
(-0.0001888958 9.564889e-05 0)
(-0.0001924814 8.162658e-05 0)
(-0.0001952334 6.810922e-05 0)
(-0.0001973046 5.505415e-05 0)
(-0.0001988192 4.239851e-05 0)
(-0.0001998744 3.006532e-05 0)
(-0.0002005413 1.796818e-05 0)
(-0.0002008666 6.014733e-06 0)
(-0.0002008732 -5.890641e-06 0)
(-0.0002005615 -1.784463e-05 0)
(-0.0001999084 -2.994294e-05 0)
(-0.0001988677 -4.227813e-05 0)
(-0.0001973682 -5.493688e-05 0)
(-0.0001953132 -6.799654e-05 0)
(-0.0001925782 -8.15205e-05 0)
(-0.0001890103 -9.555199e-05 0)
(-0.0001844278 -0.0001101061 0)
(-0.0001786214 -0.0001251599 0)
(-0.0001713589 -0.0001406401 0)
(-0.0001623932 -0.00015641 0)
(-0.0001514801 -0.0001722535 0)
(-0.0001383981 -0.0001878635 0)
(-0.0001229745 -0.0002028409 0)
(-0.0001051208 -0.0002166947 0)
(-8.487522e-05 -0.000228858 0)
(-6.244363e-05 -0.0002387254 0)
(-3.822127e-05 -0.0002457128 0)
(-1.286186e-05 -0.0002485425 0)
(-1.484088e-05 0.0002757968 0)
(-4.399813e-05 0.0002721112 0)
(-7.157997e-05 0.0002634033 0)
(-9.675984e-05 0.0002512609 0)
(-0.0001190803 0.0002365089 0)
(-0.0001383551 0.000219965 0)
(-0.0001546193 0.0002023616 0)
(-0.0001680618 0.0001843045 0)
(-0.0001789611 0.0001662668 0)
(-0.0001876432 0.0001485869 0)
(-0.0001944477 0.0001314821 0)
(-0.0001996981 0.0001150737 0)
(-0.0002036872 9.940878e-05 0)
(-0.0002066699 8.447882e-05 0)
(-0.0002088617 7.023571e-05 0)
(-0.0002104397 5.660373e-05 0)
(-0.0002115447 4.348875e-05 0)
(-0.0002122849 3.078474e-05 0)
(-0.0002127385 1.837835e-05 0)
(-0.0002129563 6.151948e-06 0)
(-0.0002129632 -6.014303e-06 0)
(-0.0002127594 -1.824095e-05 0)
(-0.0002123202 -3.064792e-05 0)
(-0.0002115953 -4.335307e-05 0)
(-0.0002105067 -5.64701e-05 0)
(-0.0002089466 -7.01055e-05 0)
(-0.0002067741 -8.435402e-05 0)
(-0.0002038123 -9.929213e-05 0)
(-0.0001998453 -0.0001149689 0)
(-0.0001946176 -0.0001313937 0)
(-0.0001878356 -0.0001485207 0)
(-0.0001791743 -0.0001662295 0)
(-0.000168292 -0.0001843035 0)
(-0.0001548602 -0.0002024043 0)
(-0.0001385973 -0.000220058 0)
(-0.0001193115 -0.0002366564 0)
(-9.696504e-05 -0.0002514636 0)
(-7.174294e-05 -0.0002636565 0)
(-4.410358e-05 -0.0002724037 0)
(-1.487745e-05 -0.0002761106 0)
(-1.740641e-05 0.000307774 0)
(-5.14221e-05 0.0003028203 0)
(-8.316946e-05 0.0002917002 0)
(-0.0001116093 0.0002764511 0)
(-0.000136233 0.0002582662 0)
(-0.0001569258 0.00023826 0)
(-0.00017386 0.0002173779 0)
(-0.0001873814 0.0001963655 0)
(-0.0001979283 0.0001757657 0)
(-0.0002059758 0.0001559286 0)
(-0.0002119838 0.0001370529 0)
(-0.0002163684 0.0001192231 0)
(-0.0002194907 0.0001024404 0)
(-0.0002216545 8.664877e-05 0)
(-0.0002231085 7.175404e-05 0)
(-0.0002240515 5.763821e-05 0)
(-0.0002246382 4.416919e-05 0)
(-0.0002249848 3.120725e-05 0)
(-0.0002251741 1.86089e-05 0)
(-0.0002252592 6.229124e-06 0)
(-0.0002252661 -6.077681e-06 0)
(-0.0002251951 -1.845729e-05 0)
(-0.0002250206 -3.105541e-05 0)
(-0.0002246898 -4.401732e-05 0)
(-0.0002241207 -5.748686e-05 0)
(-0.0002231971 -7.160432e-05 0)
(-0.0002217648 -8.65025e-05 0)
(-0.0002196252 -0.0001023004 0)
(-0.0002165293 -0.0001190932 0)
(-0.0002121732 -0.0001369386 0)
(-0.0002061947 -0.0001558368 0)
(-0.000198176 -0.000175705 0)
(-0.0001876548 -0.0001963458 0)
(-0.0001741526 -0.00021741 0)
(-0.0001572266 -0.0002383545 0)
(-0.0001365265 -0.0002584312 0)
(-0.0001118753 -0.0002766901 0)
(-8.338474e-05 -0.0002920095 0)
(-5.15637e-05 -0.0003031861 0)
(-1.745606e-05 -0.0003081719 0)
(-2.078391e-05 0.000345512 0)
(-6.106226e-05 0.0003386287 0)
(-9.795026e-05 0.0003241016 0)
(-0.0001301939 0.0003046006 0)
(-0.0001572714 0.0002818844 0)
(-0.0001792434 0.0002574654 0)
(-0.0001965138 0.0002325543 0)
(-0.0002096739 0.0002080498 0)
(-0.000219398 0.0001845322 0)
(-0.000226356 0.0001623316 0)
(-0.0002311532 0.0001415941 0)
(-0.0002343106 0.0001223361 0)
(-0.0002362615 0.000104488 0)
(-0.0002373563 8.792616e-05 0)
(-0.0002378723 7.249608e-05 0)
(-0.0002380245 5.802737e-05 0)
(-0.0002379757 4.434335e-05 0)
(-0.0002378452 3.126659e-05 0)
(-0.0002377167 1.862116e-05 0)
(-0.0002376429 6.233443e-06 0)
(-0.0002376496 -6.068363e-06 0)
(-0.0002377371 -1.845539e-05 0)
(-0.0002378802 -3.109955e-05 0)
(-0.0002380267 -4.417471e-05 0)
(-0.0002380937 -5.785718e-05 0)
(-0.0002379623 -7.232499e-05 0)
(-0.0002374702 -8.775563e-05 0)
(-0.000236403 -0.0001043206 0)
(-0.0002344835 -0.0001221759 0)
(-0.0002313612 -0.0001414469 0)
(-0.000226602 -0.0001622057 0)
(-0.0002196833 -0.0001844381 0)
(-0.000209997 -0.0002080008 0)
(-0.000196869 -0.0002325657 0)
(-0.0001796185 -0.0002575535 0)
(-0.0001576472 -0.0002820637 0)
(-0.0001305434 -0.0003048802 0)
(-9.824e-05 -0.0003244807 0)
(-6.125724e-05 -0.0003390909 0)
(-2.085348e-05 -0.0003460248 0)
(-2.540012e-05 0.0003908872 0)
(-7.394408e-05 0.0003809061 0)
(-0.0001171988 0.0003614543 0)
(-0.0001538265 0.0003360263 0)
(-0.0001833681 0.0003072718 0)
(-0.0002062558 0.0002772113 0)
(-0.0002232756 0.0002473864 0)
(-0.0002354035 0.0002188023 0)
(-0.0002436465 0.0001920227 0)
(-0.0002489139 0.0001672999 0)
(-0.0002519793 0.0001446741 0)
(-0.0002534745 0.0001240505 0)
(-0.0002539007 0.0001052556 0)
(-0.0002536464 8.807522e-05 0)
(-0.0002530073 7.227838e-05 0)
(-0.0002522043 5.763262e-05 0)
(-0.000251399 4.3911e-05 0)
(-0.000250707 3.089525e-05 0)
(-0.0002502073 1.837614e-05 0)
(-0.0002499488 6.151991e-06 0)
(-0.000249955 -5.973952e-06 0)
(-0.0002502263 -1.819678e-05 0)
(-0.0002507399 -3.071333e-05 0)
(-0.0002514475 -4.372553e-05 0)
(-0.0002522709 -5.744294e-05 0)
(-0.0002530955 -7.208445e-05 0)
(-0.0002537604 -8.787783e-05 0)
(-0.0002540454 -0.0001050568 0)
(-0.0002536557 -0.0001238539 0)
(-0.000252203 -0.0001444859 0)
(-0.0002491858 -0.0001671292 0)
(-0.0002439711 -0.0001918822 0)
(-0.0002357824 -0.0002187089 0)
(-0.0002237053 -0.0002473613 0)
(-0.0002067246 -0.0002772788 0)
(-0.0001838531 -0.0003074569 0)
(-0.0001542923 -0.000336348 0)
(-0.0001175968 -0.0003619194 0)
(-7.422076e-05 -0.0003814965 0)
(-2.550162e-05 -0.0003915623 0)
(-3.202112e-05 0.0004467337 0)
(-9.175253e-05 0.0004314743 0)
(-0.0001428313 0.0004047571 0)
(-0.0001843764 0.0003709179 0)
(-0.0002160863 0.0003340581 0)
(-0.0002391288 0.0002968279 0)
(-0.0002549228 0.0002610831 0)
(-0.0002650375 0.0002278279 0)
(-0.0002709004 0.0001975085 0)
(-0.0002737047 0.0001702033 0)
(-0.0002744027 0.0001457699 0)
(-0.0002737291 0.0001239454 0)
(-0.0002722367 0.0001044131 0)
(-0.0002703335 8.68421e-05 0)
(-0.0002683149 7.091051e-05 0)
(-0.0002663919 5.631476e-05 0)
(-0.000264713 4.277371e-05 0)
(-0.0002633801 3.002787e-05 0)
(-0.0002624599 1.783643e-05 0)
(-0.000261993 5.972408e-06 0)
(-0.0002619984 -5.78272e-06 0)
(-0.0002624765 -1.764467e-05 0)
(-0.000263409 -2.983206e-05 0)
(-0.0002647564 -4.257201e-05 0)
(-0.0002664527 -5.610564e-05 0)
(-0.0002683972 -7.069291e-05 0)
(-0.0002704425 -8.661578e-05 0)
(-0.0002723791 -0.0001041791 0)
(-0.0002739126 -0.0001237065 0)
(-0.0002746364 -0.0001455316 0)
(-0.0002739983 -0.0001699751 0)
(-0.000271263 -0.0001973046 0)
(-0.0002654761 -0.0002276693 0)
(-0.0002554389 -0.0002609979 0)
(-0.0002397141 -0.0002968512 0)
(-0.0002167163 -0.0003342302 0)
(-0.0001850059 -0.0003712767 0)
(-0.00014339 -0.0004053259 0)
(-9.215927e-05 -0.0004322361 0)
(-3.217702e-05 -0.000447647 0)
(-4.209458e-05 0.0005176947 0)
(-0.0001173574 0.0004927281 0)
(-0.0001777565 0.0004551015 0)
(-0.0002245255 0.0004091181 0)
(-0.0002574581 0.0003613833 0)
(-0.0002792308 0.0003151722 0)
(-0.0002922755 0.0002724452 0)
(-0.0002989782 0.0002340189 0)
(-0.0003012711 0.0002000389 0)
(-0.0003006525 0.000170266 0)
(-0.0002982373 0.0001442708 0)
(-0.0002948313 0.0001215529 0)
(-0.000291004 0.0001016099 0)
(-0.0002871491 8.397048e-05 0)
(-0.0002835347 6.820783e-05 0)
(-0.0002803411 5.394288e-05 0)
(-0.0002776859 4.084112e-05 0)
(-0.0002756443 2.860571e-05 0)
(-0.0002742627 1.696896e-05 0)
(-0.0002735679 5.683814e-06 0)
(-0.0002735721 -5.484519e-06 0)
(-0.0002742756 -1.676679e-05 0)
(-0.0002756672 -2.839782e-05 0)
(-0.0002777211 -4.062472e-05 0)
(-0.0002803918 -5.371532e-05 0)
(-0.0002836057 -6.79668e-05 0)
(-0.0002872466 -8.371422e-05 0)
(-0.0002911361 -0.0001013377 0)
(-0.0002950083 -0.0001212659 0)
(-0.0002984716 -0.000143973 0)
(-0.0003009588 -0.0001699657 0)
(-0.0003016653 -0.000199751 0)
(-0.0002994756 -0.0002337672 0)
(-0.0002928872 -0.0002722652 0)
(-0.0002799569 -0.0003151131 0)
(-0.0002582786 -0.000361507 0)
(-0.0002253881 -0.0004094936 0)
(-0.000178558 -0.0004557889 0)
(-0.0001179809 -0.0004937161 0)
(-4.23501e-05 -0.0005189678 0)
(-5.864943e-05 0.0006101475 0)
(-0.00015601 0.0005674065 0)
(-0.0002264425 0.0005134199 0)
(-0.0002780946 0.0004496243 0)
(-0.0003100323 0.0003875769 0)
(-0.000328067 0.0003303666 0)
(-0.0003360761 0.0002797141 0)
(-0.0003374438 0.0002358787 0)
(-0.0003346532 0.0001984174 0)
(-0.0003294728 0.0001665718 0)
(-0.0003231158 0.0001394973 0)
(-0.00031639 0.0001163846 0)
(-0.0003098192 9.650336e-05 0)
(-0.0003037356 7.922233e-05 0)
(-0.0002983425 6.400637e-05 0)
(-0.0002937586 5.04057e-05 0)
(-0.0002900502 3.804004e-05 0)
(-0.0002872522 2.658315e-05 0)
(-0.0002853818 1.574878e-05 0)
(-0.0002844464 5.278041e-06 0)
(-0.000284449 -5.071995e-06 0)
(-0.0002853898 -1.553902e-05 0)
(-0.0002872669 -2.636593e-05 0)
(-0.0002900739 -3.781152e-05 0)
(-0.0002937947 -5.016199e-05 0)
(-0.0002983961 -6.374357e-05 0)
(-0.0003038134 -7.893675e-05 0)
(-0.0003099308 -9.61919e-05 0)
(-0.0003165479 -0.0001160455 0)
(-0.0003233362 -0.0001391313 0)
(-0.0003297763 -0.0001661843 0)
(-0.0003350644 -0.0001980212 0)
(-0.0003379903 -0.0002354983 0)
(-0.0003367848 -0.0002793908 0)
(-0.0003289559 -0.000330165 0)
(-0.0003110969 -0.0003875886 0)
(-0.0002792877 -0.0004499648 0)
(-0.0002276148 -0.0005142303 0)
(-0.0001570052 -0.0005686931 0)
(-5.909473e-05 -0.0006120431 0)
(-8.679169e-05 0.000745109 0)
(-0.0002160483 0.0006596311 0)
(-0.0002955393 0.0005802721 0)
(-0.000350369 0.000490047 0)
(-0.0003767158 0.0004096466 0)
(-0.0003870936 0.0003394905 0)
(-0.0003867635 0.0002804125 0)
(-0.0003802749 0.0002314703 0)
(-0.000370578 0.0001912077 0)
(-0.0003595726 0.0001581023 0)
(-0.0003484245 0.000130759 0)
(-0.0003378252 0.0001079827 0)
(-0.0003281663 8.879334e-05 0)
(-0.000319646 7.24031e-05 0)
(-0.0003123513 5.818298e-05 0)
(-0.0003063074 4.56276e-05 0)
(-0.0003015084 3.43255e-05 0)
(-0.0002979355 2.393475e-05 0)
(-0.0002955678 1.416299e-05 0)
(-0.0002943887 4.750918e-06 0)
(-0.0002943891 -4.541815e-06 0)
(-0.0002955696 -1.394938e-05 0)
(-0.0002979397 -2.371201e-05 0)
(-0.0003015171 -3.408873e-05 0)
(-0.0003063239 -4.537156e-05 0)
(-0.0003123805 -5.790201e-05 0)
(-0.0003196949 -7.209115e-05 0)
(-0.0003282449 -8.844419e-05 0)
(-0.0003379477 -0.0001075905 0)
(-0.0003486104 -0.0001303193 0)
(-0.0003598487 -0.0001576144 0)
(-0.0003709793 -0.0001906781 0)
(-0.0003808453 -0.0002309191 0)
(-0.0003875539 -0.0002798816 0)
(-0.0003881546 -0.000339057 0)
(-0.0003780784 -0.0004094364 0)
(-0.0003520293 -0.0004902404 0)
(-0.00029729 -0.0005811522 0)
(-0.0002177587 -0.0006612186 0)
(-8.766806e-05 -0.0007478032 0)
(-0.0001465019 0.0008862231 0)
(-0.0003232428 0.0007538361 0)
(-0.0003960226 0.0006480978 0)
(-0.0004487217 0.0005237117 0)
(-0.0004605884 0.0004218423 0)
(-0.000457301 0.0003379627 0)
(-0.0004440963 0.0002711333 0)
(-0.0004266486 0.0002183904 0)
(-0.0004080213 0.000176823 0)
(-0.0003899215 0.0001438606 0)
(-0.0003732354 0.0001174429 0)
(-0.0003583557 9.597871e-05 0)
(-0.0003453988 7.826616e-05 0)
(-0.0003343459 6.339736e-05 0)
(-0.000325118 5.068152e-05 0)
(-0.0003176161 3.958602e-05 0)
(-0.000311743 2.969224e-05 0)
(-0.0003074148 2.066242e-05 0)
(-0.0003045656 1.221468e-05 0)
(-0.0003031512 4.103553e-06 0)
(-0.0003031493 -3.895869e-06 0)
(-0.00030456 -1.200183e-05 0)
(-0.0003074063 -2.043901e-05 0)
(-0.0003117334 -2.945242e-05 0)
(-0.000317608 -3.932324e-05 0)
(-0.0003251156 -5.038827e-05 0)
(-0.0003343556 -6.306502e-05 0)
(-0.0003454301 -7.78848e-05 0)
(-0.000358423 -9.553726e-05 0)
(-0.0003733601 -0.0001169297 0)
(-0.000390135 -0.000143265 0)
(-0.0004083691 -0.0001761386 0)
(-0.0004271938 -0.0002176226 0)
(-0.0004449228 -0.0002703121 0)
(-0.0004585108 -0.000337164 0)
(-0.0004622806 -0.0004212185 0)
(-0.0004510019 -0.0005235044 0)
(-0.0003986022 -0.0006489142 0)
(-0.0003260359 -0.0007555209 0)
(-0.0001480762 -0.0008914458 0)
(-0.0002219776 0.001327238 0)
(-0.0004571567 0.0009229646 0)
(-0.0005256563 0.0007560898 0)
(-0.0005766361 0.0005537716 0)
(-0.0005624656 0.000420066 0)
(-0.0005378029 0.0003208128 0)
(-0.0005063358 0.0002480316 0)
(-0.0004745852 0.0001941813 0)
(-0.0004451077 0.0001538114 0)
(-0.0004189527 0.0001230323 0)
(-0.0003963064 9.911986e-05 0)
(-0.000377002 8.017447e-05 0)
(-0.0003607476 6.485681e-05 0)
(-0.0003472307 5.221006e-05 0)
(-0.0003361626 4.153908e-05 0)
(-0.0003272967 3.232822e-05 0)
(-0.000320432 2.41851e-05 0)
(-0.0003154131 1.68016e-05 0)
(-0.0003121267 9.926138e-06 0)
(-0.0003104992 3.343237e-06 0)
(-0.0003104945 -3.142379e-06 0)
(-0.0003121127 -9.719697e-06 0)
(-0.0003153903 -1.658366e-05 0)
(-0.0003204013 -2.39491e-05 0)
(-0.0003272597 -3.206655e-05 0)
(-0.0003361222 -4.124265e-05 0)
(-0.0003471914 -5.186779e-05 0)
(-0.0003607171 -6.4455e-05 0)
(-0.0003769925 -7.969629e-05 0)
(-0.0003963381 -9.854494e-05 0)
(-0.0004190576 -0.0001223371 0)
(-0.0004453369 -0.0001529714 0)
(-0.0004750187 -0.0001931766 0)
(-0.0005070953 -0.000246863 0)
(-0.0005390607 -0.0003195375 0)
(-0.0005644181 -0.0004189555 0)
(-0.0005797131 -0.0005532453 0)
(-0.0005293204 -0.0007571878 0)
(-0.0004631107 -0.0009259885 0)
(-0.0002265953 -0.001334134 0)
(-0.0005547858 0.001399982 0)
(-0.0008987068 0.0009145755 0)
(-0.0007650694 0.0007379703 0)
(-0.0007847344 0.0005129193 0)
(-0.0006935285 0.0003747433 0)
(-0.0006293254 0.0002745223 0)
(-0.0005707186 0.0002049858 0)
(-0.0005208595 0.0001560951 0)
(-0.0004791607 0.0001209939 0)
(-0.0004446031 9.518382e-05 0)
(-0.000416083 7.572201e-05 0)
(-0.0003926084 6.066834e-05 0)
(-0.0003733527 4.87265e-05 0)
(-0.0003576531 3.901373e-05 0)
(-0.0003449892 3.091471e-05 0)
(-0.0003349593 2.398863e-05 0)
(-0.0003272588 1.790962e-05 0)
(-0.0003216628 1.24278e-05 0)
(-0.0003180131 7.342947e-06 0)
(-0.0003162088 2.486015e-06 0)
(-0.0003162011 -2.294906e-06 0)
(-0.0003179901 -7.146012e-06 0)
(-0.0003216245 -1.221882e-05 0)
(-0.0003272051 -1.768156e-05 0)
(-0.0003348903 -2.373306e-05 0)
(-0.0003449055 -3.062116e-05 0)
(-0.0003575565 -3.866876e-05 0)
(-0.000373247 -4.831245e-05 0)
(-0.0003925013 -6.016172e-05 0)
(-0.000415989 -7.509127e-05 0)
(-0.0004445493 -9.438679e-05 0)
(-0.0004791961 -0.0001199749 0)
(-0.0005210726 -0.0001547826 0)
(-0.0005712707 -0.0002032924 0)
(-0.0006305909 -0.0002723515 0)
(-0.0006959844 -0.000371962 0)
(-0.0007892213 -0.0005090787 0)
(-0.0007714728 -0.0007358365 0)
(-0.0009069763 -0.0009100629 0)
(-0.0005604675 -0.001416219 0)
(-0.0007261551 0.003235395 0)
(-0.001125165 0.001129822 0)
(-0.0009232079 0.0008509663 0)
(-0.0009329365 0.0004711812 0)
(-0.0007925838 0.000304458 0)
(-0.0006985728 0.0002030631 0)
(-0.0006153761 0.0001423559 0)
(-0.0005489499 0.0001039639 0)
(-0.0004962372 7.842203e-05 0)
(-0.0004543373 6.061009e-05 0)
(-0.000420859 4.765513e-05 0)
(-0.0003939779 3.787783e-05 0)
(-0.0003723387 3.025285e-05 0)
(-0.0003549436 2.41263e-05 0)
(-0.0003410598 1.906331e-05 0)
(-0.0003301492 1.476278e-05 0)
(-0.0003218188 1.100756e-05 0)
(-0.0003157864 7.634258e-06 0)
(-0.0003118572 4.513768e-06 0)
(-0.0003099087 1.538193e-06 0)
(-0.0003098814 -1.388915e-06 0)
(-0.0003117744 -4.359672e-06 0)
(-0.0003156458 -7.470209e-06 0)
(-0.0003216162 -1.082765e-05 0)
(-0.0003298785 -1.455979e-05 0)
(-0.0003407125 -1.882808e-05 0)
(-0.0003545082 -2.384669e-05 0)
(-0.0003718005 -2.991237e-05 0)
(-0.000393318 -3.74536e-05 0)
(-0.0004200534 -4.711518e-05 0)
(-0.0004533562 -5.991017e-05 0)
(-0.0004950427 -7.750341e-05 0)
(-0.0005474923 -0.0001027566 0)
(-0.0006135804 -0.0001408007 0)
(-0.000696247 -0.0002011403 0)
(-0.000788949 -0.000302555 0)
(-0.0009300351 -0.0004689338 0)
(-0.0009139016 -0.0008520736 0)
(-0.001126107 -0.00113986 0)
(-0.000702638 -0.003260651 0)
(0.003666986 0.002700661 0)
(0.003067523 0.0007518351 0)
(0.004930511 0.0005326308 0)
(0.005035012 0.0002461834 0)
(0.005404405 0.0001388337 0)
(0.005576584 8.312018e-05 0)
(0.005698961 5.401819e-05 0)
(0.005784453 3.759063e-05 0)
(0.005847007 2.755991e-05 0)
(0.005894323 2.096207e-05 0)
(0.005930992 1.633445e-05 0)
(0.005959876 1.291593e-05 0)
(0.005982842 1.028349e-05 0)
(0.006001152 8.184937e-06 0)
(0.006015683 6.459848e-06 0)
(0.006027058 5.000158e-06 0)
(0.006035723 3.729303e-06 0)
(0.006041991 2.590323e-06 0)
(0.00604608 1.538592e-06 0)
(0.006048122 5.370329e-07 0)
(0.006048185 -4.473502e-07 0)
(0.006046269 -1.445973e-06 0)
(0.006042315 -2.491622e-06 0)
(0.00603619 -3.620873e-06 0)
(0.006027686 -4.87751e-06 0)
(0.006016494 -6.31717e-06 0)
(0.006002179 -8.014377e-06 0)
(0.00598413 -1.007403e-05 0)
(0.005961485 -1.265162e-05 0)
(0.005933006 -1.599146e-05 0)
(0.00589686 -2.050407e-05 0)
(0.005850225 -2.693091e-05 0)
(0.005788567 -3.670459e-05 0)
(0.00570429 -5.2747e-05 0)
(0.005583131 -8.124429e-05 0)
(0.005414812 -0.0001364423 0)
(0.005041782 -0.0002416163 0)
(0.004951233 -0.0005291871 0)
(0.003072492 -0.0007444878 0)
(0.00368482 -0.002692045 0)
)
;

boundaryField
{
    movingWall
    {
        type            fixedValue;
        value           uniform (1 0 0);
    }
    fixedWalls
    {
        type            fixedValue;
        value           uniform (0 0 0);
    }
    frontAndBack
    {
        type            empty;
    }
}


// ************************************************************************* //
