/*--------------------------------*- C++ -*----------------------------------*\
| =========                 |                                                 |
| \\      /  F ield         | OpenFOAM: The Open Source CFD Toolbox           |
|  \\    /   O peration     | Version:  2412                                  |
|   \\  /    A nd           | Website:  www.openfoam.com                      |
|    \\/     M anipulation  |                                                 |
\*---------------------------------------------------------------------------*/
FoamFile
{
    version     2.0;
    format      ascii;
    arch        "LSB;label=32;scalar=64";
    class       volVectorField;
    location    "0.2";
    object      vorticity;
}
// * * * * * * * * * * * * * * * * * * * * * * * * * * * * * * * * * * * * * //

dimensions      [0 0 -1 0 0 0 0];

internalField   nonuniform List<vector> 
1600
(
(0 -0 0.0001739553)
(0 -0 0.0002608753)
(0 -0 0.0004330786)
(0 -0 0.0006026198)
(0 -0 0.0007682858)
(0 -0 0.0009290242)
(0 -0 0.001083825)
(0 -0 0.001231726)
(0 -0 0.00137182)
(0 -0 0.001503258)
(0 -0 0.001625259)
(0 -0 0.001737106)
(0 -0 0.001838152)
(0 -0 0.001927823)
(0 -0 0.002005616)
(0 -0 0.002071101)
(0 -0 0.00212392)
(0 -0 0.002163788)
(0 -0 0.002190491)
(0 -0 0.002203886)
(0 -0 0.002203903)
(0 -0 0.002190541)
(0 -0 0.002163871)
(0 -0 0.002124033)
(0 -0 0.002071241)
(0 -0 0.002005781)
(0 -0 0.001928008)
(0 -0 0.001838353)
(0 -0 0.001737317)
(0 -0 0.001625476)
(0 -0 0.001503476)
(0 -0 0.001372032)
(0 -0 0.001231928)
(0 -0 0.001084012)
(0 -0 0.0009291913)
(0 -0 0.0007684286)
(0 -0 0.0006027352)
(0 -0 0.0004331629)
(0 -0 0.0002609267)
(0 -0 0.0001739898)
(0 -0 0.0002618788)
(0 -0 8.4012e-07)
(0 -0 6.966e-07)
(0 -0 9.6852e-07)
(0 -0 1.23466e-06)
(0 -0 1.49304e-06)
(0 -0 1.74154e-06)
(0 -0 1.97944e-06)
(0 -0 2.20426e-06)
(0 -0 2.41538e-06)
(0 -0 2.61148e-06)
(0 -0 2.79126e-06)
(0 -0 2.95362e-06)
(0 -0 3.09764e-06)
(0 -0 3.22256e-06)
(0 -0 3.32784e-06)
(0 -0 3.41266e-06)
(0 -0 3.476738e-06)
(0 -0 3.519606e-06)
(0 -0 3.540972e-06)
(0 -0 3.541164e-06)
(0 -0 3.51959e-06)
(0 -0 3.47677e-06)
(0 -0 3.4126e-06)
(0 -0 3.32778e-06)
(0 -0 3.22258e-06)
(0 -0 3.09768e-06)
(0 -0 2.95366e-06)
(0 -0 2.79146e-06)
(0 -0 2.61162e-06)
(0 -0 2.41566e-06)
(0 -0 2.2043e-06)
(0 -0 1.97942e-06)
(0 -0 1.74164e-06)
(0 -0 1.49286e-06)
(0 -0 1.2348e-06)
(0 -0 9.6852e-07)
(0 -0 6.9676e-07)
(0 -0 8.4018e-07)
(0 -0 0.0002619311)
(0 -0 0.0004385064)
(0 -0 7.055e-07)
(0 -0 1.6e-09)
(0 -0 1.2e-09)
(0 -0 1.2e-09)
(0 -0 1.54e-09)
(0 -0 1.88e-09)
(0 -0 1.98e-09)
(0 -0 2.36e-09)
(0 -0 2.54e-09)
(0 -0 2.98e-09)
(0 -0 2.94e-09)
(0 -0 3.22e-09)
(0 -0 3.3e-09)
(0 -0 3.52e-09)
(0 -0 3.64e-09)
(0 -0 3.62e-09)
(0 -0 3.76e-09)
(0 -0 3.85e-09)
(0 -0 3.75e-09)
(0 -0 3.91e-09)
(0 -0 3.79e-09)
(0 -0 3.74e-09)
(0 -0 3.74e-09)
(0 -0 3.66e-09)
(0 -0 3.62e-09)
(0 -0 3.48e-09)
(0 -0 3.16e-09)
(0 -0 3.14e-09)
(0 -0 2.74e-09)
(0 -0 2.58e-09)
(0 -0 2.42e-09)
(0 -0 2.24e-09)
(0 -0 1.86e-09)
(0 -0 1.62e-09)
(0 -0 1.42e-09)
(0 -0 8e-10)
(0 -0 1.4e-09)
(0 -0 7.0544e-07)
(0 -0 0.0004385951)
(0 -0 0.0006180958)
(0 -0 9.9356e-07)
(0 -0 8e-10)
(0 -0 1.050321e-19)
(0 -0 2e-10)
(0 -0 2.134523e-19)
(0 -0 -2e-10)
(0 -0 -2e-10)
(0 -0 2e-10)
(0 -0 2e-10)
(0 -0 -4e-11)
(0 -0 -1e-10)
(0 -0 6e-11)
(0 -0 8e-11)
(0 -0 -2e-11)
(0 -0 -8e-11)
(0 -0 1e-10)
(0 -0 -6e-11)
(0 -0 -2e-12)
(0 -0 8.8e-11)
(0 -0 -1.78e-10)
(0 -0 3.2e-11)
(0 -0 -2e-11)
(0 -0 6e-11)
(0 -0 2e-11)
(0 -0 1.2e-10)
(0 -0 -8e-11)
(0 -0 2e-11)
(0 -0 -2.4e-10)
(0 -0 -1.6e-10)
(0 -0 -1.084202e-19)
(0 -0 -2.642743e-19)
(0 -0 0)
(0 -0 2e-10)
(0 -0 1.050321e-19)
(0 -0 -2e-10)
(0 -0 -2e-10)
(0 -0 1e-09)
(0 -0 9.936e-07)
(0 -0 0.000618223)
(0 -0 0.0008016932)
(0 -0 1.28852e-06)
(0 -0 1.2e-09)
(0 -0 -2e-10)
(0 -0 2e-10)
(0 -0 2e-10)
(0 -0 1.01644e-19)
(0 -0 1.01644e-19)
(0 -0 0)
(0 -0 2e-10)
(0 -0 -1.01644e-19)
(0 -0 0)
(0 -0 -1.4e-10)
(0 -0 1.2e-10)
(0 -0 -1.2e-10)
(0 -0 -1.4e-10)
(0 -0 4.472334e-19)
(0 -0 -4e-11)
(0 -0 -8.8e-11)
(0 -0 4.6e-11)
(0 -0 -9.2e-11)
(0 -0 -6.6e-11)
(0 -0 8e-11)
(0 -0 -2.371692e-19)
(0 -0 5.285486e-19)
(0 -0 -8e-11)
(0 -0 -4e-11)
(0 -0 -2.4e-10)
(0 -0 2.642743e-19)
(0 -0 2.168404e-19)
(0 -0 -6.369688e-19)
(0 -0 3.184844e-19)
(0 -0 2.168404e-19)
(0 -0 -1.084202e-19)
(0 -0 1.050321e-19)
(0 -0 -2e-10)
(0 -0 -2.134523e-19)
(0 -0 1.4e-09)
(0 -0 1.2886e-06)
(0 -0 0.0008018621)
(0 -0 0.0009905046)
(0 -0 1.59198e-06)
(0 -0 1.8e-09)
(0 -0 -2e-10)
(0 -0 1.050321e-19)
(0 -0 2e-10)
(0 -0 3.184844e-19)
(0 -0 -1.01644e-19)
(0 -0 2.100642e-19)
(0 -0 0)
(0 -0 0)
(0 -0 -4.201283e-19)
(0 -0 2.032879e-19)
(0 -0 1.626303e-19)
(0 -0 2e-11)
(0 -0 1e-10)
(0 -0 -2e-11)
(0 -0 2e-11)
(0 -0 3.2e-11)
(0 -0 3.2e-11)
(0 -0 1.88e-10)
(0 -0 1.28e-10)
(0 -0 4e-11)
(0 -0 -4e-11)
(0 -0 -6e-11)
(0 -0 -4e-11)
(0 -0 2e-10)
(0 -0 1.084202e-19)
(0 -0 -1.084202e-19)
(0 -0 2e-10)
(0 -0 -4.201283e-19)
(0 -0 0)
(0 -0 1.01644e-19)
(0 -0 1.084202e-19)
(0 -0 -3.184844e-19)
(0 -0 -2e-10)
(0 -0 2e-10)
(0 -0 1.8e-09)
(0 -0 1.59204e-06)
(0 -0 0.00099072)
(0 -0 0.001185785)
(0 -0 1.90574e-06)
(0 -0 2e-09)
(0 -0 -2e-10)
(0 -0 -1.084202e-19)
(0 -0 -2.168404e-19)
(0 -0 -2e-10)
(0 -0 0)
(0 -0 -2e-10)
(0 -0 1.084202e-19)
(0 -0 2e-10)
(0 -0 5.285486e-19)
(0 -0 -3.117081e-19)
(0 -0 2.032879e-19)
(0 -0 6e-11)
(0 -0 6e-11)
(0 -0 -2e-11)
(0 -0 -1.4e-10)
(0 -0 4e-11)
(0 -0 -2e-11)
(0 -0 -2e-11)
(0 -0 8e-11)
(0 -0 -8e-11)
(0 -0 -4e-11)
(0 -0 2e-11)
(0 -0 6e-11)
(0 -0 -2.168404e-19)
(0 -0 6.369688e-19)
(0 -0 -2e-10)
(0 -0 1.084202e-19)
(0 -0 -2e-10)
(0 -0 6.301925e-19)
(0 -0 4.269046e-19)
(0 -0 -4.201283e-19)
(0 -0 2.100642e-19)
(0 -0 0)
(0 -0 2e-10)
(0 -0 2e-09)
(0 -0 1.90604e-06)
(0 -0 0.001186052)
(0 -0 0.001388849)
(0 -0 2.23184e-06)
(0 -0 2.4e-09)
(0 -0 -1.084202e-19)
(0 -0 -2e-10)
(0 -0 2e-10)
(0 -0 2e-10)
(0 -0 0)
(0 -0 0)
(0 -0 -2e-10)
(0 -0 0)
(0 -0 2.168404e-19)
(0 -0 2e-10)
(0 -0 7.45389e-19)
(0 -0 -2.032879e-19)
(0 -0 4e-11)
(0 -0 -1.8e-10)
(0 -0 -1e-10)
(0 -0 -4e-11)
(0 -0 -1.6e-10)
(0 -0 -1.6e-10)
(0 -0 -4e-11)
(0 -0 -8e-11)
(0 -0 6e-11)
(0 -0 6e-11)
(0 -0 -6.369688e-19)
(0 -0 -2e-10)
(0 -0 2.168404e-19)
(0 -0 -4.336809e-19)
(0 -0 -1.084202e-19)
(0 -0 2e-10)
(0 -0 0)
(0 -0 -4.336809e-19)
(0 -0 -4.201283e-19)
(0 -0 -2e-10)
(0 -0 0)
(0 -0 1.01644e-19)
(0 -0 2.4e-09)
(0 -0 2.2323e-06)
(0 -0 0.001389175)
(0 -0 0.001601086)
(0 -0 2.57298e-06)
(0 -0 2.8e-09)
(0 -0 2e-10)
(0 -0 -4.201283e-19)
(0 -0 0)
(0 -0 2e-10)
(0 -0 4.201283e-19)
(0 -0 -2.168404e-19)
(0 -0 -2e-10)
(0 -0 -2e-10)
(0 -0 -1.057097e-18)
(0 -0 2e-10)
(0 -0 2e-10)
(0 -0 4.201283e-19)
(0 -0 -5.285486e-19)
(0 -0 -6e-11)
(0 -0 1.8e-10)
(0 -0 1.2e-10)
(0 -0 -6e-11)
(0 -0 4e-11)
(0 -0 1e-10)
(0 -0 1e-10)
(0 -0 -2e-11)
(0 -0 -1.084202e-19)
(0 -0 7.318365e-19)
(0 -0 2e-10)
(0 -0 4.201283e-19)
(0 -0 2.168404e-19)
(0 -0 2e-10)
(0 -0 -1.057097e-18)
(0 -0 4.336809e-19)
(0 -0 4.201283e-19)
(0 -0 -2.032879e-19)
(0 -0 -2.168404e-19)
(0 -0 3.184844e-19)
(0 -0 -1.084202e-19)
(0 -0 2.8e-09)
(0 -0 2.57356e-06)
(0 -0 0.001601479)
(0 -0 0.001823978)
(0 -0 2.93124e-06)
(0 -0 3.2e-09)
(0 -0 2e-10)
(0 -0 2.168404e-19)
(0 -0 0)
(0 -0 2e-10)
(0 -0 -4.201283e-19)
(0 -0 0)
(0 -0 2.168404e-19)
(0 -0 -2e-10)
(0 -0 -2e-10)
(0 -0 -2e-10)
(0 -0 2e-10)
(0 -0 -2.168404e-19)
(0 -0 -1.165517e-18)
(0 -0 1e-10)
(0 -0 1.2e-10)
(0 -0 -2e-11)
(0 -0 1e-10)
(0 -0 4e-11)
(0 -0 6e-11)
(0 -0 8e-11)
(0 -0 -8e-11)
(0 -0 -4.065758e-19)
(0 -0 2e-10)
(0 -0 -2.168404e-19)
(0 -0 -2e-10)
(0 -0 8.402567e-19)
(0 -0 2e-10)
(0 -0 2e-10)
(0 -0 6.369688e-19)
(0 -0 2.168404e-19)
(0 -0 -2.168404e-19)
(0 -0 -4.336809e-19)
(0 -0 2e-10)
(0 -0 -1.084202e-19)
(0 -0 3.2e-09)
(0 -0 2.93184e-06)
(0 -0 0.001824448)
(0 -0 0.002059117)
(0 -0 3.30894e-06)
(0 -0 3.4e-09)
(0 -0 0)
(0 -0 0)
(0 -0 0)
(0 -0 -2.032879e-19)
(0 -0 0)
(0 -0 -6.369688e-19)
(0 -0 -2.168404e-19)
(0 -0 0)
(0 -0 4.336809e-19)
(0 -0 -2.168404e-19)
(0 -0 5.421011e-19)
(0 -0 -2e-10)
(0 -0 -2e-10)
(0 -0 2e-10)
(0 -0 -8e-11)
(0 -0 -2e-11)
(0 -0 -2e-11)
(0 -0 8e-11)
(0 -0 -6e-11)
(0 -0 -6e-11)
(0 -0 -4e-11)
(0 -0 -2.168404e-19)
(0 -0 -3.252607e-19)
(0 -0 7.318365e-19)
(0 -0 6.505213e-19)
(0 -0 0)
(0 -0 4.336809e-19)
(0 -0 2e-10)
(0 -0 2.168404e-19)
(0 -0 2.032879e-19)
(0 -0 0)
(0 -0 -2.168404e-19)
(0 -0 2e-10)
(0 -0 3.117081e-19)
(0 -0 3.6e-09)
(0 -0 3.30974e-06)
(0 -0 0.002059677)
(0 -0 0.002308229)
(0 -0 3.7092e-06)
(0 -0 4e-09)
(0 -0 -1.084202e-19)
(0 -0 2.032879e-19)
(0 -0 -2e-10)
(0 -0 -2e-10)
(0 -0 -4.201283e-19)
(0 -0 8.538092e-19)
(0 -0 -2e-10)
(0 -0 4.336809e-19)
(0 -0 2e-10)
(0 -0 2e-10)
(0 -0 -2e-10)
(0 -0 -2.981556e-19)
(0 -0 -5.14996e-19)
(0 -0 -2e-10)
(0 -0 -2e-11)
(0 -0 -1.2e-10)
(0 -0 -8e-11)
(0 -0 8e-11)
(0 -0 -1e-10)
(0 -0 -1.6e-10)
(0 -0 -2e-10)
(0 -0 4.065758e-19)
(0 -0 2e-10)
(0 -0 2e-10)
(0 -0 1.057097e-18)
(0 -0 -2e-10)
(0 -0 0)
(0 -0 -4.336809e-19)
(0 -0 -2e-10)
(0 -0 -2e-10)
(0 -0 -2.032879e-19)
(0 -0 2e-10)
(0 -0 -2e-10)
(0 -0 6.301925e-19)
(0 -0 4.2e-09)
(0 -0 3.70994e-06)
(0 -0 0.002308894)
(0 -0 0.002573201)
(0 -0 4.13492e-06)
(0 -0 4.6e-09)
(0 -0 -2.032879e-19)
(0 -0 2.168404e-19)
(0 -0 -2e-10)
(0 -0 6.369688e-19)
(0 -0 6.369688e-19)
(0 -0 -4.065758e-19)
(0 -0 4.336809e-19)
(0 -0 4.065758e-19)
(0 -0 6.234162e-19)
(0 -0 2e-10)
(0 -0 6.505213e-19)
(0 -0 3.252607e-19)
(0 -0 7.589415e-19)
(0 -0 -2e-10)
(0 -0 4e-11)
(0 -0 -4e-11)
(0 -0 1.4e-10)
(0 -0 -1.6e-10)
(0 -0 -1.8e-10)
(0 -0 -1.002887e-18)
(0 -0 1.057097e-18)
(0 -0 0)
(0 -0 2e-10)
(0 -0 1.897354e-18)
(0 -0 -2e-10)
(0 -0 2.168404e-19)
(0 -0 -2.168404e-19)
(0 -0 -2e-10)
(0 -0 4.336809e-19)
(0 -0 -2e-10)
(0 -0 -2e-10)
(0 -0 2.168404e-19)
(0 -0 6.369688e-19)
(0 -0 2.032879e-19)
(0 -0 4.6e-09)
(0 -0 4.13604e-06)
(0 -0 0.002573989)
(0 -0 0.002856113)
(0 -0 4.5896e-06)
(0 -0 4.8e-09)
(0 -0 -2e-10)
(0 -0 2.168404e-19)
(0 -0 2e-10)
(0 -0 -4.201283e-19)
(0 -0 -2e-10)
(0 -0 4.065758e-19)
(0 -0 2e-10)
(0 -0 0)
(0 -0 2e-10)
(0 -0 -4.336809e-19)
(0 -0 -2e-10)
(0 -0 -2e-10)
(0 -0 -1.273938e-18)
(0 -0 3.252607e-19)
(0 -0 -8e-11)
(0 -0 1.4e-10)
(0 -0 1.2e-10)
(0 -0 -1e-10)
(0 -0 1.6e-10)
(0 -0 1.6e-10)
(0 -0 -1.788934e-18)
(0 -0 -6.234162e-19)
(0 -0 -2e-10)
(0 -0 -2e-10)
(0 -0 2e-10)
(0 -0 2e-10)
(0 -0 -1.490778e-18)
(0 -0 -4.336809e-19)
(0 -0 -1.273938e-18)
(0 -0 2e-10)
(0 -0 -1.910906e-18)
(0 -0 -2e-10)
(0 -0 -2.032879e-19)
(0 -0 -4.201283e-19)
(0 -0 4.8e-09)
(0 -0 4.5908e-06)
(0 -0 0.002857047)
(0 -0 0.003159283)
(0 -0 5.077e-06)
(0 -0 5.4e-09)
(0 -0 2e-10)
(0 -0 -4.201283e-19)
(0 -0 -4.201283e-19)
(0 -0 2e-10)
(0 -0 4.065758e-19)
(0 -0 0)
(0 -0 -8.402567e-19)
(0 -0 4.336809e-19)
(0 -0 -2e-10)
(0 -0 -4.336809e-19)
(0 -0 -2.168404e-19)
(0 -0 8.402567e-19)
(0 -0 -2.981556e-19)
(0 -0 6.234162e-19)
(0 -0 -2e-11)
(0 -0 6e-11)
(0 -0 -3.794708e-19)
(0 -0 1.4e-10)
(0 -0 2.2e-10)
(0 -0 -5.14996e-19)
(0 -0 -2e-10)
(0 -0 2.168404e-19)
(0 -0 0)
(0 -0 1.057097e-18)
(0 -0 2e-10)
(0 -0 -4.336809e-19)
(0 -0 0)
(0 -0 2e-10)
(0 -0 0)
(0 -0 -4.336809e-19)
(0 -0 4.336809e-19)
(0 -0 2e-10)
(0 -0 2e-10)
(0 -0 -2e-10)
(0 -0 5.4e-09)
(0 -0 5.0782e-06)
(0 -0 0.003160388)
(0 -0 0.003485311)
(0 -0 5.6006e-06)
(0 -0 6.2e-09)
(0 -0 -4.201283e-19)
(0 -0 6.369688e-19)
(0 -0 1.924459e-18)
(0 -0 4.065758e-19)
(0 -0 2e-10)
(0 -0 0)
(0 -0 -2e-10)
(0 -0 -2e-10)
(0 -0 8.402567e-19)
(0 -0 2e-10)
(0 -0 2.114194e-18)
(0 -0 0)
(0 -0 0)
(0 -0 -8e-10)
(0 -0 6e-11)
(0 -0 6e-10)
(0 -0 9e-10)
(0 -0 -6e-11)
(0 -0 -1.6e-10)
(0 -0 -1.4e-10)
(0 -0 -4e-10)
(0 -0 -2e-10)
(0 -0 -1.057097e-18)
(0 -0 1.897354e-18)
(0 -0 -2.168404e-19)
(0 -0 8.673617e-19)
(0 -0 1.680513e-18)
(0 -0 -2e-10)
(0 -0 -2e-10)
(0 -0 0)
(0 -0 -8.673617e-19)
(0 -0 2.168404e-19)
(0 -0 2e-10)
(0 -0 2e-10)
(0 -0 6.2e-09)
(0 -0 5.602e-06)
(0 -0 0.003486619)
(0 -0 0.003837147)
(0 -0 6.1658e-06)
(0 -0 6.6e-09)
(0 -0 -4.201283e-19)
(0 -0 -6.505213e-19)
(0 -0 2e-10)
(0 -0 -2e-10)
(0 -0 -4.336809e-19)
(0 -0 -4.336809e-19)
(0 -0 -1.273938e-18)
(0 -0 -4.336809e-19)
(0 -0 -4.065758e-19)
(0 -0 -1.463673e-18)
(0 -0 -1e-09)
(0 -0 2e-10)
(0 -0 -6e-10)
(0 -0 8e-10)
(0 -0 4e-10)
(0 -0 -5e-10)
(0 -0 -1.02e-09)
(0 -0 -9e-10)
(0 -0 2.2e-10)
(0 -0 -2.331035e-18)
(0 -0 -6e-10)
(0 -0 5.963112e-19)
(0 -0 2e-10)
(0 -0 -4e-10)
(0 -0 -2e-10)
(0 -0 -8.402567e-19)
(0 -0 2e-10)
(0 -0 -4.336809e-19)
(0 -0 -4.336809e-19)
(0 -0 4.336809e-19)
(0 -0 -1.273938e-18)
(0 -0 0)
(0 -0 -2e-10)
(0 -0 2e-10)
(0 -0 6.6e-09)
(0 -0 6.1676e-06)
(0 -0 0.003838697)
(0 -0 0.004218171)
(0 -0 6.7782e-06)
(0 -0 7e-09)
(0 -0 -4e-10)
(0 -0 -4e-10)
(0 -0 -2e-10)
(0 -0 0)
(0 -0 8.402567e-19)
(0 -0 4.065758e-19)
(0 -0 2e-10)
(0 -0 2e-10)
(0 -0 1.246832e-18)
(0 -0 1e-09)
(0 -0 6e-10)
(0 -0 8.673617e-19)
(0 -0 -8e-10)
(0 -0 1.6e-09)
(0 -0 6e-10)
(0 -0 -3.6e-10)
(0 -0 -6.4e-10)
(0 -0 9.6e-10)
(0 -0 4.4e-10)
(0 -0 6e-10)
(0 -0 6e-10)
(0 -0 -2e-10)
(0 -0 8e-10)
(0 -0 8e-10)
(0 -0 -6e-10)
(0 -0 2e-10)
(0 -0 4.336809e-19)
(0 -0 -8.673617e-19)
(0 -0 1.680513e-18)
(0 -0 -2e-10)
(0 -0 2e-10)
(0 -0 -8.402567e-19)
(0 -0 6e-10)
(0 -0 6e-10)
(0 -0 7.2e-09)
(0 -0 6.78e-06)
(0 -0 0.004220009)
(0 -0 0.004632296)
(0 -0 7.443e-06)
(0 -0 6.6e-09)
(0 -0 -2e-10)
(0 -0 1.897354e-19)
(0 -0 4.336809e-19)
(0 -0 6e-10)
(0 -0 -2e-10)
(0 -0 2e-10)
(0 -0 2e-10)
(0 -0 8e-10)
(0 -0 2e-10)
(0 -0 -8e-10)
(0 -0 1.8e-09)
(0 -0 4e-10)
(0 -0 -2e-10)
(0 -0 -1.8e-09)
(0 -0 -2e-10)
(0 -0 1.04e-09)
(0 -0 1.24e-09)
(0 -0 1.56e-09)
(0 -0 -4.4e-10)
(0 -0 2e-10)
(0 -0 6e-10)
(0 -0 -2e-10)
(0 -0 -2e-10)
(0 -0 1.2e-09)
(0 -0 8e-10)
(0 -0 -6e-10)
(0 -0 -1.246832e-18)
(0 -0 -4.336809e-19)
(0 -0 -8.673617e-19)
(0 -0 -2e-10)
(0 -0 -8e-10)
(0 -0 8e-10)
(0 -0 1.6e-09)
(0 -0 -8e-10)
(0 -0 6.6e-09)
(0 -0 7.4452e-06)
(0 -0 0.004634482)
(0 -0 0.005084101)
(0 -0 8.1696e-06)
(0 -0 9e-09)
(0 -0 -4e-10)
(0 -0 -4e-10)
(0 -0 -4e-10)
(0 -0 6e-10)
(0 -0 4e-10)
(0 -0 -1e-09)
(0 -0 -4e-10)
(0 -0 -2e-10)
(0 -0 -1e-09)
(0 -0 -1.8e-09)
(0 -0 -1e-09)
(0 -0 6e-10)
(0 -0 1e-09)
(0 -0 -1.6e-09)
(0 -0 2e-10)
(0 -0 -3e-10)
(0 -0 -3e-10)
(0 -0 -1.5e-09)
(0 -0 1e-10)
(0 -0 -2e-10)
(0 -0 2e-10)
(0 -0 2e-10)
(0 -0 -1.6e-09)
(0 -0 -8e-10)
(0 -0 -4e-10)
(0 -0 -6e-10)
(0 -0 2e-10)
(0 -0 4e-10)
(0 -0 -2e-10)
(0 -0 1e-09)
(0 -0 -1.273938e-18)
(0 -0 -8e-10)
(0 -0 -4e-10)
(0 -0 -4e-10)
(0 -0 1e-08)
(0 -0 8.1734e-06)
(0 -0 0.005086703)
(0 -0 0.005579015)
(0 -0 8.9654e-06)
(0 -0 9.2e-09)
(0 -0 4e-10)
(0 -0 1.2e-09)
(0 -0 8.402567e-19)
(0 -0 -6e-10)
(0 -0 -6e-10)
(0 -0 -4e-10)
(0 -0 -6e-10)
(0 -0 -1.2e-09)
(0 -0 -8e-10)
(0 -0 1.2e-09)
(0 -0 -1.2e-09)
(0 -0 -8e-10)
(0 -0 1e-09)
(0 -0 1.8e-09)
(0 -0 -4e-10)
(0 -0 -4e-11)
(0 -0 -8.2e-10)
(0 -0 -1.16e-09)
(0 -0 8.2e-10)
(0 -0 -1e-09)
(0 -0 4.011548e-18)
(0 -0 2e-10)
(0 -0 -2e-10)
(0 -0 -8e-10)
(0 -0 -8e-10)
(0 -0 -4e-10)
(0 -0 2e-10)
(0 -0 1.2e-09)
(0 -0 -8e-10)
(0 -0 -8e-10)
(0 -0 8e-10)
(0 -0 4e-10)
(0 -0 -4e-10)
(0 -0 -4e-10)
(0 -0 9e-09)
(0 -0 8.9688e-06)
(0 -0 0.005582128)
(0 -0 0.006123554)
(0 -0 9.8392e-06)
(0 -0 9.6e-09)
(0 -0 1.2e-09)
(0 -0 -6e-10)
(0 -0 -2.114194e-18)
(0 -0 1e-09)
(0 -0 8e-10)
(0 -0 -2e-10)
(0 -0 2e-10)
(0 -0 1.8e-09)
(0 -0 -1.301043e-18)
(0 -0 -2.114194e-18)
(0 -0 1.4e-09)
(0 -0 -1.6e-09)
(0 -0 -6e-10)
(0 -0 4e-10)
(0 -0 -6e-10)
(0 -0 5.2e-10)
(0 -0 -9.2e-10)
(0 -0 8e-11)
(0 -0 -1.08e-09)
(0 -0 -2e-10)
(0 -0 6e-10)
(0 -0 4e-10)
(0 -0 1.2e-09)
(0 -0 8e-10)
(0 -0 1.8e-09)
(0 -0 -4e-10)
(0 -0 -8.131516e-19)
(0 -0 2e-10)
(0 -0 1.6e-09)
(0 -0 -1.4e-09)
(0 -0 -1e-09)
(0 -0 1.6e-09)
(0 -0 -4e-10)
(0 -0 -6e-10)
(0 -0 1.26e-08)
(0 -0 9.8432e-06)
(0 -0 0.006127284)
(0 -0 0.006725632)
(0 -0 1.08076e-05)
(0 -0 1.2e-08)
(0 -0 -4e-10)
(0 -0 -2e-10)
(0 -0 8e-10)
(0 -0 -1.6e-09)
(0 -0 -1e-09)
(0 -0 2e-09)
(0 -0 2e-10)
(0 -0 -1.2e-09)
(0 -0 -4e-10)
(0 -0 4e-10)
(0 -0 4e-10)
(0 -0 2e-10)
(0 -0 6e-10)
(0 -0 -1.6e-09)
(0 -0 8e-10)
(0 -0 -1.4e-10)
(0 -0 7.6e-10)
(0 -0 1.34e-09)
(0 -0 -7.6e-10)
(0 -0 8e-10)
(0 -0 -6e-10)
(0 -0 6e-10)
(0 -0 2e-10)
(0 -0 8e-10)
(0 -0 8e-10)
(0 -0 1e-09)
(0 -0 -4.662069e-18)
(0 -0 -2e-10)
(0 -0 -8.673617e-19)
(0 -0 -6e-10)
(0 -0 1.2e-09)
(0 -0 2e-10)
(0 -0 2e-10)
(0 -0 4e-10)
(0 -0 1.1e-08)
(0 -0 1.08114e-05)
(0 -0 0.006730124)
(0 -0 0.007395021)
(0 -0 1.18824e-05)
(0 -0 1.16e-08)
(0 -0 -1.2e-09)
(0 -0 1.2e-09)
(0 -0 -2e-10)
(0 -0 -2e-10)
(0 -0 2e-09)
(0 -0 -2e-09)
(0 -0 8.673617e-19)
(0 -0 -4e-10)
(0 -0 2e-10)
(0 -0 2e-09)
(0 -0 -1.2e-09)
(0 -0 1.2e-09)
(0 -0 -2e-10)
(0 -0 -4.336809e-19)
(0 -0 -8e-10)
(0 -0 -8.4e-10)
(0 -0 8e-10)
(0 -0 -1.6e-10)
(0 -0 1.4e-09)
(0 -0 -2.981556e-18)
(0 -0 -1.6e-09)
(0 -0 -4e-10)
(0 -0 -6e-10)
(0 -0 -1.2e-09)
(0 -0 -2e-09)
(0 -0 -2e-10)
(0 -0 3.415237e-18)
(0 -0 -2.493665e-18)
(0 -0 1.680513e-18)
(0 -0 -1.680513e-18)
(0 -0 -8e-10)
(0 -0 2.114194e-18)
(0 -0 1.680513e-18)
(0 -0 -2e-10)
(0 -0 1.28e-08)
(0 -0 1.18882e-05)
(0 -0 0.007400459)
(0 -0 0.008143963)
(0 -0 1.30862e-05)
(0 -0 1.36e-08)
(0 -0 -6e-10)
(0 -0 1e-09)
(0 -0 -8e-10)
(0 -0 -8.673617e-19)
(0 -0 8.131516e-19)
(0 -0 -7.589415e-19)
(0 -0 8.673617e-19)
(0 -0 6e-10)
(0 -0 6e-10)
(0 -0 -2e-10)
(0 -0 -6e-10)
(0 -0 -4e-10)
(0 -0 2e-10)
(0 -0 1.6e-09)
(0 -0 -2e-10)
(0 -0 6e-10)
(0 -0 2e-10)
(0 -0 -1.2e-09)
(0 -0 6e-10)
(0 -0 -4e-10)
(0 -0 1.4e-09)
(0 -0 -8e-10)
(0 -0 -2e-10)
(0 -0 -1e-09)
(0 -0 -1.6e-09)
(0 -0 1.2e-09)
(0 -0 1.6e-09)
(0 -0 -2e-09)
(0 -0 -2e-09)
(0 -0 0)
(0 -0 -1.680513e-18)
(0 -0 1.4e-09)
(0 -0 -4e-10)
(0 -0 1e-09)
(0 -0 1.56e-08)
(0 -0 1.3092e-05)
(0 -0 0.008150582)
(0 -0 0.008988068)
(0 -0 1.44406e-05)
(0 -0 1.68e-08)
(0 -0 6e-10)
(0 -0 -2e-10)
(0 -0 -6e-10)
(0 -0 -2e-09)
(0 -0 2.602085e-18)
(0 -0 2e-09)
(0 -0 -2e-09)
(0 -0 3.469447e-18)
(0 -0 4e-10)
(0 -0 -1e-09)
(0 -0 -2e-10)
(0 -0 -1.2e-09)
(0 -0 1.2e-09)
(0 -0 0)
(0 -0 1.897354e-18)
(0 -0 -6e-11)
(0 -0 4.8e-10)
(0 -0 -3.4e-10)
(0 -0 -4.8e-10)
(0 -0 -6e-10)
(0 -0 1.4e-09)
(0 -0 -2e-10)
(0 -0 8e-10)
(0 -0 8e-10)
(0 -0 4e-10)
(0 -0 6e-10)
(0 -0 0)
(0 -0 -1.734723e-18)
(0 -0 8.673617e-19)
(0 -0 2e-09)
(0 -0 2.602085e-18)
(0 -0 8e-10)
(0 -0 -1.2e-09)
(0 -0 -4e-10)
(0 -0 1.58e-08)
(0 -0 1.44514e-05)
(0 -0 0.008996188)
(0 -0 0.009947628)
(0 -0 1.59812e-05)
(0 -0 1.82e-08)
(0 -0 -1.734723e-18)
(0 -0 -2e-09)
(0 -0 -2.602085e-18)
(0 -0 0)
(0 -0 2e-09)
(0 -0 0)
(0 -0 2.602085e-18)
(0 -0 -5.854692e-18)
(0 -0 -2e-10)
(0 -0 -4e-10)
(0 -0 6e-10)
(0 -0 -6e-10)
(0 -0 -2e-10)
(0 -0 -6e-10)
(0 -0 -6e-10)
(0 -0 -1.74e-09)
(0 -0 -4.2e-10)
(0 -0 7.4e-10)
(0 -0 2e-11)
(0 -0 -1.734723e-18)
(0 -0 -8e-10)
(0 -0 -2e-10)
(0 -0 -4e-10)
(0 -0 -1e-09)
(0 -0 2e-09)
(0 -0 -2e-10)
(0 -0 -4.228388e-18)
(0 -0 -3.361027e-18)
(0 -0 -2e-09)
(0 -0 1.734723e-18)
(0 -0 -1.18178e-17)
(0 -0 -5.963112e-18)
(0 -0 4e-10)
(0 -0 2e-10)
(0 -0 1.62e-08)
(0 -0 1.5993e-05)
(0 -0 0.009957676)
(0 -0 0.0110496)
(0 -0 1.77504e-05)
(0 -0 1.94e-08)
(0 -0 -2e-10)
(0 -0 -1.734723e-18)
(0 -0 -2.602085e-18)
(0 -0 8.673617e-19)
(0 -0 0)
(0 -0 -1.734723e-18)
(0 -0 2.493665e-18)
(0 -0 -2e-09)
(0 -0 -4e-10)
(0 -0 4e-10)
(0 -0 6e-10)
(0 -0 2e-10)
(0 -0 -1.2e-09)
(0 -0 2e-10)
(0 -0 -3.144186e-18)
(0 -0 1.6e-10)
(0 -0 -1.06e-09)
(0 -0 4e-11)
(0 -0 -3.4e-10)
(0 -0 1.6e-09)
(0 -0 -1.6e-09)
(0 -0 1.4e-09)
(0 -0 -4e-10)
(0 -0 -6e-10)
(0 -0 4e-10)
(0 -0 -1.4e-09)
(0 -0 -1.734723e-18)
(0 -0 5.963112e-18)
(0 -0 1.734723e-18)
(0 -0 -2e-09)
(0 -0 -3.361027e-18)
(0 -0 0)
(0 -0 2e-09)
(0 -0 -4e-10)
(0 -0 2.02e-08)
(0 -0 1.77666e-05)
(0 -0 0.01106217)
(0 -0 0.01233075)
(0 -0 1.98066e-05)
(0 -0 2.18e-08)
(0 -0 1.2e-09)
(0 -0 3.361027e-18)
(0 -0 0)
(0 -0 2.493665e-18)
(0 -0 -2e-09)
(0 -0 0)
(0 -0 3.361027e-18)
(0 -0 -1.626303e-18)
(0 -0 1.734723e-18)
(0 -0 -6e-10)
(0 -0 8e-10)
(0 -0 8e-10)
(0 -0 -1e-09)
(0 -0 8e-10)
(0 -0 2e-10)
(0 -0 1.48e-09)
(0 -0 3.8e-10)
(0 -0 -2.8e-10)
(0 -0 -5.8e-10)
(0 -0 -6e-10)
(0 -0 -1e-09)
(0 -0 0)
(0 -0 1.2e-09)
(0 -0 4e-10)
(0 -0 -2.168404e-18)
(0 -0 0)
(0 -0 6.830474e-18)
(0 -0 0)
(0 -0 9.324139e-18)
(0 -0 -4.228388e-18)
(0 -0 2e-09)
(0 -0 5.09575e-18)
(0 -0 2e-09)
(0 -0 1.2e-09)
(0 -0 2.12e-08)
(0 -0 1.98252e-05)
(0 -0 0.01234668)
(0 -0 0.01384269)
(0 -0 2.22316e-05)
(0 -0 2.48e-08)
(0 -0 7.589415e-19)
(0 -0 -2e-09)
(0 -0 -2e-09)
(0 -0 2.602085e-18)
(0 -0 0)
(0 -0 0)
(0 -0 -8.673617e-19)
(0 -0 0)
(0 -0 -1.626303e-18)
(0 -0 1.2e-09)
(0 -0 -4e-10)
(0 -0 2e-10)
(0 -0 1.4e-09)
(0 -0 4e-10)
(0 -0 2e-10)
(0 -0 1.06e-09)
(0 -0 1.54e-09)
(0 -0 1.34e-09)
(0 -0 2.6e-10)
(0 -0 -4e-10)
(0 -0 1.4e-09)
(0 -0 -1.6e-09)
(0 -0 -1e-09)
(0 -0 -2e-10)
(0 -0 -1.4e-09)
(0 -0 2e-09)
(0 -0 -3.361027e-18)
(0 -0 -2e-09)
(0 -0 2.493665e-18)
(0 -0 -5.09575e-18)
(0 -0 -8.456777e-18)
(0 -0 -2.602085e-18)
(0 -0 -2e-09)
(0 -0 9.324139e-18)
(0 -0 2.72e-08)
(0 -0 2.22592e-05)
(0 -0 0.01386323)
(0 -0 0.01566061)
(0 -0 2.51474e-05)
(0 -0 2.48e-08)
(0 -0 3.469447e-18)
(0 -0 -2e-09)
(0 -0 8.456777e-18)
(0 -0 6.722053e-18)
(0 -0 -2e-09)
(0 -0 0)
(0 -0 2e-09)
(0 -0 2e-09)
(0 -0 5.963112e-18)
(0 -0 -1.6e-09)
(0 -0 -4e-10)
(0 -0 1.301043e-18)
(0 -0 4e-10)
(0 -0 -1.4e-09)
(0 -0 8e-10)
(0 -0 -1.18e-09)
(0 -0 1.6e-10)
(0 -0 5.8e-10)
(0 -0 4.4e-10)
(0 -0 1e-09)
(0 -0 1.8e-09)
(0 -0 1.6e-09)
(0 -0 2e-10)
(0 -0 -1e-09)
(0 -0 6e-10)
(0 -0 -3.361027e-18)
(0 -0 -2e-09)
(0 -0 -4.336809e-18)
(0 -0 1.01915e-17)
(0 -0 6.722053e-18)
(0 -0 -5.20417e-18)
(0 -0 0)
(0 -0 -2e-09)
(0 -0 5.20417e-18)
(0 -0 3e-08)
(0 -0 2.51826e-05)
(0 -0 0.01568765)
(0 -0 0.01789805)
(0 -0 2.87344e-05)
(0 -0 2.6e-08)
(0 -0 -1.734723e-18)
(0 -0 -1.734723e-18)
(0 -0 1.734723e-18)
(0 -0 -2e-09)
(0 -0 2e-09)
(0 -0 0)
(0 -0 -8.673617e-19)
(0 -0 2e-09)
(0 -0 3.361027e-18)
(0 -0 -7.589415e-18)
(0 -0 2.2e-09)
(0 -0 1.2e-09)
(0 -0 -4.228388e-18)
(0 -0 2e-10)
(0 -0 4e-10)
(0 -0 -1.24e-09)
(0 -0 -1e-09)
(0 -0 4.4e-10)
(0 -0 -8e-10)
(0 -0 -8e-10)
(0 -0 4e-10)
(0 -0 -2.059984e-18)
(0 -0 1.2e-09)
(0 -0 2e-10)
(0 -0 -4e-10)
(0 -0 2e-09)
(0 -0 -4.228388e-18)
(0 -0 0)
(0 -0 -5.20417e-18)
(0 -0 -2e-09)
(0 -0 -1.01915e-17)
(0 -0 -1.01915e-17)
(0 -0 -3.252607e-18)
(0 -0 2e-09)
(0 -0 3.6e-08)
(0 -0 2.87808e-05)
(0 -0 0.01793463)
(0 -0 0.02074102)
(0 -0 3.32854e-05)
(0 -0 2.4e-08)
(0 -0 1.01915e-17)
(0 -0 2e-09)
(0 -0 2e-09)
(0 -0 -1.517883e-17)
(0 -0 0)
(0 -0 -2e-09)
(0 -0 -4.336809e-18)
(0 -0 -8.673617e-19)
(0 -0 -8.456777e-18)
(0 -0 1.6e-09)
(0 -0 6e-10)
(0 -0 -2.493665e-18)
(0 -0 -2e-10)
(0 -0 6e-10)
(0 -0 -1.2e-09)
(0 -0 8e-11)
(0 -0 -1.58e-09)
(0 -0 -8e-11)
(0 -0 -2e-11)
(0 -0 -6e-10)
(0 -0 8.673617e-19)
(0 -0 -1.6e-09)
(0 -0 4.662069e-18)
(0 -0 2.602085e-18)
(0 -0 4e-10)
(0 -0 7.697835e-18)
(0 -0 -6.830474e-18)
(0 -0 9.324139e-18)
(0 -0 -2e-09)
(0 -0 -8.456777e-18)
(0 -0 0)
(0 -0 4.98733e-18)
(0 -0 2e-09)
(0 -0 -2e-09)
(0 -0 4.6e-08)
(0 -0 3.33406e-05)
(0 -0 0.02079203)
(0 -0 0.02444502)
(0 -0 3.9266e-05)
(0 -0 1.2e-08)
(0 -0 1e-08)
(0 -0 5.20417e-18)
(0 -0 4.77049e-18)
(0 -0 2e-09)
(0 -0 6.722053e-18)
(0 -0 3.252607e-18)
(0 -0 -1.517883e-18)
(0 -0 4.336809e-18)
(0 -0 -8e-10)
(0 -0 6e-10)
(0 -0 -1.8e-09)
(0 -0 -6e-10)
(0 -0 -6e-10)
(0 -0 -1e-09)
(0 -0 -1.2e-09)
(0 -0 -1.8e-10)
(0 -0 5e-10)
(0 -0 -1.22e-09)
(0 -0 1.3e-09)
(0 -0 1.463673e-18)
(0 -0 -1.2e-09)
(0 -0 1e-09)
(0 -0 8e-10)
(0 -0 -6e-10)
(0 -0 1e-09)
(0 -0 3.469447e-18)
(0 -0 6.938894e-18)
(0 -0 -1.279359e-17)
(0 -0 3.252607e-18)
(0 -0 2e-09)
(0 -0 -1.170938e-17)
(0 -0 -2e-09)
(0 -0 8.239937e-18)
(0 -0 -1e-08)
(0 -0 7.4e-08)
(0 -0 3.93e-05)
(0 -0 0.02452108)
(0 -0 0.02985185)
(0 -0 4.7918e-05)
(0 -0 -8e-08)
(0 -0 3.2e-08)
(0 -0 -8e-09)
(0 -0 -2e-09)
(0 -0 6.938894e-18)
(0 -0 0)
(0 -0 2e-09)
(0 -0 2.385245e-18)
(0 -0 2.385245e-18)
(0 -0 8e-10)
(0 -0 -3.035766e-18)
(0 -0 -1.2e-09)
(0 -0 3.903128e-18)
(0 -0 4e-10)
(0 -0 -1e-09)
(0 -0 1.8e-09)
(0 -0 -6.4e-10)
(0 -0 -1e-10)
(0 -0 4e-11)
(0 -0 1e-10)
(0 -0 1e-09)
(0 -0 -1e-09)
(0 -0 4e-10)
(0 -0 -1.8e-09)
(0 -0 4e-10)
(0 -0 -1e-09)
(0 -0 -2e-10)
(0 -0 -1.734723e-18)
(0 -0 -2e-09)
(0 -0 2.602085e-18)
(0 -0 -1.734723e-18)
(0 -0 2e-09)
(0 -0 2e-09)
(0 -0 6e-09)
(0 -0 -3.2e-08)
(0 -0 1.84e-07)
(0 -0 4.7594e-05)
(0 -0 0.02996007)
(0 -0 0.0355049)
(0 -0 5.9662e-05)
(0 -0 -1.48e-07)
(0 -0 2.32e-07)
(0 -0 1.6e-08)
(0 -0 6e-09)
(0 -0 -8.673617e-18)
(0 -0 -1.01915e-17)
(0 -0 -2e-09)
(0 -0 -1.517883e-18)
(0 -0 2e-10)
(0 -0 1.2e-09)
(0 -0 -1e-09)
(0 -0 1.2e-09)
(0 -0 -8e-10)
(0 -0 4e-10)
(0 -0 2.168404e-19)
(0 -0 8e-10)
(0 -0 6.6e-10)
(0 -0 -9.8e-10)
(0 -0 3.4e-10)
(0 -0 -8.2e-10)
(0 -0 2e-10)
(0 -0 -6e-10)
(0 -0 -1e-09)
(0 -0 -1.6e-09)
(0 -0 -6e-10)
(0 -0 -8e-10)
(0 -0 -2e-09)
(0 -0 -8e-10)
(0 -0 -1.517883e-18)
(0 -0 8.673617e-19)
(0 -0 -2e-09)
(0 -0 -1.864828e-17)
(0 -0 -6e-09)
(0 -0 -1.4e-08)
(0 -0 -2.38e-07)
(0 -0 2.78e-07)
(0 -0 5.6408e-05)
(0 -0 0.03571788)
(0 -0 0.05316973)
(0 -0 8.6316e-05)
(0 -0 -2.924e-06)
(0 -0 -2.22e-07)
(0 -0 -3.74e-07)
(0 -0 -2e-07)
(0 -0 -1.84e-07)
(0 -0 -1.86e-07)
(0 -0 -1.92e-07)
(0 -0 -1.988e-07)
(0 -0 -2.046e-07)
(0 -0 -2.07e-07)
(0 -0 -2.102e-07)
(0 -0 -2.106e-07)
(0 -0 -2.128e-07)
(0 -0 -2.156e-07)
(0 -0 -2.164e-07)
(0 -0 -2.1924e-07)
(0 -0 -2.1726e-07)
(0 -0 -2.1834e-07)
(0 -0 -2.2268e-07)
(0 -0 -2.2362e-07)
(0 -0 -2.2406e-07)
(0 -0 -2.238e-07)
(0 -0 -2.25e-07)
(0 -0 -2.268e-07)
(0 -0 -2.29e-07)
(0 -0 -2.32e-07)
(0 -0 -2.328e-07)
(0 -0 -2.382e-07)
(0 -0 -2.432e-07)
(0 -0 -2.5e-07)
(0 -0 -2.56e-07)
(0 -0 -2.6e-07)
(0 -0 -2.48e-07)
(0 -0 -8e-08)
(0 -0 -2.58e-07)
(0 -0 2.548e-06)
(0 -0 7.9884e-05)
(0 -0 0.05345028)
(0 -0 0.0563747)
(0 -0 0.000119932)
(0 -0 -8.2092e-05)
(0 -0 -0.000138532)
(0 -0 -0.000165576)
(0 -0 -0.000179752)
(0 -0 -0.000187738)
(0 -0 -0.000192544)
(0 -0 -0.0001956356)
(0 -0 -0.0001977458)
(0 -0 -0.0001992576)
(0 -0 -0.0002003922)
(0 -0 -0.0002012702)
(0 -0 -0.0002019778)
(0 -0 -0.000202558)
(0 -0 -0.0002030518)
(0 -0 -0.0002034806)
(0 -0 -0.0002038675)
(0 -0 -0.0002042257)
(0 -0 -0.0002045671)
(0 -0 -0.0002049025)
(0 -0 -0.0002052443)
(0 -0 -0.000205601)
(0 -0 -0.0002059868)
(0 -0 -0.000206416)
(0 -0 -0.000206908)
(0 -0 -0.0002074898)
(0 -0 -0.0002081912)
(0 -0 -0.0002090664)
(0 -0 -0.0002101954)
(0 -0 -0.0002117006)
(0 -0 -0.0002138002)
(0 -0 -0.000216878)
(0 -0 -0.000221676)
(0 -0 -0.000229666)
(0 -0 -0.000243926)
(0 -0 -0.00027105)
(0 -0 -0.00032806)
(0 -0 -0.000347724)
(0 -0 0.05604649)
(0 -0 0.002868904)
(0 -0 -0.1270132)
(0 -0 -0.1270844)
(0 -0 -0.1273251)
(0 -0 -0.127321)
(0 -0 -0.1273602)
(0 -0 -0.1273756)
(0 -0 -0.1273849)
(0 -0 -0.1273904)
(0 -0 -0.1273939)
(0 -0 -0.1273961)
(0 -0 -0.1273977)
(0 -0 -0.1273989)
(0 -0 -0.1273999)
(0 -0 -0.1274007)
(0 -0 -0.1274015)
(0 -0 -0.1274022)
(0 -0 -0.127403)
(0 -0 -0.1274038)
(0 -0 -0.1274047)
(0 -0 -0.1274057)
(0 -0 -0.1274068)
(0 -0 -0.1274081)
(0 -0 -0.1274097)
(0 -0 -0.1274115)
(0 -0 -0.1274137)
(0 -0 -0.1274164)
(0 -0 -0.1274197)
(0 -0 -0.1274238)
(0 -0 -0.127429)
(0 -0 -0.127436)
(0 -0 -0.1274454)
(0 -0 -0.1274587)
(0 -0 -0.1274789)
(0 -0 -0.1275095)
(0 -0 -0.1275718)
(0 -0 -0.1276104)
(0 -0 -0.1278726)
(0 -0 -0.1277609)
(0 -0 0.00310447)
(0 -0 -39.87213)
(0 -0 -40.00451)
(0 -0 -39.92997)
(0 -0 -39.92583)
(0 -0 -39.91102)
(0 -0 -39.90414)
(0 -0 -39.89924)
(0 -0 -39.89582)
(0 -0 -39.89332)
(0 -0 -39.89142)
(0 -0 -39.88996)
(0 -0 -39.8888)
(0 -0 -39.88788)
(0 -0 -39.88715)
(0 -0 -39.88657)
(0 -0 -39.88612)
(0 -0 -39.88577)
(0 -0 -39.88552)
(0 -0 -39.88536)
(0 -0 -39.88528)
(0 -0 -39.88527)
(0 -0 -39.88535)
(0 -0 -39.88551)
(0 -0 -39.88576)
(0 -0 -39.8861)
(0 -0 -39.88655)
(0 -0 -39.88712)
(0 -0 -39.88785)
(0 -0 -39.88876)
(0 -0 -39.8899)
(0 -0 -39.89135)
(0 -0 -39.89322)
(0 -0 -39.89569)
(0 -0 -39.89908)
(0 -0 -39.90394)
(0 -0 -39.91069)
(0 -0 -39.92562)
(0 -0 -39.92931)
(0 -0 -40.00433)
(0 -0 -39.87163)
)
;

boundaryField
{
    movingWall
    {
        type            calculated;
        value           nonuniform List<vector> 
40
(
(0 -0 -79.63759)
(0 -0 -79.79796)
(0 -0 -79.61567)
(0 -0 -79.60507)
(0 -0 -79.57091)
(0 -0 -79.55557)
(0 -0 -79.54499)
(0 -0 -79.53777)
(0 -0 -79.53257)
(0 -0 -79.52868)
(0 -0 -79.52568)
(0 -0 -79.52333)
(0 -0 -79.52147)
(0 -0 -79.51998)
(0 -0 -79.51881)
(0 -0 -79.51789)
(0 -0 -79.51719)
(0 -0 -79.51668)
(0 -0 -79.51635)
(0 -0 -79.51619)
(0 -0 -79.51618)
(0 -0 -79.51634)
(0 -0 -79.51666)
(0 -0 -79.51715)
(0 -0 -79.51784)
(0 -0 -79.51874)
(0 -0 -79.5199)
(0 -0 -79.52136)
(0 -0 -79.5232)
(0 -0 -79.52552)
(0 -0 -79.52847)
(0 -0 -79.53231)
(0 -0 -79.53743)
(0 -0 -79.54455)
(0 -0 -79.55502)
(0 -0 -79.57002)
(0 -0 -79.60451)
(0 -0 -79.61396)
(0 -0 -79.79746)
(0 -0 -79.63648)
)
;
    }
    fixedWalls
    {
        type            calculated;
        value           nonuniform List<vector> 
120
(
(0 -0 0.0002609123)
(0 -0 0.0005236212)
(0 -0 0.000877021)
(0 -0 0.001236208)
(0 -0 0.001603417)
(0 -0 0.00198106)
(0 -0 0.002371651)
(0 -0 0.002777822)
(0 -0 0.003202355)
(0 -0 0.003648219)
(0 -0 0.004118605)
(0 -0 0.004616972)
(0 -0 0.005147106)
(0 -0 0.005713183)
(0 -0 0.00631985)
(0 -0 0.006972338)
(0 -0 0.007676574)
(0 -0 0.008439361)
(0 -0 0.009268582)
(0 -0 0.01017347)
(0 -0 0.01116499)
(0 -0 0.01225631)
(0 -0 0.01346348)
(0 -0 0.01480632)
(0 -0 0.01630975)
(0 -0 0.01800564)
(0 -0 0.01993559)
(0 -0 0.02215519)
(0 -0 0.02474078)
(0 -0 0.02780083)
(0 -0 0.03149572)
(0 -0 0.03607259)
(0 -0 0.04194814)
(0 -0 0.04970574)
(0 -0 0.06136577)
(0 -0 0.07360157)
(0 -0 0.1143447)
(0 -0 0.1220821)
(0 -0 0.1743962)
(0 -0 -39.72513)
(0 -0 0.0002609642)
(0 -0 0.0005237263)
(0 -0 0.0008771997)
(0 -0 0.001236464)
(0 -0 0.001603756)
(0 -0 0.001981493)
(0 -0 0.002372188)
(0 -0 0.002778476)
(0 -0 0.003203144)
(0 -0 0.003649164)
(0 -0 0.004119731)
(0 -0 0.00461831)
(0 -0 0.005148692)
(0 -0 0.00571506)
(0 -0 0.006322074)
(0 -0 0.00697497)
(0 -0 0.007679694)
(0 -0 0.008443063)
(0 -0 0.009272986)
(0 -0 0.01017872)
(0 -0 0.01117126)
(0 -0 0.01226384)
(0 -0 0.01347254)
(0 -0 0.0148173)
(0 -0 0.01632313)
(0 -0 0.01802208)
(0 -0 0.01995597)
(0 -0 0.02218073)
(0 -0 0.02477327)
(0 -0 0.0278429)
(0 -0 0.03155145)
(0 -0 0.03614873)
(0 -0 0.04205578)
(0 -0 0.04986981)
(0 -0 0.06160389)
(0 -0 0.07409421)
(0 -0 0.1149785)
(0 -0 0.1228184)
(0 -0 0.1759463)
(0 -0 -39.72499)
(0 -0 0.0002603945)
(0 -0 0.0005199336)
(0 -0 0.0008633742)
(0 -0 0.001201372)
(0 -0 0.001531647)
(0 -0 0.001852104)
(0 -0 0.002160729)
(0 -0 0.002455602)
(0 -0 0.002734918)
(0 -0 0.002996983)
(0 -0 0.003240235)
(0 -0 0.003463247)
(0 -0 0.003664728)
(0 -0 0.003843531)
(0 -0 0.003998653)
(0 -0 0.004129234)
(0 -0 0.00423456)
(0 -0 0.004314062)
(0 -0 0.00436731)
(0 -0 0.004394023)
(0 -0 0.004394056)
(0 -0 0.00436741)
(0 -0 0.004314225)
(0 -0 0.004234785)
(0 -0 0.004129513)
(0 -0 0.00399898)
(0 -0 0.003843899)
(0 -0 0.003665126)
(0 -0 0.003463667)
(0 -0 0.003240667)
(0 -0 0.002997415)
(0 -0 0.00273534)
(0 -0 0.002456005)
(0 -0 0.0021611)
(0 -0 0.001852436)
(0 -0 0.001531931)
(0 -0 0.001201601)
(0 -0 0.0008635411)
(0 -0 0.0005200358)
(0 -0 0.0002604461)
)
;
    }
    frontAndBack
    {
        type            empty;
    }
}


// ************************************************************************* //
