/*--------------------------------*- C++ -*----------------------------------*\
| =========                 |                                                 |
| \\      /  F ield         | OpenFOAM: The Open Source CFD Toolbox           |
|  \\    /   O peration     | Version:  2412                                  |
|   \\  /    A nd           | Website:  www.openfoam.com                      |
|    \\/     M anipulation  |                                                 |
\*---------------------------------------------------------------------------*/
FoamFile
{
    version     2.0;
    format      ascii;
    arch        "LSB;label=32;scalar=64";
    class       volScalarField;
    location    "0.05";
    object      p;
}
// * * * * * * * * * * * * * * * * * * * * * * * * * * * * * * * * * * * * * //

dimensions      [0 2 -2 0 0 0 0];

internalField   nonuniform List<scalar> 
1600
(
-2.229373e-12
5.461702e-07
1.63589e-06
3.262114e-06
5.414373e-06
8.078844e-06
1.123847e-05
1.48731e-05
1.895964e-05
2.347226e-05
2.838255e-05
3.365977e-05
3.927102e-05
4.518151e-05
5.135474e-05
5.775275e-05
6.433635e-05
7.106535e-05
7.789877e-05
8.479505e-05
9.171234e-05
9.860865e-05
0.0001054421
0.0001121712
0.0001187549
0.000125153
0.0001313263
0.0001372369
0.0001428483
0.0001481257
0.0001530361
0.0001575488
0.0001616355
0.0001652703
0.00016843
0.0001710946
0.0001732469
0.0001748732
0.000175963
0.0001765092
-5.460411e-07
3.651173e-09
1.100386e-06
2.73706e-06
4.903113e-06
7.584608e-06
1.076435e-05
1.442201e-05
1.853435e-05
2.307531e-05
2.801629e-05
3.332634e-05
3.897233e-05
4.491924e-05
5.113036e-05
5.756749e-05
6.419122e-05
7.096113e-05
7.7836e-05
8.477409e-05
9.173329e-05
9.867139e-05
0.0001055463
0.0001123163
0.0001189401
0.0001253773
0.0001315886
0.0001375356
0.0001431817
0.0001484919
0.000153433
0.0001579741
0.0001620866
0.0001657444
0.0001689243
0.0001716059
0.000173772
0.0001754087
0.0001765055
0.0001770552
-1.642549e-06
-1.08578e-06
2.50564e-08
1.682735e-06
3.876516e-06
6.592227e-06
9.812386e-06
1.351635e-05
1.76805e-05
2.227841e-05
2.728104e-05
3.265702e-05
3.837277e-05
4.439282e-05
5.068e-05
5.719566e-05
6.389993e-05
7.075195e-05
7.771004e-05
8.473201e-05
9.177532e-05
9.879731e-05
0.0001057555
0.0001126075
0.0001193119
0.0001258277
0.000132115
0.0001381351
0.000143851
0.0001492272
0.0001542299
0.000158828
0.0001629923
0.0001666964
0.0001699167
0.0001726325
0.0001748263
0.0001764841
0.000177595
0.0001781518
-3.296595e-06
-2.729132e-06
-1.596983e-06
9.243694e-08
2.328112e-06
5.095513e-06
8.376725e-06
1.215061e-05
1.6393e-05
2.107685e-05
2.617253e-05
3.164798e-05
3.746896e-05
4.359932e-05
5.000119e-05
5.663525e-05
6.346093e-05
7.04367e-05
7.752021e-05
8.46686e-05
9.183866e-05
9.898708e-05
0.0001060706
0.0001130465
0.0001198723
0.0001265064
0.0001329084
0.0001390389
0.00014486
0.0001503356
0.0001554315
0.0001601155
0.000164358
0.0001681321
0.0001714134
0.0001741809
0.0001764167
0.0001781062
0.0001792384
0.0001798059
-5.518886e-06
-4.937016e-06
-3.776159e-06
-2.043986e-06
2.481083e-07
3.085104e-06
6.448498e-06
1.031648e-05
1.466411e-05
1.946356e-05
2.468433e-05
3.029346e-05
3.625583e-05
4.253435e-05
4.909023e-05
5.588323e-05
6.287188e-05
7.001372e-05
7.726552e-05
8.458353e-05
9.192365e-05
9.924168e-05
0.0001064935
0.0001136354
0.0001206242
0.0001274173
0.0001339733
0.000140252
0.0001462145
0.0001518238
0.0001570448
0.0001618444
0.0001661922
0.0001700603
0.0001734239
0.000176261
0.0001785532
0.0001802854
0.0001814463
0.0001820282
-8.323849e-06
-7.723728e-06
-6.526508e-06
-4.740194e-06
-2.376668e-06
5.484171e-07
4.015798e-06
8.002788e-06
1.248349e-05
1.742904e-05
2.280783e-05
2.858578e-05
3.472661e-05
4.119207e-05
4.79422e-05
5.49356e-05
6.212966e-05
6.948079e-05
7.694464e-05
8.447635e-05
9.203071e-05
9.956244e-05
0.0001070264
0.0001143776
0.0001215717
0.0001285653
0.0001353155
0.0001417812
0.0001479222
0.0001537003
0.0001590793
0.000164025
0.0001685059
0.0001724931
0.0001759606
0.0001788858
0.0001812495
0.0001830359
0.0001842331
0.0001848333
-1.172975e-05
-1.110737e-05
-9.865803e-06
-8.013471e-06
-5.562869e-06
-2.53044e-06
1.063603e-06
5.195489e-06
9.838126e-06
1.496136e-05
2.053223e-05
2.651529e-05
3.287281e-05
3.956515e-05
4.655092e-05
5.378734e-05
6.123039e-05
6.883515e-05
7.655591e-05
8.43465e-05
9.216041e-05
9.995103e-05
0.0001076719
0.0001152767
0.0001227199
0.0001299564
0.0001369424
0.0001436349
0.0001499926
0.0001559759
0.000161547
0.0001666704
0.0001713132
0.0001754453
0.0001790395
0.0001820721
0.0001845228
0.0001863753
0.0001876169
0.0001882393
-1.575889e-05
-1.511002e-05
-1.38157e-05
-1.188487e-05
-9.330755e-06
-6.17078e-06
-2.426315e-06
1.877547e-06
6.71226e-06
1.204611e-05
1.784453e-05
2.407038e-05
3.068426e-05
3.764483e-05
4.490904e-05
5.243245e-05
6.016945e-05
6.80735e-05
7.609738e-05
8.419334e-05
9.231338e-05
0.0001004094
0.0001084333
0.0001163375
0.0001240746
0.0001315982
0.0001388626
0.0001458234
0.0001524375
0.0001586635
0.0001644622
0.0001697963
0.0001746312
0.0001789353
0.00018268
0.0001858401
0.0001883944
0.0001903253
0.0001916197
0.0001922686
-2.043777e-05
-1.975794e-05
-1.840196e-05
-1.637938e-05
-1.370435e-05
-1.039547e-05
-6.475507e-06
-1.971136e-06
3.08735e-06
8.666385e-06
1.472947e-05
2.123749e-05
2.814907e-05
3.54209e-05
4.300799e-05
5.0864e-05
5.894147e-05
6.719205e-05
7.556675e-05
8.401611e-05
9.24904e-05
0.0001009398
0.0001093146
0.0001175653
0.0001256429
0.0001334991
0.0001410864
0.0001483584
0.0001552703
0.0001617786
0.0001678419
0.0001734212
0.00017848
0.0001829846
0.0001869048
0.0001902138
0.000192889
0.0001949117
0.0001962678
0.0001969477
-2.579739e-05
-2.50818e-05
-2.365462e-05
-2.152615e-05
-1.871165e-05
-1.523111e-05
-1.110897e-05
-6.373823e-06
-1.058014e-06
4.802694e-06
1.116953e-05
1.800108e-05
2.525369e-05
3.288174e-05
4.083805e-05
4.907411e-05
5.754038e-05
6.618649e-05
7.496147e-05
8.381395e-05
9.26923e-05
0.0001015448
0.0001103199
0.0001189661
0.0001274326
0.0001356688
0.0001436254
0.0001512537
0.0001585066
0.0001653385
0.0001717056
0.0001775666
0.0001828827
0.0001876181
0.0001917405
0.0001952213
0.000198036
0.0002001646
0.0002015919
0.0002023075
-3.187356e-05
-3.111703e-05
-2.960837e-05
-2.735877e-05
-2.438482e-05
-2.070819e-05
-1.635532e-05
-1.135705e-05
-5.748181e-06
4.329528e-07
7.144932e-06
1.434368e-05
2.198288e-05
3.001435e-05
3.838837e-05
4.705403e-05
5.595946e-05
6.505205e-05
7.427869e-05
8.358591e-05
9.292003e-05
0.0001022273
0.000111454
0.0001205468
0.0001294524
0.0001381183
0.0001464926
0.0001545244
0.0001621639
0.000169363
0.0001760753
0.0001822568
0.000187866
0.0001928646
0.0001972177
0.0002008946
0.0002038688
0.0002061186
0.0002076273
0.0002083839
-3.870725e-05
-3.790415e-05
-3.630281e-05
-3.391555e-05
-3.076049e-05
-2.686135e-05
-2.224693e-05
-1.695076e-05
-1.101052e-05
-4.467559e-06
2.633621e-06
1.024587e-05
1.831984e-05
2.680441e-05
3.564707e-05
4.47942e-05
5.419137e-05
6.378357e-05
7.351534e-05
8.333098e-05
9.31746e-05
0.0001029903
0.0001127222
0.0001223146
0.000131712
0.0001408593
0.0001497023
0.0001581872
0.0001662616
0.0001738742
0.0001809758
0.0001875192
0.0001934598
0.0001987563
0.0002033711
0.0002072705
0.0002104258
0.0002128133
0.0002144147
0.0002152179
-4.634507e-05
-4.548922e-05
-4.378295e-05
-4.123988e-05
-3.788006e-05
-3.372959e-05
-2.882015e-05
-2.318842e-05
-1.687548e-05
-9.926224e-06
-2.38871e-06
5.686364e-06
1.424621e-05
2.323641e-05
3.260129e-05
4.228431e-05
5.222826e-05
6.23755e-05
7.266812e-05
8.304805e-05
9.34571e-05
0.0001038371
0.0001141299
0.0001242773
0.0001342215
0.0001439048
0.0001532701
0.0001622607
0.0001708209
0.0001788965
0.0001864344
0.0001933842
0.0001996975
0.0002053297
0.0002102395
0.0002143903
0.0002177504
0.0002202937
0.0002220002
0.0002228561
-5.483985e-05
-5.392438e-05
-5.20996e-05
-4.93807e-05
-4.579004e-05
-4.135662e-05
-3.611551e-05
-3.010717e-05
-2.337669e-05
-1.597308e-05
-7.948567e-06
6.421042e-07
9.742235e-06
1.92937e-05
2.923738e-05
3.951348e-05
5.006183e-05
6.082203e-05
7.173359e-05
8.273598e-05
9.376867e-05
0.0001047711
0.0001156828
0.0001264433
0.0001369919
0.0001472684
0.0001572125
0.0001667644
0.000175865
0.0001844562
0.0001924812
0.0001998854
0.0002066164
0.0002126252
0.0002178668
0.0002223006
0.0002258916
0.0002286108
0.0002304357
0.0002313513
-6.425123e-05
-6.326849e-05
-6.131004e-05
-5.839301e-05
-5.454254e-05
-4.979113e-05
-4.417795e-05
-3.774794e-05
-3.055094e-05
-2.264081e-05
-1.407456e-05
-4.911616e-06
4.78691e-06
1.495876e-05
2.5541e-05
3.647037e-05
4.768353e-05
5.911719e-05
7.070822e-05
8.23936e-05
9.411047e-05
0.0001057959
0.0001173871
0.0001288211
0.0001400345
0.0001509643
0.000161547
0.0001717194
0.0001814185
0.0001905821
0.0001991489
0.0002070597
0.0002142573
0.0002206879
0.0002263016
0.0002310535
0.0002349043
0.0002378217
0.0002397803
0.0002407632
-7.464653e-05
-7.358788e-05
-7.147868e-05
-6.833844e-05
-6.419569e-05
-5.908721e-05
-5.305706e-05
-4.615559e-05
-3.843826e-05
-2.996461e-05
-2.079726e-05
-1.100094e-05
-6.417759e-07
1.021339e-05
2.149745e-05
3.314344e-05
4.508469e-05
5.725496e-05
6.958845e-05
8.201975e-05
9.448364e-05
0.000106915
0.0001192487
0.0001314193
0.0001433609
0.0001550074
0.000166292
0.0001771478
0.0001875076
0.0001973046
0.0002064727
0.000214947
0.0002226651
0.0002295672
0.000235598
0.000240707
0.0002448503
0.0002479909
0.0002501003
0.0002511591
-8.610173e-05
-8.495731e-05
-8.267792e-05
-7.928601e-05
-7.481428e-05
-6.93047e-05
-6.280733e-05
-5.537899e-05
-4.708184e-05
-3.798213e-05
-2.814895e-05
-1.765317e-05
-6.566525e-06
5.039037e-06
1.709192e-05
2.952119e-05
4.225677e-05
5.522946e-05
6.837087e-05
8.161328e-05
9.488933e-05
0.0001081318
0.0001212735
0.0001342465
0.0001469825
0.0001594123
0.0001714658
0.0001830721
0.0001941595
0.0002046561
0.0002144901
0.0002235906
0.0002318886
0.0002393178
0.0002458159
0.0002513261
0.0002557984
0.0002591907
0.0002614704
0.000262615
-9.870262e-05
-9.746108e-05
-9.498917e-05
-9.131297e-05
-8.647036e-05
-8.050973e-05
-7.348843e-05
-6.547111e-05
-5.652797e-05
-4.673316e-05
-3.616332e-05
-2.489634e-05
-1.301029e-05
-5.827307e-07
1.23099e-05
2.559255e-05
3.919167e-05
5.303518e-05
6.705228e-05
8.117314e-05
9.532856e-05
0.0001094495
0.0001234669
0.0001373108
0.0001509104
0.0001641937
0.000177087
0.0001895154
0.0002014023
0.0002126702
0.000223241
0.0002330368
0.0002419809
0.0002499992
0.0002570213
0.0002629828
0.000267826
0.0002715027
0.000273975
0.0002752167
-0.0001125463
-0.0001111945
-0.0001085041
-0.0001045058
-9.924407e-05
-9.277514e-05
-8.51654e-05
-7.6489e-05
-6.682579e-05
-5.625929e-05
-4.487496e-05
-3.27587e-05
-1.999573e-05
-6.669703e-06
7.137749e-06
2.134733e-05
3.58821e-05
5.066725e-05
6.562987e-05
8.069842e-05
9.580222e-05
0.0001108709
0.0001258338
0.0001406194
0.0001551547
0.000169365
0.0001831733
0.0001965002
0.0002092642
0.0002213815
0.000232767
0.0002433346
0.000252999
0.0002616765
0.0002692873
0.0002757571
0.0002810197
0.0002850185
0.0002877094
0.0002890614
-0.0001277432
-0.0001262655
-0.0001233261
-0.0001189616
-0.0001132245
-0.0001061811
-9.79089e-05
-8.849369e-05
-7.802697e-05
-6.66034e-05
-5.431871e-05
-4.126799e-05
-2.754439e-05
-1.323828e-05
1.563313e-06
1.677681e-05
3.232203e-05
4.81218e-05
6.410151e-05
8.018842e-05
9.6311e-05
0.0001123981
0.0001283781
0.0001441784
0.0001597242
0.0001749385
0.000189741
0.0002040482
0.000217773
0.0002308249
0.0002431109
0.0002545358
0.0002650039
0.0002744204
0.0002826938
0.0002897383
0.0002954764
0.0002998416
0.0003027815
0.0003042595
-0.0001444191
-0.0001427969
-0.0001395723
-0.0001347892
-0.0001285107
-0.0001208156
-0.0001117953
-0.00010155
-9.018518e-05
-7.780886e-05
-6.452875e-05
-5.04504e-05
-3.567582e-05
-2.030255e-05
-4.423215e-06
1.187443e-05
2.850729e-05
4.539633e-05
6.246587e-05
7.964275e-05
9.685528e-05
0.0001140323
0.0001311023
0.0001479918
0.0001646254
0.000180924
0.0001968043
0.0002121788
0.0002269547
0.0002410345
0.0002543161
0.000266694
0.0002780604
0.0002883073
0.000297329
0.0003050254
0.0003113051
0.000316089
0.0003193143
0.0003209368
-0.0001627184
-0.0001609293
-0.0001573757
-0.0001521115
-0.0001452129
-0.000136775
-0.0001269067
-0.0001157258
-0.0001033552
-8.991846e-05
-7.553737e-05
-6.03294e-05
-4.440626e-05
-2.787312e-05
-1.082827e-05
6.636686e-06
2.443625e-05
4.249026e-05
6.072286e-05
7.906138e-05
9.743505e-05
0.0001157738
0.0001340068
0.0001520614
0.0001698618
0.0001873277
0.0002043738
0.0002209083
0.0002368329
0.0002520426
0.0002664254
0.000279864
0.0002922365
0.0003034192
0.0003132892
0.0003217287
0.0003286286
0.000333894
0.0003374483
0.0003392377
-0.0001828076
-0.0001808242
-0.0001768884
-0.0001710669
-0.0001634538
-0.0001541647
-0.0001433307
-0.0001310918
-0.0001175917
-0.0001029729
-8.737336e-05
-7.092397e-05
-5.374707e-05
-3.59557e-05
-1.765365e-05
1.064129e-06
2.01106e-05
3.940547e-05
5.887386e-05
7.844482e-05
9.804978e-05
0.000117621
0.0001370898
0.0001563854
0.0001754327
0.0001941516
0.000212455
0.0002302479
0.0002474266
0.0002638779
0.0002794795
0.0002941004
0.0003076027
0.0003198437
0.0003306798
0.0003399708
0.0003475856
0.0003534084
0.0003573451
0.000359329
-0.0002048809
-0.0002026689
-0.0001982848
-0.0001918126
-0.0001833699
-0.0001730992
-0.0001611599
-0.0001477196
-0.0001329476
-0.0001170088
-0.0001000598
-8.224659e-05
-6.370276e-05
-4.454935e-05
-2.489509e-05
-4.83739e-06
1.553632e-05
3.6147e-05
5.692219e-05
7.779422e-05
9.86983e-05
0.0001195706
0.0001403463
0.0001609577
0.0001813324
0.0002013913
0.0002210471
0.0002402022
0.000258748
0.0002765634
0.0002935148
0.0003094561
0.0003242307
0.0003376735
0.0003496153
0.0003598883
0.0003683331
0.0003748069
0.0003791921
0.0003814047
-0.0002291659
-0.0002266821
-0.0002217667
-0.0002145274
-0.0002051132
-0.0001937024
-0.0001804905
-0.0001656801
-0.0001494713
-0.0001320556
-0.0001136113
-9.430044e-05
-7.426862e-05
-5.364437e-05
-3.254042e-05
-1.105529e-05
1.072481e-05
3.27238e-05
5.487354e-05
7.711153e-05
9.937864e-05
0.0001216169
0.0001437672
0.000165767
0.0001875482
0.0002090347
0.0002301403
0.0002507664
0.0002708005
0.0002901138
0.0003085609
0.0003259794
0.0003421912
0.0003570047
0.0003702196
0.0003816333
0.00039105
0.0003982913
0.0004032082
0.0004056927
-0.0002559336
-0.0002531221
-0.000247569
-0.0002394153
-0.0002288527
-0.0002161069
-0.0002014207
-0.0001850401
-0.0001672032
-0.0001481324
-0.0001280301
-0.0001070762
-8.542775e-05
-6.32198e-05
-4.056754e-05
-1.756865e-05
5.694012e-06
2.914959e-05
5.273649e-05
7.639964e-05
0.0001000879
0.0001237513
0.0001473388
0.0001707952
0.0001940591
0.0002170594
0.0002397135
0.0002619236
0.0002835745
0.0003045312
0.0003246366
0.0003437108
0.0003615513
0.0003779356
0.0003926254
0.0004053747
0.0004159403
0.0004240966
0.0004296515
0.0004324639
-0.0002855096
-0.0002822969
-0.0002759675
-0.0002667097
-0.0002547751
-0.0002404529
-0.0002240471
-0.0002058584
-0.0001861706
-0.0001652421
-0.000143302
-0.0001205479
-9.71475e-05
-7.32405e-05
-4.894208e-05
-2.43464e-05
4.698231e-07
2.544373e-05
5.052298e-05
7.56626e-05
0.000100822
0.0001259619
0.0001510417
0.0001760165
0.000200834
0.0002254313
0.0002497316
0.000273641
0.0002970441
0.0003198014
0.0003417451
0.0003626774
0.0003823695
0.0004005625
0.0004169727
0.0004312993
0.0004432377
0.0004524987
0.0004588304
0.0004620443
-0.0003182916
-0.0003145786
-0.0003072882
-0.0002966787
-0.0002830856
-0.0002668845
-0.0002484592
-0.0002281786
-0.0002063811
-0.0001833659
-0.0001593899
-0.0001346678
-0.0001093754
-8.365389e-05
-5.761492e-05
-3.134548e-05
-4.912637e-06
2.16321e-05
4.824884e-05
7.490572e-05
0.0001015756
0.0001282327
0.0001548501
0.0001813958
0.0002078299
0.000234101
0.000260142
0.000285866
0.0003111615
0.000335887
0.000359867
0.0003828867
0.0004046892
0.000424975
0.0004434057
0.0004596122
0.0004732101
0.0004838237
0.0004911171
0.0004948318
-0.0003547745
-0.0003504229
-0.00034192
-0.0003296291
-0.000314006
-0.000295544
-0.0002747309
-0.0002520197
-0.0002278128
-0.0002024538
-0.0001762268
-0.0001493605
-0.0001220344
-9.438639e-05
-6.651952e-05
-3.850894e-05
-1.04077e-05
1.774799e-05
4.593429e-05
7.413577e-05
0.0001023419
0.0001305436
0.0001587306
0.0001868872
0.0002149897
0.000243002
0.000270871
0.0002985217
0.000325851
0.0003527212
0.0003789527
0.0004043168
0.0004285294
0.0004512469
0.0004720666
0.0004905352
0.0005061646
0.0005184608
0.0005269677
0.0005313215
-0.0003955861
-0.0003903965
-0.0003803298
-0.0003659109
-0.00034777
-0.0003265615
-0.0003029069
-0.0002773624
-0.0002504023
-0.0002224148
-0.0001937073
-0.0001645163
-0.0001350181
-0.0001053398
-7.556939e-05
-4.57642e-05
-1.595805e-05
1.383272e-05
4.360424e-05
7.336108e-05
0.0001031126
0.0001328697
0.0001626418
0.0001924335
0.0002222409
0.0002520478
0.0002818204
0.0003115014
0.000341003
0.0003701982
0.0003989105
0.0004269038
0.0004538706
0.0004794226
0.0005030852
0.000524302
0.000542451
0.000556877
0.0005669491
0.0005721416
-0.0004415437
-0.0004352149
-0.0004230806
-0.0004059176
-0.0003846115
-0.0003600358
-0.0003329829
-0.0003041305
-0.0002740279
-0.0002431029
-0.0002116771
-0.0001799837
-0.000148185
-0.0001163877
-8.465587e-05
-5.302174e-05
-2.14939e-05
9.93607e-06
4.128852e-05
7.259158e-05
0.0001038778
0.0001351811
0.0001665341
0.0001979649
0.0002294939
0.0002611297
0.0002928636
0.0003246637
0.0003564658
0.0003881634
0.0004195945
0.000450526
0.0004806362
0.0005094974
0.0005365601
0.0005611463
0.000582463
0.0005996354
0.0006117773
0.0006181103
-0.0004937446
-0.0004857937
-0.0004708501
-0.0004500792
-0.000424741
-0.0003960045
-0.0003648757
-0.0003321643
-0.0002984885
-0.0002643016
-0.0002299218
-0.0001955619
-0.0001613546
-0.0001273729
-9.364664e-05
-6.01744e-05
-2.693293e-05
6.116244e-06
3.902177e-05
7.183879e-05
0.000104626
0.0001374432
0.0001703492
0.0002033991
0.0002366416
0.0002701153
0.0003038435
0.0003378277
0.0003720384
0.0004064026
0.0004407879
0.0004749818
0.0005086661
0.0005413878
0.0005725285
0.0006012783
0.0006266303
0.0006474143
0.0006623685
0.0006703257
-0.0005537172
-0.0005433162
-0.0005244472
-0.0004988378
-0.0004683005
-0.0004343969
-0.0003983803
-0.0003611861
-0.0003234783
-0.0002857062
-0.0002481557
-0.0002109939
-0.0001743029
-0.0001381058
-0.0001023855
-6.709787e-05
-3.218076e-05
2.439324e-06
3.684312e-05
7.111567e-05
0.0001053443
0.000139617
0.0001740211
0.0002086417
0.0002435596
0.0002788484
0.0003145703
0.0003507696
0.0003874637
0.0004246297
0.0004621856
0.000499965
0.0005376821
0.000574888
0.0006109188
0.0006448392
0.0006753947
0.0007010223
0.0007199069
0.0007303178
-0.0006236883
-0.0006093112
-0.0005848099
-0.000552587
-0.0005152848
-0.0004749597
-0.0004331095
-0.000390756
-0.0003485568
-0.0003069053
-0.0002660117
-0.0002259621
-0.0001867619
-0.0001483651
-0.0001106942
-7.365238e-05
-3.713263e-05
-1.021977e-06
3.479534e-05
7.043635e-05
0.0001060186
0.0001416597
0.0001774771
0.0002135881
0.0002501083
0.0002871508
0.0003248229
0.0003632213
0.000402424
0.0004424772
0.000483376
0.0005250345
0.0005672435
0.0006096099
0.0006514767
0.0006918225
0.0007291489
0.0007613975
0.0007859222
0.0008003159
-0.0007070498
-0.0006857194
-0.0006529555
-0.0006115342
-0.0005654113
-0.0005171464
-0.0004684133
-0.000420219
-0.0003731172
-0.0003273651
-0.0002830349
-0.000240088
-0.0001984223
-0.000157902
-0.0001183756
-7.968617e-05
-4.16762e-05
-4.190417e-06
3.29236e-05
6.981573e-05
0.0001066341
0.0001435262
0.0001806401
0.0002181259
0.0002561359
0.0002948255
0.0003343523
0.0003748736
0.0004165409
0.0004594903
0.0005038247
0.0005495831
0.0005966943
0.000644902
0.0006936539
0.0007419437
0.0007880982
0.0008295561
0.0008623558
0.0008837165
-0.0008096294
-0.000774896
-0.0007297906
-0.000675468
-0.0006179037
-0.0005599594
-0.000503277
-0.0004486477
-0.0003963604
-0.0003464214
-0.0002986864
-0.0002529401
-0.0002089416
-0.0001664472
-0.0001252215
-8.504112e-05
-4.569588e-05
-6.987233e-06
3.127372e-05
6.926886e-05
0.0001071758
0.0001451708
0.0001834315
0.0002221397
0.0002614845
0.0003016644
0.0003428897
0.0003853838
0.0004293826
0.00047513
0.0005228675
0.0005728111
0.0006251062
0.0006797481
0.00073645
0.0007944231
0.0008520274
0.0009064018
0.0009515622
0.0009863516
-0.0009370513
-0.0008788031
-0.0008155759
-0.0007432814
-0.0006711417
-0.0006017329
-0.0005362066
-0.0004747935
-0.000417288
-0.0003632926
-0.000312359
-0.0002640489
-0.0002179585
-0.0001737243
-0.0001310218
-8.956057e-05
-4.907853e-05
-9.336007e-06
2.988986e-05
6.881025e-05
0.0001076295
0.0001465496
0.0001857749
0.0002255166
0.0002659975
0.0003074575
0.0003501586
0.0003943913
0.0004404802
0.0004887893
0.0005397228
0.0005937197
0.0006512297
0.0007126523
0.000778196
0.0008476346
0.0009198219
0.0009921888
0.0010555
0.00111388
-0.001134389
-0.001003732
-0.0009111377
-0.0008126389
-0.0007223051
-0.0006399067
-0.0005651414
-0.0004970935
-0.0004347339
-0.0003771126
-0.0003234101
-0.0002729368
-0.0002251169
-0.0001794672
-0.0001355786
-9.309901e-05
-5.172033e-05
-1.11672e-05
2.881202e-05
6.845297e-05
0.000107982
0.0001476226
0.000187601
0.0002281528
0.0002695298
0.0003120072
0.0003558932
0.0004015398
0.0004493563
0.0004998259
0.0005535249
0.0006111432
0.0006735018
0.0007415526
0.0008163284
0.0008987513
0.0009891338
0.001087733
0.001180449
0.001311291
-0.00128852
-0.001110747
-0.0009983757
-0.0008738536
-0.0007652463
-0.0006704836
-0.0005874238
-0.0005137309
-0.0004474406
-0.0003870033
-0.0003312198
-0.0002791609
-0.0002300967
-0.0001834429
-0.0001387218
-9.55333e-05
-5.353432e-05
-1.242302e-05
2.807328e-05
6.820783e-05
0.0001082228
0.0001483568
0.000188852
0.0002299616
0.0002719582
0.0003151436
0.0003598609
0.0004065099
0.0004555684
0.0005076205
0.0005633959
0.0006238241
0.0006901045
0.000763788
0.0008468416
0.0009416067
0.001050235
0.001174842
0.001287215
0.0014656
-0.001955307
-0.001294342
-0.001122288
-0.0009345204
-0.0007986856
-0.0006905575
-0.0006005413
-0.0005229247
-0.0004542229
-0.0003921833
-0.000335266
-0.0002823643
-0.0002326485
-0.000185474
-0.0001403241
-9.677231e-05
-5.445658e-05
-1.306103e-05
2.769807e-05
6.808322e-05
0.0001083448
0.0001487293
0.0001894871
0.0002308807
0.0002731937
0.0003167418
0.0003618871
0.0004090557
0.0004587642
0.0005116569
0.0005685632
0.0006305894
0.0006992757
0.0007768763
0.0008668814
0.0009750205
0.001110888
0.001298898
0.00147129
0.002132895
)
;

boundaryField
{
    movingWall
    {
        type            zeroGradient;
    }
    fixedWalls
    {
        type            zeroGradient;
    }
    frontAndBack
    {
        type            empty;
    }
}


// ************************************************************************* //
