/*--------------------------------*- C++ -*----------------------------------*\
| =========                 |                                                 |
| \\      /  F ield         | OpenFOAM: The Open Source CFD Toolbox           |
|  \\    /   O peration     | Version:  2412                                  |
|   \\  /    A nd           | Website:  www.openfoam.com                      |
|    \\/     M anipulation  |                                                 |
\*---------------------------------------------------------------------------*/
FoamFile
{
    version     2.0;
    format      ascii;
    arch        "LSB;label=32;scalar=64";
    class       surfaceScalarField;
    location    "0.05";
    object      phi;
}
// * * * * * * * * * * * * * * * * * * * * * * * * * * * * * * * * * * * * * //

dimensions      [0 3 -1 0 0 0 0];

oriented        oriented;

internalField   nonuniform List<scalar> 
3120
(
-2.732444e-09
2.732444e-09
-5.449482e-09
2.717039e-09
-8.131385e-09
2.681903e-09
-1.076096e-08
2.629571e-09
-1.332145e-08
2.56049e-09
-1.579668e-08
2.475239e-09
-1.81712e-08
2.374517e-09
-2.043033e-08
2.259132e-09
-2.256031e-08
2.129979e-09
-2.454835e-08
1.988033e-09
-2.638267e-08
1.834323e-09
-2.805259e-08
1.669926e-09
-2.954854e-08
1.495949e-09
-3.086206e-08
1.313518e-09
-3.198583e-08
1.123769e-09
-3.291367e-08
9.278407e-10
-3.364054e-08
7.268693e-10
-3.416252e-08
5.219848e-10
-3.447684e-08
3.143113e-10
-3.45818e-08
1.049669e-10
-3.447687e-08
-1.049343e-10
-3.416259e-08
-3.142795e-10
-3.364063e-08
-5.219546e-10
-3.291379e-08
-7.268414e-10
-3.198598e-08
-9.278158e-10
-3.086223e-08
-1.123747e-09
-2.954873e-08
-1.3135e-09
-2.805279e-08
-1.495936e-09
-2.638287e-08
-1.669918e-09
-2.454856e-08
-1.83432e-09
-2.256052e-08
-1.988035e-09
-2.043053e-08
-2.129987e-09
-1.817139e-08
-2.259144e-09
-1.579686e-08
-2.374534e-09
-1.33216e-08
-2.47526e-09
-1.076108e-08
-2.560515e-09
-8.131481e-09
-2.629599e-09
-5.449548e-09
-2.681933e-09
-2.732477e-09
-2.717071e-09
-2.732477e-09
-2.752306e-09
5.48475e-09
-5.489054e-09
5.453787e-09
-8.190336e-09
5.383184e-09
-1.08388e-08
5.278032e-09
-1.341754e-08
5.139235e-09
-1.591027e-08
4.967963e-09
-1.830138e-08
4.765632e-09
-2.057612e-08
4.533871e-09
-2.272063e-08
4.274489e-09
-2.472205e-08
3.989449e-09
-2.656855e-08
3.680828e-09
-2.824942e-08
3.350793e-09
-2.975504e-08
3.001571e-09
-3.107695e-08
2.635425e-09
-3.220782e-08
2.254634e-09
-3.314146e-08
1.861482e-09
-3.387283e-08
1.458245e-09
-3.439803e-08
1.047185e-09
-3.471427e-08
6.305501e-10
-3.481988e-08
2.105762e-10
-3.47143e-08
-2.105103e-10
-3.43981e-08
-6.304858e-10
-3.387293e-08
-1.047124e-09
-3.314158e-08
-1.458188e-09
-3.220797e-08
-1.861432e-09
-3.107712e-08
-2.254591e-09
-2.975523e-08
-2.63539e-09
-2.824962e-08
-3.001545e-09
-2.656876e-08
-3.350777e-09
-2.472226e-08
-3.680822e-09
-2.272084e-08
-3.989453e-09
-2.057633e-08
-4.274504e-09
-1.830157e-08
-4.533896e-09
-1.591044e-08
-4.765667e-09
-1.341769e-08
-4.968006e-09
-1.083892e-08
-5.139286e-09
-8.190434e-09
-5.278089e-09
-5.489122e-09
-5.383246e-09
-2.75234e-09
-5.453853e-09
-5.484817e-09
-2.787742e-09
8.272492e-09
-5.559645e-09
8.22569e-09
-8.295468e-09
8.119007e-09
-1.097757e-08
7.960133e-09
-1.358878e-08
7.750449e-09
-1.611256e-08
7.491744e-09
-1.853311e-08
7.186176e-09
-2.083546e-08
6.836228e-09
-2.300563e-08
6.444657e-09
-2.503063e-08
6.014445e-09
-2.689855e-08
5.548748e-09
-2.85986e-08
5.05085e-09
-3.012115e-08
4.52412e-09
-3.145771e-08
3.971977e-09
-3.260093e-08
3.397862e-09
-3.354466e-08
2.805211e-09
-3.428386e-08
2.197445e-09
-3.481464e-08
1.57796e-09
-3.513422e-08
9.501288e-10
-3.524094e-08
3.172983e-10
-3.513425e-08
-3.171976e-10
-3.481471e-08
-9.500305e-10
-3.428396e-08
-1.577867e-09
-3.354479e-08
-2.197358e-09
-3.260109e-08
-2.805133e-09
-3.145789e-08
-3.397796e-09
-3.012135e-08
-3.971924e-09
-2.859882e-08
-4.52408e-09
-2.689877e-08
-5.050825e-09
-2.503085e-08
-5.548739e-09
-2.300585e-08
-6.014452e-09
-2.083568e-08
-6.44468e-09
-1.853331e-08
-6.836266e-09
-1.611275e-08
-7.186229e-09
-1.358894e-08
-7.49181e-09
-1.09777e-08
-7.750527e-09
-8.295572e-09
-7.960221e-09
-5.559716e-09
-8.119102e-09
-2.787778e-09
-8.225791e-09
-8.272595e-09
-2.841288e-09
1.111378e-08
-5.666307e-09
1.105071e-08
-8.454309e-09
1.090701e-08
-1.118721e-08
1.069303e-08
-1.384744e-08
1.041068e-08
-1.641807e-08
1.006238e-08
-1.888299e-08
9.651094e-09
-2.122697e-08
9.180204e-09
-2.343578e-08
8.653464e-09
-2.549626e-08
8.074926e-09
-2.739638e-08
7.448869e-09
-2.912527e-08
6.779739e-09
-3.067323e-08
6.072083e-09
-3.203176e-08
5.330506e-09
-3.319352e-08
4.559628e-09
-3.415237e-08
3.764056e-09
-3.490329e-08
2.948364e-09
-3.544241e-08
2.117085e-09
-3.576699e-08
1.274707e-09
-3.587538e-08
4.25686e-10
-3.576703e-08
-4.255481e-10
-3.544249e-08
-1.274573e-09
-3.49034e-08
-2.116957e-09
-3.415251e-08
-2.948246e-09
-3.319369e-08
-3.76395e-09
-3.203195e-08
-4.559537e-09
-3.067344e-08
-5.330432e-09
-2.91255e-08
-6.072028e-09
-2.739662e-08
-6.779704e-09
-2.54965e-08
-7.448856e-09
-2.343602e-08
-8.074935e-09
-2.12272e-08
-8.653495e-09
-1.888321e-08
-9.180256e-09
-1.641827e-08
-9.651167e-09
-1.384761e-08
-1.006247e-08
-1.118735e-08
-1.041078e-08
-8.45442e-09
-1.069315e-08
-5.666383e-09
-1.090714e-08
-2.841327e-09
-1.105085e-08
-1.111392e-08
-2.913419e-09
1.40272e-08
-5.809979e-09
1.394727e-08
-8.668237e-09
1.376527e-08
-1.146951e-08
1.349431e-08
-1.419566e-08
1.313683e-08
-1.682928e-08
1.2696e-08
-1.93538e-08
1.217561e-08
-2.175362e-08
1.158003e-08
-2.401422e-08
1.091407e-08
-2.612222e-08
1.018292e-08
-2.806542e-08
9.392066e-09
-2.983283e-08
8.547155e-09
-3.141472e-08
7.653969e-09
-3.280255e-08
6.718338e-09
-3.398902e-08
5.746092e-09
-3.496799e-08
4.743025e-09
-3.57345e-08
3.714875e-09
-3.628472e-08
2.667309e-09
-3.661594e-08
1.605931e-09
-3.672654e-08
5.36287e-10
-3.661598e-08
-5.361088e-10
-3.62848e-08
-1.605756e-09
-3.573461e-08
-2.667144e-09
-3.496814e-08
-3.714722e-09
-3.39892e-08
-4.742888e-09
-3.280276e-08
-5.745974e-09
-3.141495e-08
-6.718242e-09
-2.983308e-08
-7.653898e-09
-2.806568e-08
-8.54711e-09
-2.612248e-08
-9.392049e-09
-2.401448e-08
-1.018293e-08
-2.175387e-08
-1.091411e-08
-1.935403e-08
-1.158009e-08
-1.68295e-08
-1.21757e-08
-1.419585e-08
-1.269612e-08
-1.146967e-08
-1.313697e-08
-8.668359e-09
-1.349446e-08
-5.810062e-09
-1.376544e-08
-2.913461e-09
-1.394745e-08
-1.402738e-08
-3.004784e-09
1.703198e-08
-5.991942e-09
1.693443e-08
-8.939138e-09
1.671246e-08
-1.182691e-08
1.638208e-08
-1.463641e-08
1.594633e-08
-1.734957e-08
1.540916e-08
-1.994927e-08
1.477532e-08
-2.241946e-08
1.405022e-08
-2.474525e-08
1.323985e-08
-2.691296e-08
1.235064e-08
-2.891021e-08
1.138932e-08
-3.072591e-08
1.036285e-08
-3.235024e-08
9.278306e-09
-3.377469e-08
8.14279e-09
-3.499198e-08
6.963381e-09
-3.599604e-08
5.747083e-09
-3.678197e-08
4.500805e-09
-3.734601e-08
3.23135e-09
-3.76855e-08
1.945421e-09
-3.779885e-08
6.496409e-10
-3.768554e-08
-6.494181e-10
-3.73461e-08
-1.945203e-09
-3.67821e-08
-3.231142e-09
-3.599621e-08
-4.500613e-09
-3.499219e-08
-5.74691e-09
-3.377493e-08
-6.963232e-09
-3.23505e-08
-8.14267e-09
-3.072618e-08
-9.278217e-09
-2.89105e-08
-1.036279e-08
-2.691325e-08
-1.13893e-08
-2.474554e-08
-1.235065e-08
-2.241974e-08
-1.32399e-08
-1.994953e-08
-1.40503e-08
-1.734981e-08
-1.477543e-08
-1.463662e-08
-1.540931e-08
-1.182708e-08
-1.59465e-08
-8.939273e-09
-1.638227e-08
-5.992034e-09
-1.671268e-08
-3.004831e-09
-1.693465e-08
-1.703221e-08
-3.116223e-09
2.014821e-08
-6.213857e-09
2.003206e-08
-9.269448e-09
1.976805e-08
-1.226256e-08
1.937519e-08
-1.517346e-08
1.885722e-08
-1.798328e-08
1.821898e-08
-2.067423e-08
1.746626e-08
-2.322969e-08
1.660567e-08
-2.563431e-08
1.564448e-08
-2.787413e-08
1.459045e-08
-2.993653e-08
1.345172e-08
-3.181031e-08
1.223663e-08
-3.348562e-08
1.095362e-08
-3.495398e-08
9.611143e-09
-3.620816e-08
8.217564e-09
-3.72422e-08
6.781126e-09
-3.805132e-08
5.309917e-09
-3.863183e-08
3.811868e-09
-3.898118e-08
2.294764e-09
-3.909781e-08
7.66275e-10
-3.898123e-08
-7.660024e-10
-3.863193e-08
-2.294497e-09
-3.805146e-08
-3.811614e-09
-3.724239e-08
-5.309682e-09
-3.620839e-08
-6.780915e-09
-3.495424e-08
-8.217383e-09
-3.348591e-08
-9.610996e-09
-3.181062e-08
-1.095351e-08
-2.993685e-08
-1.223656e-08
-2.787446e-08
-1.345169e-08
-2.563464e-08
-1.459047e-08
-2.323e-08
-1.564454e-08
-2.067453e-08
-1.660578e-08
-1.798355e-08
-1.746641e-08
-1.517369e-08
-1.821916e-08
-1.226276e-08
-1.885744e-08
-9.2696e-09
-1.937543e-08
-6.213961e-09
-1.976832e-08
-3.116276e-09
-2.003234e-08
-2.014849e-08
-3.248789e-09
2.3397e-08
-6.477802e-09
2.326107e-08
-9.662216e-09
2.295247e-08
-1.278041e-08
2.249338e-08
-1.581155e-08
2.188837e-08
-1.873584e-08
2.114327e-08
-2.153465e-08
2.026507e-08
-2.41907e-08
1.926173e-08
-2.668816e-08
1.814194e-08
-2.901269e-08
1.691497e-08
-3.115145e-08
1.559048e-08
-3.309315e-08
1.417833e-08
-3.482794e-08
1.268841e-08
-3.634741e-08
1.113061e-08
-3.764446e-08
9.514617e-09
-3.871328e-08
7.849948e-09
-3.954924e-08
6.145876e-09
-4.014882e-08
4.411446e-09
-4.050955e-08
2.655495e-09
-4.062998e-08
8.866988e-10
-4.050961e-08
-8.8637e-10
-4.014893e-08
-2.655174e-09
-3.954941e-08
-4.41114e-09
-3.871349e-08
-6.145592e-09
-3.764472e-08
-7.849693e-09
-3.63477e-08
-9.514397e-09
-3.482827e-08
-1.113043e-08
-3.30935e-08
-1.268828e-08
-3.115182e-08
-1.417824e-08
-2.901306e-08
-1.559045e-08
-2.668853e-08
-1.691499e-08
-2.419106e-08
-1.814201e-08
-2.153498e-08
-1.926185e-08
-1.873615e-08
-2.026525e-08
-1.581182e-08
-2.114349e-08
-1.278063e-08
-2.188863e-08
-9.662389e-09
-2.249367e-08
-6.47792e-09
-2.295278e-08
-3.248849e-09
-2.326141e-08
-2.339734e-08
-3.403778e-09
2.680077e-08
-6.78633e-09
2.664363e-08
-1.012118e-08
2.628732e-08
-1.338527e-08
2.575748e-08
-1.655648e-08
2.505957e-08
-1.961384e-08
2.420063e-08
-2.253779e-08
2.318902e-08
-2.531028e-08
2.203422e-08
-2.791491e-08
2.074657e-08
-3.033696e-08
1.933703e-08
-3.256341e-08
1.781693e-08
-3.458287e-08
1.619779e-08
-3.638557e-08
1.449112e-08
-3.796323e-08
1.270827e-08
-3.930897e-08
1.086036e-08
-4.041721e-08
8.958183e-09
-4.128353e-08
7.012203e-09
-4.190464e-08
5.032552e-09
-4.227822e-08
3.029076e-09
-4.240292e-08
1.011396e-09
-4.227828e-08
-1.011004e-09
-4.190477e-08
-3.028692e-09
-4.128372e-08
-5.032186e-09
-4.041745e-08
-7.011864e-09
-3.930926e-08
-8.957878e-09
-3.796356e-08
-1.086009e-08
-3.638594e-08
-1.270805e-08
-3.458327e-08
-1.449095e-08
-3.256382e-08
-1.619769e-08
-3.033739e-08
-1.781689e-08
-2.791533e-08
-1.933705e-08
-2.531069e-08
-2.074666e-08
-2.253817e-08
-2.203437e-08
-1.961419e-08
-2.318923e-08
-1.655679e-08
-2.420089e-08
-1.338553e-08
-2.505988e-08
-1.012138e-08
-2.575782e-08
-6.786466e-09
-2.62877e-08
-3.403847e-09
-2.664403e-08
-2.680119e-08
-3.582761e-09
3.038353e-08
-7.142541e-09
3.020341e-08
-1.065088e-08
2.979566e-08
-1.408299e-08
2.918959e-08
-1.74152e-08
2.839178e-08
-2.062521e-08
2.741064e-08
-2.369233e-08
2.625614e-08
-2.659767e-08
2.493956e-08
-2.93242e-08
2.34731e-08
-3.185681e-08
2.186964e-08
-3.418231e-08
2.014242e-08
-3.628932e-08
1.83048e-08
-3.816821e-08
1.637001e-08
-3.981095e-08
1.435101e-08
-4.121097e-08
1.226038e-08
-4.236303e-08
1.011024e-08
-4.326304e-08
7.912214e-09
-4.390798e-08
5.677493e-09
-4.429576e-08
3.416865e-09
-4.442519e-08
1.140817e-09
-4.429584e-08
-1.140352e-09
-4.390812e-08
-3.41641e-09
-4.326325e-08
-5.677059e-09
-4.23633e-08
-7.91181e-09
-4.12113e-08
-1.010987e-08
-3.981133e-08
-1.226007e-08
-3.816863e-08
-1.435075e-08
-3.628977e-08
-1.636981e-08
-3.418278e-08
-1.830468e-08
-3.18573e-08
-2.014237e-08
-2.932468e-08
-2.186966e-08
-2.659814e-08
-2.34732e-08
-2.369278e-08
-2.493973e-08
-2.062562e-08
-2.625639e-08
-1.741556e-08
-2.741095e-08
-1.408329e-08
-2.839215e-08
-1.065111e-08
-2.919001e-08
-7.142699e-09
-2.979611e-08
-3.582841e-09
-3.020389e-08
-3.038403e-08
-3.787637e-09
3.417117e-08
-7.550173e-09
3.396594e-08
-1.125676e-08
3.350225e-08
-1.488057e-08
3.28134e-08
-1.839608e-08
3.190729e-08
-2.177941e-08
3.079397e-08
-2.500862e-08
2.948535e-08
-2.806382e-08
2.799476e-08
-3.092735e-08
2.633663e-08
-3.358373e-08
2.452602e-08
-3.601965e-08
2.257835e-08
-3.822385e-08
2.0509e-08
-4.018697e-08
1.833312e-08
-4.190136e-08
1.60654e-08
-4.336092e-08
1.371994e-08
-4.456088e-08
1.131019e-08
-4.54976e-08
8.848936e-09
-4.616846e-08
6.348351e-09
-4.657167e-08
3.82008e-09
-4.670622e-08
1.275362e-09
-4.657175e-08
-1.274813e-09
-4.616862e-08
-3.819543e-09
-4.549784e-08
-6.347839e-09
-4.456119e-08
-8.84846e-09
-4.336131e-08
-1.130976e-08
-4.19018e-08
-1.371957e-08
-4.018746e-08
-1.60651e-08
-3.822438e-08
-1.833289e-08
-3.60202e-08
-2.050885e-08
-3.358429e-08
-2.257828e-08
-3.092791e-08
-2.452605e-08
-2.806437e-08
-2.633674e-08
-2.500913e-08
-2.799497e-08
-2.177988e-08
-2.948563e-08
-1.839649e-08
-3.079434e-08
-1.488092e-08
-3.190772e-08
-1.125703e-08
-3.281389e-08
-7.550356e-09
-3.350279e-08
-3.78773e-09
-3.396651e-08
-3.417176e-08
-4.020694e-09
3.819187e-08
-8.013719e-09
3.795897e-08
-1.194539e-08
3.743391e-08
-1.57864e-08
3.665442e-08
-1.950907e-08
3.562996e-08
-2.308769e-08
3.437259e-08
-2.649883e-08
3.289649e-08
-2.972159e-08
3.121751e-08
-3.273759e-08
2.935263e-08
-3.553106e-08
2.731949e-08
-3.808868e-08
2.513597e-08
-4.039944e-08
2.281976e-08
-4.245443e-08
2.038811e-08
-4.424659e-08
1.785756e-08
-4.577047e-08
1.524382e-08
-4.702195e-08
1.256167e-08
-4.799802e-08
9.825007e-09
-4.869658e-08
7.046911e-09
-4.911625e-08
4.23975e-09
-4.925625e-08
1.415367e-09
-4.911634e-08
-1.414723e-09
-4.869677e-08
-4.23912e-09
-4.79983e-08
-7.046309e-09
-4.702231e-08
-9.824447e-09
-4.577091e-08
-1.256116e-08
-4.42471e-08
-1.524338e-08
-4.245499e-08
-1.78572e-08
-4.040005e-08
-2.038784e-08
-3.808932e-08
-2.281958e-08
-3.553171e-08
-2.513589e-08
-3.273824e-08
-2.731952e-08
-2.972222e-08
-2.935276e-08
-2.649943e-08
-3.121775e-08
-2.308823e-08
-3.289683e-08
-1.950955e-08
-3.437302e-08
-1.578681e-08
-3.563047e-08
-1.19457e-08
-3.6655e-08
-8.013934e-09
-3.743455e-08
-4.020803e-09
-3.795964e-08
-3.819256e-08
-4.284683e-09
4.247655e-08
-8.538585e-09
4.221287e-08
-1.272461e-08
4.161994e-08
-1.681052e-08
4.074033e-08
-2.076604e-08
3.958548e-08
-2.456335e-08
3.816989e-08
-2.817737e-08
3.651052e-08
-3.158603e-08
3.462617e-08
-3.477031e-08
3.253691e-08
-3.771419e-08
3.026338e-08
-4.040452e-08
2.78263e-08
-4.283076e-08
2.5246e-08
-4.498469e-08
2.254204e-08
-4.686009e-08
1.973296e-08
-4.84524e-08
1.683613e-08
-4.975842e-08
1.386768e-08
-5.077595e-08
1.084254e-08
-5.150359e-08
7.774552e-09
-5.194049e-08
4.676651e-09
-5.208621e-08
1.561084e-09
-5.19406e-08
-1.56033e-09
-5.150381e-08
-4.675913e-09
-5.077627e-08
-7.773846e-09
-4.975883e-08
-1.084188e-08
-4.845291e-08
-1.386709e-08
-4.686067e-08
-1.683562e-08
-4.498534e-08
-1.973254e-08
-4.283146e-08
-2.254171e-08
-4.040526e-08
-2.524578e-08
-3.771495e-08
-2.78262e-08
-3.477106e-08
-3.02634e-08
-3.158677e-08
-3.253706e-08
-2.817807e-08
-3.462645e-08
-2.456399e-08
-3.651091e-08
-2.076661e-08
-3.81704e-08
-1.681099e-08
-3.958609e-08
-1.272497e-08
-4.074102e-08
-8.538836e-09
-4.162069e-08
-4.28481e-09
-4.221367e-08
-4.247737e-08
-4.582925e-09
4.705947e-08
-9.131281e-09
4.676123e-08
-1.360386e-08
4.609252e-08
-1.796492e-08
4.510139e-08
-2.218114e-08
4.38017e-08
-2.62222e-08
4.221095e-08
-3.006117e-08
4.034949e-08
-3.367476e-08
3.823977e-08
-3.704334e-08
3.590548e-08
-4.015081e-08
3.337085e-08
-4.298441e-08
3.06599e-08
-4.553435e-08
2.779594e-08
-4.779345e-08
2.480113e-08
-4.975665e-08
2.169616e-08
-5.142063e-08
1.850011e-08
-5.278337e-08
1.523042e-08
-5.384377e-08
1.190295e-08
-5.460135e-08
8.532126e-09
-5.505593e-08
5.131231e-09
-5.520749e-08
1.71265e-09
-5.505605e-08
-1.711771e-09
-5.46016e-08
-5.13037e-09
-5.384414e-08
-8.531302e-09
-5.278385e-08
-1.190218e-08
-5.142121e-08
-1.522973e-08
-4.975732e-08
-1.849951e-08
-4.77942e-08
-2.169566e-08
-4.553516e-08
-2.480075e-08
-4.298526e-08
-2.779569e-08
-4.015169e-08
-3.065978e-08
-3.704422e-08
-3.337087e-08
-3.367562e-08
-3.590565e-08
-3.006199e-08
-3.824009e-08
-2.622295e-08
-4.034995e-08
-2.218181e-08
-4.221154e-08
-1.796548e-08
-4.380241e-08
-1.36043e-08
-4.51022e-08
-9.131578e-09
-4.609341e-08
-4.583076e-09
-4.676217e-08
-4.706045e-08
-4.919447e-09
5.197892e-08
-9.799686e-09
5.164146e-08
-1.459455e-08
5.088739e-08
-1.926407e-08
4.97709e-08
-2.377128e-08
4.830892e-08
-2.8083e-08
4.652267e-08
-3.217024e-08
4.443672e-08
-3.600841e-08
4.207794e-08
-3.957738e-08
3.947445e-08
-4.286122e-08
3.665468e-08
-4.584788e-08
3.364656e-08
-4.852875e-08
3.047681e-08
-5.089807e-08
2.717045e-08
-5.295241e-08
2.37505e-08
-5.469009e-08
2.023779e-08
-5.611066e-08
1.665099e-08
-5.721444e-08
1.300673e-08
-5.800211e-08
9.3198e-09
-5.847439e-08
5.603512e-09
-5.863181e-08
1.870062e-09
-5.847454e-08
-1.869038e-09
-5.80024e-08
-5.602509e-09
-5.721486e-08
-9.318838e-09
-5.611121e-08
-1.300583e-08
-5.469076e-08
-1.665018e-08
-5.295319e-08
-2.023707e-08
-5.089894e-08
-2.37499e-08
-4.85297e-08
-2.716999e-08
-4.584888e-08
-3.04765e-08
-4.286224e-08
-3.364642e-08
-3.957841e-08
-3.66547e-08
-3.600942e-08
-3.947464e-08
-3.21712e-08
-4.207831e-08
-2.808389e-08
-4.443726e-08
-2.377206e-08
-4.652337e-08
-1.926472e-08
-4.830975e-08
-1.459507e-08
-4.977185e-08
-9.800037e-09
-5.088844e-08
-4.919625e-09
-5.164258e-08
-5.198007e-08
-5.299148e-09
5.727807e-08
-1.055337e-08
5.689569e-08
-1.571048e-08
5.60445e-08
-2.072536e-08
5.478577e-08
-2.555676e-08
5.314032e-08
-3.016814e-08
5.113406e-08
-3.452822e-08
4.87968e-08
-3.861114e-08
4.616086e-08
-4.239644e-08
4.325975e-08
-4.586871e-08
4.012695e-08
-4.90171e-08
3.679495e-08
-5.183466e-08
3.329437e-08
-5.431766e-08
2.965345e-08
-5.646482e-08
2.589766e-08
-5.827665e-08
2.204962e-08
-5.975474e-08
1.812909e-08
-6.090123e-08
1.415322e-08
-6.171829e-08
1.013686e-08
-6.220775e-08
6.092972e-09
-6.237082e-08
2.03313e-09
-6.220792e-08
-2.031941e-09
-6.171862e-08
-6.091806e-09
-6.090172e-08
-1.013574e-08
-5.975538e-08
-1.415217e-08
-5.827742e-08
-1.812813e-08
-5.646572e-08
-2.204878e-08
-5.431867e-08
-2.589696e-08
-5.183575e-08
-2.96529e-08
-4.901826e-08
-3.3294e-08
-4.58699e-08
-3.679477e-08
-4.239764e-08
-4.012697e-08
-3.861232e-08
-4.325996e-08
-3.452935e-08
-4.616128e-08
-3.016919e-08
-4.879742e-08
-2.555768e-08
-5.113487e-08
-2.072613e-08
-5.31413e-08
-1.571109e-08
-5.47869e-08
-1.055379e-08
-5.604574e-08
-5.29936e-09
-5.689701e-08
-5.727943e-08
-5.728041e-09
6.300611e-08
-1.140406e-08
6.257171e-08
-1.696847e-08
6.160891e-08
-2.236993e-08
6.018723e-08
-2.756204e-08
5.833243e-08
-3.25044e-08
5.607641e-08
-3.716317e-08
5.345558e-08
-4.151133e-08
5.050902e-08
-4.55284e-08
4.727681e-08
-4.919999e-08
4.379855e-08
-5.251707e-08
4.011203e-08
-5.547509e-08
3.62524e-08
-5.807306e-08
3.225141e-08
-6.031257e-08
2.813718e-08
-6.219696e-08
2.3934e-08
-6.373045e-08
1.966258e-08
-6.491748e-08
1.534025e-08
-6.57621e-08
1.098148e-08
-6.626754e-08
6.598404e-09
-6.643584e-08
2.201435e-09
-6.626773e-08
-2.200056e-09
-6.576248e-08
-6.597052e-09
-6.491804e-08
-1.098018e-08
-6.373118e-08
-1.533903e-08
-6.219785e-08
-1.966146e-08
-6.031361e-08
-2.393302e-08
-5.807422e-08
-2.813635e-08
-5.547636e-08
-3.225076e-08
-5.251841e-08
-3.625195e-08
-4.920138e-08
-4.01118e-08
-4.552981e-08
-4.379854e-08
-4.151272e-08
-4.727705e-08
-3.71645e-08
-5.05095e-08
-3.250562e-08
-5.34563e-08
-2.756313e-08
-5.607736e-08
-2.237085e-08
-5.833358e-08
-1.696919e-08
-6.018856e-08
-1.140455e-08
-6.161038e-08
-5.728293e-09
-6.257327e-08
-6.300772e-08
-6.213552e-09
6.921966e-08
-1.236618e-08
6.872434e-08
-1.83892e-08
6.763192e-08
-2.422359e-08
6.602163e-08
-2.981681e-08
6.392565e-08
-3.512396e-08
6.138357e-08
-4.010852e-08
5.844014e-08
-4.474242e-08
5.514291e-08
-4.900568e-08
5.154008e-08
-5.288567e-08
4.767853e-08
-5.637603e-08
4.36024e-08
-5.947554e-08
3.935192e-08
-6.21869e-08
3.496276e-08
-6.451546e-08
3.046574e-08
-6.646819e-08
2.588674e-08
-6.805266e-08
2.124705e-08
-6.927618e-08
1.656377e-08
-7.014514e-08
1.185045e-08
-7.066449e-08
7.11775e-09
-7.083732e-08
2.374269e-09
-7.06647e-08
-2.372675e-09
-7.014557e-08
-7.116185e-09
-6.927681e-08
-1.184894e-08
-6.805349e-08
-1.656235e-08
-6.646921e-08
-2.124575e-08
-6.451664e-08
-2.588558e-08
-6.218823e-08
-3.046476e-08
-5.947701e-08
-3.496199e-08
-5.637759e-08
-3.935137e-08
-5.288729e-08
-4.36021e-08
-4.900733e-08
-4.76785e-08
-4.474404e-08
-5.154033e-08
-4.011008e-08
-5.514346e-08
-3.512542e-08
-5.844097e-08
-2.981811e-08
-6.138467e-08
-2.422469e-08
-6.3927e-08
-1.839006e-08
-6.60232e-08
-1.236678e-08
-6.763366e-08
-6.213854e-09
-6.87262e-08
-6.922158e-08
-6.764938e-09
7.59846e-08
-1.34577e-08
7.54171e-08
-1.999823e-08
7.417244e-08
-2.631809e-08
7.234149e-08
-3.235729e-08
6.996485e-08
-3.806579e-08
6.709206e-08
-4.340422e-08
6.377857e-08
-4.834389e-08
6.008258e-08
-5.286606e-08
5.606225e-08
-5.696084e-08
5.177331e-08
-6.062575e-08
4.726731e-08
-6.386413e-08
4.259029e-08
-6.668352e-08
3.778215e-08
-6.909418e-08
3.28764e-08
-7.110771e-08
2.790027e-08
-7.273585e-08
2.287518e-08
-7.398947e-08
1.78174e-08
-7.487785e-08
1.273882e-08
-7.5408e-08
7.647901e-09
-7.55843e-08
2.550572e-09
-7.540824e-08
-2.548734e-09
-7.487833e-08
-7.646094e-09
-7.399019e-08
-1.273708e-08
-7.27368e-08
-1.781575e-08
-7.110888e-08
-2.287366e-08
-6.909555e-08
-2.789891e-08
-6.668506e-08
-3.287524e-08
-6.386582e-08
-3.778123e-08
-6.062757e-08
-4.258962e-08
-5.696274e-08
-4.726693e-08
-5.286799e-08
-5.177325e-08
-4.834581e-08
-5.606252e-08
-4.340607e-08
-6.008319e-08
-3.806751e-08
-6.377953e-08
-3.235884e-08
-6.709334e-08
-2.63194e-08
-6.996643e-08
-1.999926e-08
-7.234334e-08
-1.345842e-08
-7.41745e-08
-6.765302e-09
-7.541931e-08
-7.598688e-08
-7.393854e-09
8.337845e-08
-1.470115e-08
8.27244e-08
-2.18275e-08
8.129879e-08
-2.869276e-08
7.920676e-08
-3.522798e-08
7.650006e-08
-4.137722e-08
7.32413e-08
-4.709832e-08
6.949967e-08
-5.236257e-08
6.534683e-08
-5.715361e-08
6.085329e-08
-6.146576e-08
5.608546e-08
-6.530195e-08
5.11035e-08
-6.867167e-08
4.596001e-08
-7.158888e-08
4.069936e-08
-7.407008e-08
3.53576e-08
-7.613268e-08
2.996287e-08
-7.779359e-08
2.453609e-08
-7.906807e-08
1.909187e-08
-7.996883e-08
1.363958e-08
-8.050541e-08
8.18448e-09
-8.06837e-08
2.72886e-09
-8.050569e-08
-2.726745e-09
-7.996938e-08
-8.1824e-09
-7.906889e-08
-1.363757e-08
-7.779467e-08
-1.908997e-08
-7.613401e-08
-2.453433e-08
-7.407164e-08
-2.996129e-08
-7.159065e-08
-3.535623e-08
-6.867362e-08
-4.069825e-08
-6.530405e-08
-4.59592e-08
-6.146796e-08
-5.110302e-08
-5.715588e-08
-5.608534e-08
-5.236483e-08
-6.085356e-08
-4.710051e-08
-6.534751e-08
-4.137928e-08
-6.950076e-08
-3.522983e-08
-7.324279e-08
-2.869434e-08
-7.650192e-08
-2.182874e-08
-7.920894e-08
-1.470201e-08
-8.130124e-08
-7.394293e-09
-8.272702e-08
-8.338117e-08
-8.115126e-09
9.149358e-08
-1.612507e-08
9.073434e-08
-2.391724e-08
8.909096e-08
-3.139682e-08
8.668634e-08
-3.8484e-08
8.358725e-08
-4.511622e-08
7.987352e-08
-5.124879e-08
7.563223e-08
-5.685409e-08
7.095214e-08
-6.191983e-08
6.591903e-08
-6.644648e-08
6.06121e-08
-7.044455e-08
5.510156e-08
-7.393173e-08
4.944719e-08
-7.693027e-08
4.36979e-08
-7.946462e-08
3.789195e-08
-8.15594e-08
3.205766e-08
-8.323784e-08
2.621453e-08
-8.452044e-08
2.037448e-08
-8.542406e-08
1.45432e-08
-8.596117e-08
8.721592e-09
-8.613945e-08
2.90714e-09
-8.596148e-08
-2.904715e-09
-8.542468e-08
-8.719203e-09
-8.452137e-08
-1.454088e-08
-8.323906e-08
-2.037227e-08
-8.156091e-08
-2.621248e-08
-7.94664e-08
-3.20558e-08
-7.69323e-08
-3.789033e-08
-7.393398e-08
-4.369657e-08
-7.044698e-08
-4.94462e-08
-6.644905e-08
-5.510095e-08
-6.192248e-08
-6.061191e-08
-5.685676e-08
-6.591929e-08
-5.125139e-08
-7.095288e-08
-4.511867e-08
-7.563347e-08
-3.848622e-08
-7.987524e-08
-3.139872e-08
-8.358942e-08
-2.391875e-08
-8.668892e-08
-1.612612e-08
-8.909387e-08
-8.115661e-09
-9.073748e-08
-9.149683e-08
-8.947847e-09
1.004414e-07
-1.77661e-08
9.955259e-08
-2.63187e-08
9.764357e-08
-3.449233e-08
9.485996e-08
-4.219407e-08
9.128899e-08
-4.935409e-08
8.703355e-08
-5.59259e-08
8.220404e-08
-6.188476e-08
7.691101e-08
-6.722486e-08
7.125913e-08
-7.195565e-08
6.534289e-08
-7.609799e-08
5.924391e-08
-7.968045e-08
5.302966e-08
-8.273593e-08
4.675338e-08
-8.52988e-08
4.045481e-08
-8.740255e-08
3.416141e-08
-8.907799e-08
2.788997e-08
-9.035186e-08
2.164835e-08
-9.124584e-08
1.543717e-08
-9.177582e-08
9.251572e-09
-9.195151e-08
3.082829e-09
-9.177616e-08
-3.080057e-09
-9.124653e-08
-9.248838e-09
-9.03529e-08
-1.543451e-08
-8.907936e-08
-2.164581e-08
-8.740425e-08
-2.788759e-08
-8.530082e-08
-3.415923e-08
-8.273825e-08
-4.04529e-08
-7.968304e-08
-4.675178e-08
-7.61008e-08
-5.302843e-08
-7.195864e-08
-5.924311e-08
-6.722797e-08
-6.534258e-08
-6.18879e-08
-7.125935e-08
-5.592899e-08
-7.69118e-08
-4.935703e-08
-8.220543e-08
-4.219675e-08
-8.703553e-08
-3.449463e-08
-9.129154e-08
-2.632053e-08
-9.486301e-08
-1.776737e-08
-9.764703e-08
-8.9485e-09
-9.955635e-08
-1.004453e-07
-9.916924e-09
1.103583e-07
-1.967176e-08
1.093074e-07
-2.909786e-08
1.070697e-07
-3.805836e-08
1.038205e-07
-4.644462e-08
9.967525e-08
-5.417915e-08
9.476808e-08
-6.121517e-08
8.924006e-08
-6.753368e-08
8.322951e-08
-7.313893e-08
7.686437e-08
-7.805315e-08
7.025712e-08
-8.231132e-08
6.350208e-08
-8.595623e-08
5.667456e-08
-8.90343e-08
4.983145e-08
-9.159216e-08
4.301267e-08
-9.367405e-08
3.624329e-08
-9.531975e-08
2.953568e-08
-9.656325e-08
2.289184e-08
-9.743169e-08
1.630561e-08
-9.794484e-08
9.764722e-09
-9.811468e-08
3.252669e-09
-9.794522e-08
-3.249512e-09
-9.743246e-08
-9.761603e-09
-9.65644e-08
-1.630257e-08
-9.532129e-08
-2.288892e-08
-9.367596e-08
-2.953292e-08
-9.159444e-08
-3.624075e-08
-8.903693e-08
-4.301041e-08
-8.595919e-08
-4.982953e-08
-8.231457e-08
-5.667305e-08
-7.805663e-08
-6.350105e-08
-7.314257e-08
-7.025664e-08
-6.75374e-08
-7.686452e-08
-6.121886e-08
-8.323034e-08
-5.418268e-08
-8.92416e-08
-4.644786e-08
-9.477035e-08
-3.806116e-08
-9.967823e-08
-2.91001e-08
-1.038241e-07
-1.967333e-08
-1.070738e-07
-9.91773e-09
-1.093119e-07
-1.103631e-07
-1.105534e-08
1.214137e-07
-2.190461e-08
1.201567e-07
-3.234071e-08
1.175058e-07
-4.219667e-08
1.136764e-07
-5.134516e-08
1.088237e-07
-5.970134e-08
1.031243e-07
-6.7221e-08
9.675972e-08
-7.389529e-08
8.99038e-08
-7.974374e-08
8.271281e-08
-8.480666e-08
7.532004e-08
-8.913799e-08
6.783341e-08
-9.279895e-08
6.033552e-08
-9.58529e-08
5.288541e-08
-9.836153e-08
4.552131e-08
-1.003818e-07
3.826353e-08
-1.019638e-07
3.111772e-08
-1.031498e-07
2.40778e-08
-1.039729e-07
1.712877e-08
-1.044573e-07
1.024906e-08
-1.046173e-07
3.412647e-09
-1.044577e-07
-3.409069e-09
-1.039738e-07
-1.024552e-08
-1.03151e-07
-1.712531e-08
-1.019655e-07
-2.407445e-08
-1.003839e-07
-3.111453e-08
-9.836409e-08
-3.826057e-08
-9.585587e-08
-4.551863e-08
-9.280231e-08
-5.288309e-08
-8.914172e-08
-6.033364e-08
-8.481069e-08
-6.783207e-08
-7.9748e-08
-7.531933e-08
-7.389969e-08
-8.271283e-08
-6.72254e-08
-8.990463e-08
-5.97056e-08
-9.676141e-08
-5.134909e-08
-1.031269e-07
-4.220011e-08
-1.088272e-07
-3.234348e-08
-1.136807e-07
-2.190656e-08
-1.175107e-07
-1.105634e-08
-1.201622e-07
-1.214194e-07
-1.240748e-08
1.338212e-07
-2.454822e-08
1.322974e-07
-3.616078e-08
1.291183e-07
-4.703958e-08
1.245552e-07
-5.703556e-08
1.188197e-07
-6.605826e-08
1.12147e-07
-7.407104e-08
1.047725e-07
-8.108214e-08
9.69149e-08
-8.713386e-08
8.876453e-08
-9.22918e-08
8.047798e-08
-9.66351e-08
7.217671e-08
-1.002486e-07
6.394902e-08
-1.032168e-07
5.585363e-08
-1.056193e-07
4.792383e-08
-1.075278e-07
4.017199e-08
-1.090041e-07
3.259398e-08
-1.100992e-07
2.517297e-08
-1.108531e-07
1.788268e-08
-1.112942e-07
1.069014e-08
-1.114395e-07
3.557936e-09
-1.112947e-07
-3.5539e-09
-1.108541e-07
-1.068614e-08
-1.101006e-07
-1.787874e-08
-1.090059e-07
-2.516914e-08
-1.075302e-07
-3.259031e-08
-1.056222e-07
-4.016853e-08
-1.032202e-07
-4.792066e-08
-1.002524e-07
-5.585083e-08
-9.663936e-08
-6.394669e-08
-9.229646e-08
-7.217497e-08
-8.713884e-08
-8.047695e-08
-8.108734e-08
-8.876434e-08
-7.407631e-08
-9.691566e-08
-6.606341e-08
-1.047743e-07
-5.704037e-08
-1.121499e-07
-4.704383e-08
-1.188238e-07
-3.616423e-08
-1.245603e-07
-2.455066e-08
-1.291243e-07
-1.240874e-08
-1.323041e-07
-1.338281e-07
-1.403425e-08
1.478554e-07
-2.771612e-08
1.459793e-07
-4.07101e-08
1.421123e-07
-5.276105e-08
1.366062e-07
-6.369583e-08
1.297545e-07
-7.342274e-08
1.218739e-07
-8.192141e-08
1.132712e-07
-8.922779e-08
1.042213e-07
-9.54177e-08
9.495444e-08
-1.005916e-07
8.565186e-08
-1.048618e-07
7.644699e-08
-1.083435e-07
6.743065e-08
-1.111465e-07
5.865664e-08
-1.133713e-07
5.014866e-08
-1.151062e-07
4.190683e-08
-1.164256e-07
3.39134e-08
-1.173901e-07
2.61375e-08
-1.180463e-07
1.853889e-08
-1.184271e-07
1.107093e-08
-1.185521e-07
3.682864e-09
-1.184276e-07
-3.678337e-09
-1.180473e-07
-1.106643e-08
-1.173916e-07
-1.853445e-08
-1.164276e-07
-2.613315e-08
-1.151087e-07
-3.390919e-08
-1.133745e-07
-4.190281e-08
-1.111502e-07
-5.014492e-08
-1.083478e-07
-5.865327e-08
-1.048667e-07
-6.742776e-08
-1.005969e-07
-7.644473e-08
-9.542352e-08
-8.565038e-08
-8.923394e-08
-9.495392e-08
-8.192773e-08
-1.042219e-07
-7.342899e-08
-1.13273e-07
-6.370176e-08
-1.218771e-07
-5.276635e-08
-1.297592e-07
-4.071444e-08
-1.366122e-07
-2.771921e-08
-1.421195e-07
-1.403586e-08
-1.459874e-07
-1.47864e-07
-1.602102e-08
1.638764e-07
-3.156547e-08
1.615238e-07
-4.619532e-08
1.567422e-07
-5.959235e-08
1.500032e-07
-7.155924e-08
1.417214e-07
-8.201248e-08
1.323271e-07
-9.096264e-08
1.222213e-07
-9.84895e-08
1.117481e-07
-1.047175e-07
1.011824e-07
-1.097946e-07
9.072897e-08
-1.138771e-07
8.052952e-08
-1.17117e-07
7.067058e-08
-1.196545e-07
6.11941e-08
-1.216135e-07
5.210768e-08
-1.231002e-07
4.339349e-08
-1.242022e-07
3.501545e-08
-1.249896e-07
2.692485e-08
-1.255152e-07
1.906453e-08
-1.258161e-07
1.137186e-08
-1.259142e-07
3.780935e-09
-1.258166e-07
-3.775893e-09
-1.255162e-07
-1.136683e-08
-1.249912e-07
-1.905954e-08
-1.242044e-07
-2.691993e-08
-1.231029e-07
-3.501063e-08
-1.216169e-07
-4.338884e-08
-1.196586e-07
-5.210327e-08
-1.171218e-07
-6.119003e-08
-1.138826e-07
-7.066699e-08
-1.098007e-07
-8.052657e-08
-1.047242e-07
-9.072687e-08
-9.849677e-08
-1.011814e-07
-9.097022e-08
-1.117484e-07
-8.202012e-08
-1.222231e-07
-7.156659e-08
-1.323307e-07
-5.9599e-08
-1.417268e-07
-4.620084e-08
-1.500104e-07
-3.156944e-08
-1.567509e-07
-1.60231e-08
-1.615338e-07
-1.638871e-07
-1.849057e-08
1.82367e-07
-3.631842e-08
1.793516e-07
-5.290185e-08
1.733256e-07
-6.784428e-08
1.649456e-07
-8.092981e-08
1.548069e-07
-9.210177e-08
1.434991e-07
-1.014258e-07
1.315454e-07
-1.090498e-07
1.193721e-07
-1.151673e-07
1.072999e-07
-1.199918e-07
9.555349e-08
-1.23735e-07
8.427263e-08
-1.265932e-07
7.352886e-08
-1.287412e-07
6.334205e-08
-1.303284e-07
5.369486e-08
-1.314791e-07
4.454425e-08
-1.322939e-07
3.58302e-08
-1.32851e-07
2.748201e-08
-1.33209e-07
1.942254e-08
-1.334082e-07
1.157105e-08
-1.334722e-07
3.844921e-09
-1.334088e-07
-3.839346e-09
-1.332101e-07
-1.156548e-08
-1.328527e-07
-1.941698e-08
-1.322961e-07
-2.747648e-08
-1.31482e-07
-3.582472e-08
-1.30332e-07
-4.453887e-08
-1.287456e-07
-5.368967e-08
-1.265985e-07
-6.333715e-08
-1.237411e-07
-7.35244e-08
-1.199988e-07
-8.426881e-08
-1.151752e-07
-9.555055e-08
-1.090584e-07
-1.072982e-07
-1.014349e-07
-1.193718e-07
-9.211112e-08
-1.31547e-07
-8.093897e-08
-1.435028e-07
-6.785273e-08
-1.54813e-07
-5.290897e-08
-1.649541e-07
-3.63236e-08
-1.733363e-07
-1.849331e-08
-1.793641e-07
-1.823804e-07
-2.162489e-08
2.039919e-07
-4.229645e-08
2.000232e-07
-6.123061e-08
1.922598e-07
-7.793894e-08
1.81654e-07
-9.220538e-08
1.690734e-07
-1.040351e-07
1.553288e-07
-1.135882e-07
1.410985e-07
-1.211151e-07
1.26899e-07
-1.269095e-07
1.130943e-07
-1.312704e-07
9.991445e-08
-1.344779e-07
8.748012e-08
-1.367802e-07
7.583117e-08
-1.383892e-07
6.495102e-08
-1.394801e-07
5.478583e-08
-1.401945e-07
4.525863e-08
-1.406435e-07
3.62792e-08
-1.40912e-07
2.775049e-08
-1.410621e-07
1.957259e-08
-1.411359e-07
1.164489e-08
-1.41158e-07
3.867038e-09
-1.411364e-07
-3.860928e-09
-1.410631e-07
-1.163877e-08
-1.409137e-07
-1.956644e-08
-1.406458e-07
-2.774431e-08
-1.401976e-07
-3.627301e-08
-1.39484e-07
-4.525247e-08
-1.383939e-07
-5.477975e-08
-1.367859e-07
-6.494514e-08
-1.344847e-07
-7.582564e-08
-1.312783e-07
-8.747517e-08
-1.269185e-07
-9.991038e-08
-1.211252e-07
-1.130915e-07
-1.135991e-07
-1.268978e-07
-1.040466e-07
-1.410995e-07
-9.221689e-08
-1.553325e-07
-7.794977e-08
-1.690801e-07
-6.123992e-08
-1.81664e-07
-4.230334e-08
-1.922729e-07
-2.162857e-08
-2.000388e-07
-2.04009e-07
-2.570384e-08
2.296957e-07
-4.997673e-08
2.242961e-07
-7.175435e-08
2.140374e-07
-9.045473e-08
2.003543e-07
-1.059071e-07
1.845257e-07
-1.182419e-07
1.676637e-07
-1.277743e-07
1.506309e-07
-1.349112e-07
1.340359e-07
-1.400847e-07
1.182678e-07
-1.437029e-07
1.035327e-07
-1.461268e-07
8.990403e-08
-1.476614e-07
7.736575e-08
-1.48556e-07
6.584561e-08
-1.490092e-07
5.523907e-08
-1.49176e-07
4.542535e-08
-1.491742e-07
3.627748e-08
-1.490919e-07
2.766811e-08
-1.489917e-07
1.94724e-08
-1.489157e-07
1.156889e-08
-1.488879e-07
3.839269e-09
-1.489162e-07
-3.832638e-09
-1.489927e-07
-1.156223e-08
-1.490935e-07
-1.946566e-08
-1.491765e-07
-2.766127e-08
-1.49179e-07
-3.627054e-08
-1.490132e-07
-4.541832e-08
-1.485609e-07
-5.5232e-08
-1.476675e-07
-6.583859e-08
-1.461342e-07
-7.735894e-08
-1.437117e-07
-8.989766e-08
-1.40095e-07
-1.035271e-07
-1.34923e-07
-1.182634e-07
-1.277874e-07
-1.340334e-07
-1.182561e-07
-1.506309e-07
-1.059216e-07
-1.67667e-07
-9.046879e-08
-1.84533e-07
-7.176673e-08
-2.00366e-07
-4.998609e-08
-2.140535e-07
-2.570893e-08
-2.24316e-07
-2.297179e-07
-3.117696e-08
2.608727e-07
-6.00871e-08
2.532062e-07
-8.53048e-08
2.392551e-07
-1.061895e-07
2.212391e-07
-1.22715e-07
2.010512e-07
-1.352471e-07
1.801957e-07
-1.44352e-07
1.597357e-07
-1.5067e-07
1.403539e-07
-1.54816e-07
1.224138e-07
-1.573312e-07
1.060479e-07
-1.586667e-07
9.123951e-08
-1.591841e-07
7.788315e-08
-1.591655e-07
6.582694e-08
-1.588259e-07
5.489951e-08
-1.583266e-07
4.492608e-08
-1.577863e-07
3.573712e-08
-1.572902e-07
2.717207e-08
-1.568979e-07
1.908005e-08
-1.56648e-07
1.131903e-08
-1.565625e-07
3.75378e-09
-1.566485e-07
-3.746666e-09
-1.568989e-07
-1.131185e-08
-1.572918e-07
-1.907274e-08
-1.577885e-07
-2.716459e-08
-1.583296e-07
-3.572942e-08
-1.588298e-07
-4.491814e-08
-1.591704e-07
-5.489136e-08
-1.591904e-07
-6.581863e-08
-1.586745e-07
-7.787481e-08
-1.573408e-07
-9.123139e-08
-1.548275e-07
-1.060404e-07
-1.506836e-07
-1.224074e-07
-1.443676e-07
-1.403494e-07
-1.352645e-07
-1.59734e-07
-1.227335e-07
-1.801979e-07
-1.06208e-07
-2.010585e-07
-8.532156e-08
-2.212525e-07
-6.010015e-08
-2.392749e-07
-3.118424e-08
-2.532319e-07
-2.609022e-07
-3.880383e-08
2.996765e-07
-7.37686e-08
2.88171e-07
-1.031075e-07
2.68594e-07
-1.262466e-07
2.443781e-07
-1.435065e-07
2.183111e-07
-1.556705e-07
1.923597e-07
-1.637139e-07
1.677792e-07
-1.686021e-07
1.452422e-07
-1.71181e-07
1.249927e-07
-1.721426e-07
1.070095e-07
-1.720276e-07
9.112453e-08
-1.712452e-07
7.710077e-08
-1.700976e-07
6.46793e-08
-1.688036e-07
5.360555e-08
-1.675196e-07
4.364212e-08
-1.663553e-07
3.457281e-08
-1.653862e-07
2.620289e-08
-1.646627e-07
1.835657e-08
-1.64217e-07
1.087329e-08
-1.640666e-07
3.60346e-09
-1.642174e-07
-3.595927e-09
-1.646636e-07
-1.086567e-08
-1.653875e-07
-1.834876e-08
-1.663573e-07
-2.61948e-08
-1.675224e-07
-3.456437e-08
-1.688073e-07
-4.363326e-08
-1.701024e-07
-5.359625e-08
-1.712514e-07
-6.466956e-08
-1.720356e-07
-7.709068e-08
-1.721527e-07
-9.111428e-08
-1.711936e-07
-1.069994e-07
-1.686176e-07
-1.249834e-07
-1.637324e-07
-1.452346e-07
-1.556918e-07
-1.677745e-07
-1.435301e-07
-1.923597e-07
-1.262711e-07
-2.183175e-07
-1.031307e-07
-2.443929e-07
-7.378728e-08
-2.686183e-07
-3.881466e-08
-2.882045e-07
-2.997168e-07
-4.993897e-08
3.496155e-07
-9.285778e-08
3.310898e-07
-1.269888e-07
3.02725e-07
-1.521455e-07
2.695348e-07
-1.69376e-07
2.355416e-07
-1.802068e-07
2.031905e-07
-1.862337e-07
1.73806e-07
-1.888501e-07
1.478586e-07
-1.891702e-07
1.253128e-07
-1.880362e-07
1.058755e-07
-1.860603e-07
8.914861e-08
-1.836748e-07
7.471529e-08
-1.811784e-07
6.218295e-08
-1.787738e-07
5.120088e-08
-1.765953e-07
4.146364e-08
-1.747311e-07
3.270862e-08
-1.732378e-07
2.470962e-08
-1.721509e-07
1.726968e-08
-1.714915e-07
1.021388e-08
-1.712707e-07
3.382613e-09
-1.714918e-07
-3.374754e-09
-1.721516e-07
-1.020589e-08
-1.732389e-07
-1.726144e-08
-1.747327e-07
-2.4701e-08
-1.765976e-07
-3.269949e-08
-1.78777e-07
-4.14539e-08
-1.811828e-07
-5.119041e-08
-1.836807e-07
-6.217169e-08
-1.860681e-07
-7.470324e-08
-1.880465e-07
-8.913587e-08
-1.891836e-07
-1.058623e-07
-1.888672e-07
-1.252998e-07
-1.862551e-07
-1.478468e-07
-1.802327e-07
-1.737969e-07
-1.694061e-07
-2.031863e-07
-1.521782e-07
-2.355453e-07
-1.270213e-07
-2.695498e-07
-9.288538e-08
-3.027542e-07
-4.995592e-08
-3.31134e-07
-3.496727e-07
-6.712672e-08
4.167422e-07
-1.203826e-07
3.843457e-07
-1.596835e-07
3.420259e-07
-1.859328e-07
2.957841e-07
-2.016213e-07
2.512302e-07
-2.095513e-07
2.111204e-07
-2.121785e-07
1.764332e-07
-2.114097e-07
1.470898e-07
-2.086259e-07
1.22529e-07
-2.047807e-07
1.020303e-07
-2.005086e-07
8.487657e-08
-1.962202e-07
7.042687e-08
-1.921725e-07
5.813522e-08
-1.885215e-07
4.754995e-08
-1.853594e-07
3.830149e-08
-1.827379e-07
3.008712e-08
-1.806846e-07
2.265629e-08
-1.792128e-07
1.579793e-08
-1.783284e-07
9.329513e-09
-1.780336e-07
3.087727e-09
-1.783286e-07
-3.079669e-09
-1.792132e-07
-9.321298e-09
-1.806853e-07
-1.578939e-08
-1.82739e-07
-2.264726e-08
-1.853611e-07
-3.007743e-08
-1.88524e-07
-3.829096e-08
-1.921761e-07
-4.753838e-08
-1.962253e-07
-5.812245e-08
-2.005158e-07
-7.041275e-08
-2.047906e-07
-8.486106e-08
-2.086395e-07
-1.020134e-07
-2.11428e-07
-1.225113e-07
-2.122026e-07
-1.470721e-07
-2.095821e-07
-1.764173e-07
-2.016592e-07
-2.111092e-07
-1.859767e-07
-2.512279e-07
-1.597299e-07
-2.957966e-07
-1.204247e-07
-3.420594e-07
-6.715482e-08
-3.844038e-07
-4.168276e-07
-9.535968e-08
5.121019e-07
-1.614367e-07
4.504227e-07
-2.052653e-07
3.858546e-07
-2.302123e-07
3.20731e-07
-2.416296e-07
2.626475e-07
-2.442345e-07
2.137254e-07
-2.415563e-07
1.73755e-07
-2.360122e-07
1.415457e-07
-2.291618e-07
1.156785e-07
-2.219646e-07
9.483305e-08
-2.149846e-07
7.789664e-08
-2.085345e-07
6.39767e-08
-2.027763e-07
5.237709e-08
-1.977849e-07
4.255855e-08
-1.935858e-07
3.410232e-08
-1.901785e-07
2.667981e-08
-1.87551e-07
2.002886e-08
-1.856883e-07
1.393516e-08
-1.845766e-07
8.217898e-09
-1.842072e-07
2.718248e-09
-1.845767e-07
-2.710149e-09
-1.856884e-07
-8.209612e-09
-1.875513e-07
-1.392649e-08
-1.901789e-07
-2.00196e-08
-1.935866e-07
-2.666974e-08
-1.977864e-07
-3.409118e-08
-2.027787e-07
-4.254606e-08
-2.085382e-07
-5.236293e-08
-2.149904e-07
-6.396057e-08
-2.219732e-07
-7.787823e-08
-2.291745e-07
-9.481217e-08
-2.360306e-07
-1.156552e-07
-2.415823e-07
-1.415205e-07
-2.442701e-07
-1.737296e-07
-2.416764e-07
-2.137028e-07
-2.302708e-07
-2.626335e-07
-2.053324e-07
-3.20735e-07
-1.615029e-07
-3.85889e-07
-9.540946e-08
-4.504973e-07
-5.12237e-07
-1.4522e-07
6.573219e-07
-2.247262e-07
5.29929e-07
-2.695021e-07
4.306304e-07
-2.880171e-07
3.392461e-07
-2.90547e-07
2.651773e-07
-2.842986e-07
2.07477e-07
-2.738683e-07
1.633247e-07
-2.619628e-07
1.296402e-07
-2.500752e-07
1.037909e-07
-2.389583e-07
8.371614e-08
-2.289499e-07
6.788827e-08
-2.201686e-07
5.519533e-08
-2.126206e-07
4.482914e-08
-2.062604e-07
3.619834e-08
-2.010228e-07
2.88647e-08
-1.968406e-07
2.249766e-08
-1.936537e-07
1.684193e-08
-1.914131e-07
1.169452e-08
-1.900831e-07
6.887876e-09
-1.896421e-07
2.277261e-09
-1.900829e-07
-2.269308e-09
-1.914128e-07
-6.879714e-09
-1.936534e-07
-1.168593e-08
-1.968403e-07
-1.683267e-08
-2.010226e-07
-2.248746e-08
-2.062605e-07
-2.885324e-08
-2.126213e-07
-3.618523e-08
-2.201704e-07
-4.481393e-08
-2.289535e-07
-5.517747e-08
-2.389645e-07
-6.786715e-08
-2.500856e-07
-8.36911e-08
-2.619794e-07
-1.037613e-07
-2.73894e-07
-1.29606e-07
-2.843372e-07
-1.632864e-07
-2.906026e-07
-2.074373e-07
-2.880935e-07
-2.651426e-07
-2.69599e-07
-3.392294e-07
-2.248324e-07
-4.306556e-07
-1.453116e-07
-5.300181e-07
-6.575486e-07
-2.352475e-07
8.925694e-07
-3.237611e-07
6.184425e-07
-3.596936e-07
4.665629e-07
-3.620797e-07
3.416322e-07
-3.485177e-07
2.516153e-07
-3.28722e-07
1.876814e-07
-3.077638e-07
1.423665e-07
-2.879855e-07
1.098619e-07
-2.702835e-07
8.608886e-08
-2.54882e-07
6.831469e-08
-2.417095e-07
5.471571e-08
-2.305806e-07
4.406643e-08
-2.212831e-07
3.553165e-08
-2.136162e-07
2.853148e-08
-2.074057e-07
2.265423e-08
-2.025081e-07
1.760005e-08
-1.988102e-07
1.314403e-08
-1.962272e-07
9.111468e-09
-1.947002e-07
5.360929e-09
-1.941949e-07
1.771946e-09
-1.946999e-07
-1.764347e-09
-1.962265e-07
-5.35311e-09
-1.988092e-07
-9.103196e-09
-2.025069e-07
-1.313504e-08
-2.074043e-07
-1.759004e-08
-2.136147e-07
-2.264282e-08
-2.212817e-07
-2.851821e-08
-2.305797e-07
-3.551591e-08
-2.417097e-07
-4.404745e-08
-2.548844e-07
-5.469251e-08
-2.702895e-07
-6.828603e-08
-2.879975e-07
-8.605326e-08
-3.077857e-07
-1.098178e-07
-3.287595e-07
-1.423127e-07
-3.485788e-07
-1.87618e-07
-3.621747e-07
-2.515467e-07
-3.598326e-07
-3.415716e-07
-3.239364e-07
-4.665519e-07
-2.354509e-07
-6.185035e-07
-8.929995e-07
-4.428457e-07
1.335415e-06
-4.868641e-07
6.624609e-07
-4.852787e-07
4.649774e-07
-4.533743e-07
3.097278e-07
-4.133577e-07
2.115988e-07
-3.747083e-07
1.490319e-07
-3.407653e-07
1.084235e-07
-3.120915e-07
8.118812e-08
-2.882696e-07
6.226688e-08
-2.686131e-07
4.865819e-08
-2.52441e-07
3.854365e-08
-2.391672e-07
3.07926e-08
-2.283165e-07
2.468103e-08
-2.195154e-07
1.973036e-08
-2.124748e-07
1.561366e-08
-2.069747e-07
1.209991e-08
-2.028506e-07
9.019924e-09
-1.999839e-07
6.244756e-09
-1.982945e-07
3.671548e-09
-1.977362e-07
1.213667e-09
-1.982939e-07
-1.206643e-09
-1.999827e-07
-3.664306e-09
-2.028489e-07
-6.237064e-09
-2.069724e-07
-9.011516e-09
-2.12472e-07
-1.209047e-08
-2.19512e-07
-1.560278e-08
-2.283127e-07
-1.971751e-08
-2.391631e-07
-2.466553e-08
-2.524371e-07
-3.077348e-08
-2.6861e-07
-3.851958e-08
-2.882687e-07
-4.862733e-08
-3.120953e-07
-6.222666e-08
-3.407779e-07
-8.113513e-08
-3.747372e-07
-1.083534e-07
-4.134151e-07
-1.489401e-07
-4.534796e-07
-2.114821e-07
-4.854707e-07
-3.095804e-07
-4.871252e-07
-4.648974e-07
-4.431537e-07
-6.62475e-07
-1.336153e-06
-6.603787e-07
1.995794e-06
-6.714378e-07
6.7352e-07
-6.294036e-07
4.229433e-07
-5.498063e-07
2.301305e-07
-4.756233e-07
1.374158e-07
-4.149851e-07
8.839365e-08
-3.672341e-07
6.06726e-08
-3.298866e-07
4.384057e-08
-3.005309e-07
3.291117e-08
-2.772574e-07
2.538473e-08
-2.586554e-07
1.994162e-08
-2.437057e-07
1.58429e-08
-2.316736e-07
1.264895e-08
-2.220264e-07
1.008317e-08
-2.143755e-07
7.96273e-09
-2.084369e-07
6.161314e-09
-2.040049e-07
4.587912e-09
-2.009341e-07
3.174007e-09
-1.99128e-07
1.865448e-09
-1.985313e-07
6.169334e-10
-1.991259e-07
-6.120249e-10
-2.009299e-07
-1.860383e-09
-2.039983e-07
-3.168616e-09
-2.084278e-07
-4.582e-09
-2.143636e-07
-6.154646e-09
-2.220114e-07
-7.955001e-09
-2.316549e-07
-1.007398e-08
-2.436827e-07
-1.263774e-08
-2.586273e-07
-1.582889e-08
-2.772232e-07
-1.992369e-08
-3.004893e-07
-2.536124e-08
-3.298362e-07
-3.287978e-08
-3.671732e-07
-4.379807e-08
-4.149115e-07
-6.061514e-08
-4.755336e-07
-8.831806e-08
-5.496897e-07
-1.37326e-07
-6.292567e-07
-2.300135e-07
-6.71199e-07
-4.229551e-07
-6.599824e-07
-6.736915e-07
-1.996136e-06
1.995794e-06
2.669314e-06
3.092257e-06
3.322388e-06
3.459803e-06
3.548197e-06
3.60887e-06
3.65271e-06
3.685621e-06
3.711006e-06
3.730948e-06
3.746791e-06
3.75944e-06
3.769523e-06
3.777485e-06
3.783647e-06
3.788235e-06
3.791409e-06
3.793274e-06
3.793891e-06
3.793279e-06
3.791419e-06
3.78825e-06
3.783668e-06
3.777513e-06
3.769558e-06
3.759484e-06
3.746847e-06
3.731018e-06
3.711094e-06
3.685733e-06
3.652853e-06
3.609055e-06
3.54844e-06
3.460122e-06
3.322796e-06
3.092782e-06
2.669827e-06
1.996136e-06
)
;

boundaryField
{
    movingWall
    {
        type            calculated;
        value           uniform 0;
    }
    fixedWalls
    {
        type            calculated;
        value           uniform 0;
    }
    frontAndBack
    {
        type            empty;
    }
}


// ************************************************************************* //
