/*--------------------------------*- C++ -*----------------------------------*\
| =========                 |                                                 |
| \\      /  F ield         | OpenFOAM: The Open Source CFD Toolbox           |
|  \\    /   O peration     | Version:  2412                                  |
|   \\  /    A nd           | Website:  www.openfoam.com                      |
|    \\/     M anipulation  |                                                 |
\*---------------------------------------------------------------------------*/
FoamFile
{
    version     2.0;
    format      ascii;
    arch        "LSB;label=32;scalar=64";
    class       volVectorField;
    location    "0.05";
    object      U;
}
// * * * * * * * * * * * * * * * * * * * * * * * * * * * * * * * * * * * * * //

dimensions      [0 1 -1 0 0 0 0];

internalField   nonuniform List<vector> 
1600
(
(-5.465198e-07 5.464507e-07 0)
(-1.636484e-06 5.433696e-07 0)
(-2.716342e-06 5.363433e-07 0)
(-3.778702e-06 5.258781e-07 0)
(-4.816777e-06 5.120634e-07 0)
(-5.823983e-06 4.950149e-07 0)
(-6.79399e-06 4.748726e-07 0)
(-7.720773e-06 4.517977e-07 0)
(-8.598643e-06 4.259696e-07 0)
(-9.42229e-06 3.975827e-07 0)
(-1.01868e-05 3.668432e-07 0)
(-1.088769e-05 3.339662e-07 0)
(-1.152089e-05 2.991732e-07 0)
(-1.208281e-05 2.626894e-07 0)
(-1.257029e-05 2.24742e-07 0)
(-1.298063e-05 1.855586e-07 0)
(-1.331159e-05 1.453665e-07 0)
(-1.356137e-05 1.043918e-07 0)
(-1.372864e-05 6.285916e-08 0)
(-1.381249e-05 2.099234e-08 0)
(-1.38125e-05 -2.098584e-08 0)
(-1.372865e-05 -6.285282e-08 0)
(-1.35614e-05 -1.043857e-07 0)
(-1.331163e-05 -1.45361e-07 0)
(-1.298068e-05 -1.855537e-07 0)
(-1.257035e-05 -2.247377e-07 0)
(-1.208288e-05 -2.62686e-07 0)
(-1.152097e-05 -2.991707e-07 0)
(-1.088777e-05 -3.339646e-07 0)
(-1.018688e-05 -3.668426e-07 0)
(-9.422373e-06 -3.975831e-07 0)
(-8.598725e-06 -4.259711e-07 0)
(-7.72085e-06 -4.518002e-07 0)
(-6.794062e-06 -4.74876e-07 0)
(-5.824047e-06 -4.950192e-07 0)
(-4.816832e-06 -5.120684e-07 0)
(-3.778747e-06 -5.258837e-07 0)
(-2.716375e-06 -5.363494e-07 0)
(-1.636504e-06 -5.433761e-07 0)
(-5.465265e-07 -5.464573e-07 0)
(-5.504929e-07 1.643332e-06 0)
(-1.648373e-06 1.634058e-06 0)
(-2.736051e-06 1.612913e-06 0)
(-3.806066e-06 1.581419e-06 0)
(-4.851571e-06 1.539848e-06 0)
(-5.865926e-06 1.488549e-06 0)
(-6.842751e-06 1.427944e-06 0)
(-7.775975e-06 1.358521e-06 0)
(-8.659874e-06 1.28082e-06 0)
(-9.489104e-06 1.19543e-06 0)
(-1.025873e-05 1.102971e-06 0)
(-1.096424e-05 1.004091e-06 0)
(-1.160157e-05 8.994582e-07 0)
(-1.21671e-05 7.897494e-07 0)
(-1.265768e-05 6.756479e-07 0)
(-1.30706e-05 5.578382e-07 0)
(-1.340362e-05 4.370026e-07 0)
(-1.365494e-05 3.138196e-07 0)
(-1.382324e-05 1.889637e-07 0)
(-1.390761e-05 6.310577e-08 0)
(-1.390762e-05 -6.308608e-08 0)
(-1.382326e-05 -1.889445e-07 0)
(-1.365497e-05 -3.138013e-07 0)
(-1.340366e-05 -4.369857e-07 0)
(-1.307065e-05 -5.578231e-07 0)
(-1.265774e-05 -6.75635e-07 0)
(-1.216717e-05 -7.897389e-07 0)
(-1.160165e-05 -8.994504e-07 0)
(-1.096432e-05 -1.004086e-06 0)
(-1.025881e-05 -1.102969e-06 0)
(-9.489189e-06 -1.195431e-06 0)
(-8.659958e-06 -1.280825e-06 0)
(-7.776055e-06 -1.358528e-06 0)
(-6.842824e-06 -1.427954e-06 0)
(-5.865991e-06 -1.488561e-06 0)
(-4.851627e-06 -1.539863e-06 0)
(-3.806111e-06 -1.581437e-06 0)
(-2.736084e-06 -1.612931e-06 0)
(-1.648393e-06 -1.634078e-06 0)
(-5.504997e-07 -1.643352e-06 0)
(-5.575808e-07 2.751276e-06 0)
(-1.669581e-06 2.735723e-06 0)
(-2.771199e-06 2.700269e-06 0)
(-3.854851e-06 2.64747e-06 0)
(-4.91358e-06 2.57778e-06 0)
(-5.94064e-06 2.491793e-06 0)
(-6.929563e-06 2.390223e-06 0)
(-7.874197e-06 2.273891e-06 0)
(-8.768752e-06 2.143712e-06 0)
(-9.60783e-06 2.000672e-06 0)
(-1.038645e-05 1.84582e-06 0)
(-1.110008e-05 1.680244e-06 0)
(-1.174464e-05 1.505065e-06 0)
(-1.231648e-05 1.321418e-06 0)
(-1.281246e-05 1.130447e-06 0)
(-1.322987e-05 9.332966e-07 0)
(-1.356647e-05 7.311057e-07 0)
(-1.382048e-05 5.250062e-07 0)
(-1.399055e-05 3.161222e-07 0)
(-1.407582e-05 1.055704e-07 0)
(-1.407582e-05 -1.055371e-07 0)
(-1.399057e-05 -3.160897e-07 0)
(-1.382051e-05 -5.249753e-07 0)
(-1.356652e-05 -7.310771e-07 0)
(-1.322993e-05 -9.332711e-07 0)
(-1.281253e-05 -1.130425e-06 0)
(-1.231656e-05 -1.3214e-06 0)
(-1.174472e-05 -1.505052e-06 0)
(-1.110017e-05 -1.680236e-06 0)
(-1.038654e-05 -1.845817e-06 0)
(-9.607919e-06 -2.000674e-06 0)
(-8.768839e-06 -2.143719e-06 0)
(-7.874281e-06 -2.273904e-06 0)
(-6.92964e-06 -2.39024e-06 0)
(-5.940709e-06 -2.491815e-06 0)
(-4.913638e-06 -2.577806e-06 0)
(-3.854899e-06 -2.647499e-06 0)
(-2.771234e-06 -2.700301e-06 0)
(-1.669602e-06 -2.735756e-06 0)
(-5.575879e-07 -2.75131e-06 0)
(-5.682911e-07 3.87701e-06 0)
(-1.701626e-06 3.855036e-06 0)
(-2.824305e-06 3.804964e-06 0)
(-3.928555e-06 3.730403e-06 0)
(-5.007248e-06 3.632004e-06 0)
(-6.053484e-06 3.510616e-06 0)
(-7.060655e-06 3.367259e-06 0)
(-8.022488e-06 3.203106e-06 0)
(-8.933095e-06 3.019459e-06 0)
(-9.786998e-06 2.817725e-06 0)
(-1.057916e-05 2.59939e-06 0)
(-1.1305e-05 2.366e-06 0)
(-1.19604e-05 2.119139e-06 0)
(-1.254172e-05 1.86041e-06 0)
(-1.30458e-05 1.591426e-06 0)
(-1.346994e-05 1.313795e-06 0)
(-1.381191e-05 1.029117e-06 0)
(-1.406993e-05 7.389774e-07 0)
(-1.424268e-05 4.449484e-07 0)
(-1.432927e-05 1.485906e-07 0)
(-1.432928e-05 -1.485429e-07 0)
(-1.42427e-05 -4.449018e-07 0)
(-1.406996e-05 -7.389331e-07 0)
(-1.381196e-05 -1.029076e-06 0)
(-1.347e-05 -1.313758e-06 0)
(-1.304587e-05 -1.591394e-06 0)
(-1.25418e-05 -1.860384e-06 0)
(-1.196049e-05 -2.11912e-06 0)
(-1.130509e-05 -2.365988e-06 0)
(-1.057925e-05 -2.599386e-06 0)
(-9.787094e-06 -2.817728e-06 0)
(-8.933189e-06 -3.01947e-06 0)
(-8.022578e-06 -3.203124e-06 0)
(-7.060737e-06 -3.367284e-06 0)
(-6.053558e-06 -3.510647e-06 0)
(-5.007311e-06 -3.632041e-06 0)
(-3.928606e-06 -3.730444e-06 0)
(-2.824342e-06 -3.80501e-06 0)
(-1.701649e-06 -3.855083e-06 0)
(-5.682988e-07 -3.877059e-06 0)
(-5.827188e-07 5.027877e-06 0)
(-1.744791e-06 4.999277e-06 0)
(-2.895833e-06 4.934144e-06 0)
(-4.027812e-06 4.837168e-06 0)
(-5.133366e-06 4.709214e-06 0)
(-6.205386e-06 4.551405e-06 0)
(-7.237074e-06 4.365088e-06 0)
(-8.221997e-06 4.151812e-06 0)
(-9.154133e-06 3.913293e-06 0)
(-1.00279e-05 3.651377e-06 0)
(-1.083818e-05 3.368016e-06 0)
(-1.158034e-05 3.065228e-06 0)
(-1.225023e-05 2.74508e-06 0)
(-1.28442e-05 2.409658e-06 0)
(-1.335908e-05 2.061052e-06 0)
(-1.379218e-05 1.701342e-06 0)
(-1.414129e-05 1.332591e-06 0)
(-1.440465e-05 9.568387e-07 0)
(-1.458094e-05 5.761037e-07 0)
(-1.466931e-05 1.923867e-07 0)
(-1.466932e-05 -1.923234e-07 0)
(-1.458096e-05 -5.760419e-07 0)
(-1.440468e-05 -9.567799e-07 0)
(-1.414134e-05 -1.332537e-06 0)
(-1.379225e-05 -1.701293e-06 0)
(-1.335915e-05 -2.06101e-06 0)
(-1.284428e-05 -2.409624e-06 0)
(-1.225032e-05 -2.745055e-06 0)
(-1.158044e-05 -3.065212e-06 0)
(-1.083828e-05 -3.368009e-06 0)
(-1.0028e-05 -3.651381e-06 0)
(-9.154235e-06 -3.913307e-06 0)
(-8.222095e-06 -4.151836e-06 0)
(-7.237164e-06 -4.365121e-06 0)
(-6.205467e-06 -4.551446e-06 0)
(-5.133435e-06 -4.709263e-06 0)
(-4.027867e-06 -4.837223e-06 0)
(-2.895874e-06 -4.934204e-06 0)
(-1.744816e-06 -4.999341e-06 0)
(-5.827272e-07 -5.027942e-06 0)
(-6.009937e-07 6.21144e-06 0)
(-1.799463e-06 6.175943e-06 0)
(-2.986416e-06 6.095159e-06 0)
(-4.153485e-06 5.974903e-06 0)
(-5.293011e-06 5.816275e-06 0)
(-6.397611e-06 5.620696e-06 0)
(-7.460247e-06 5.389873e-06 0)
(-8.474283e-06 5.125761e-06 0)
(-9.43353e-06 4.830521e-06 0)
(-1.033228e-05 4.506476e-06 0)
(-1.116531e-05 4.156067e-06 0)
(-1.192793e-05 3.781818e-06 0)
(-1.261597e-05 3.386297e-06 0)
(-1.322575e-05 2.972091e-06 0)
(-1.375412e-05 2.541783e-06 0)
(-1.41984e-05 2.097932e-06 0)
(-1.455641e-05 1.643068e-06 0)
(-1.482642e-05 1.179684e-06 0)
(-1.500713e-05 7.102416e-07 0)
(-1.50977e-05 2.371761e-07 0)
(-1.509771e-05 -2.370958e-07 0)
(-1.500715e-05 -7.101633e-07 0)
(-1.482646e-05 -1.179609e-06 0)
(-1.455647e-05 -1.642999e-06 0)
(-1.419848e-05 -2.09787e-06 0)
(-1.37542e-05 -2.54173e-06 0)
(-1.322585e-05 -2.972048e-06 0)
(-1.261607e-05 -3.386264e-06 0)
(-1.192804e-05 -3.781797e-06 0)
(-1.116542e-05 -4.156059e-06 0)
(-1.033239e-05 -4.506481e-06 0)
(-9.433644e-06 -4.830539e-06 0)
(-8.474392e-06 -5.125791e-06 0)
(-7.460347e-06 -5.389915e-06 0)
(-6.3977e-06 -5.620749e-06 0)
(-5.293088e-06 -5.816338e-06 0)
(-4.153547e-06 -5.974974e-06 0)
(-2.986461e-06 -6.095236e-06 0)
(-1.79949e-06 -6.176024e-06 0)
(-6.01003e-07 -6.211522e-06 0)
(-6.23284e-07 7.435558e-06 0)
(-1.866141e-06 7.392819e-06 0)
(-3.096874e-06 7.295637e-06 0)
(-4.306695e-06 7.151004e-06 0)
(-5.487574e-06 6.960282e-06 0)
(-6.631789e-06 6.725226e-06 0)
(-7.732008e-06 6.447942e-06 0)
(-8.781348e-06 6.130835e-06 0)
(-9.773418e-06 5.776554e-06 0)
(-1.070235e-05 5.387938e-06 0)
(-1.156284e-05 4.96796e-06 0)
(-1.235011e-05 4.51968e-06 0)
(-1.305995e-05 4.0462e-06 0)
(-1.368871e-05 3.55063e-06 0)
(-1.423323e-05 3.03606e-06 0)
(-1.469089e-05 2.505538e-06 0)
(-1.505954e-05 1.962065e-06 0)
(-1.533747e-05 1.408588e-06 0)
(-1.552345e-05 8.480039e-07 0)
(-1.561665e-05 2.831723e-07 0)
(-1.561666e-05 -2.830731e-07 0)
(-1.552348e-05 -8.479071e-07 0)
(-1.533752e-05 -1.408496e-06 0)
(-1.50596e-05 -1.96198e-06 0)
(-1.469098e-05 -2.505461e-06 0)
(-1.423333e-05 -3.035994e-06 0)
(-1.368882e-05 -3.550576e-06 0)
(-1.306007e-05 -4.04616e-06 0)
(-1.235023e-05 -4.519654e-06 0)
(-1.156297e-05 -4.96795e-06 0)
(-1.070248e-05 -5.387944e-06 0)
(-9.773546e-06 -5.776576e-06 0)
(-8.78147e-06 -6.130872e-06 0)
(-7.732121e-06 -6.447994e-06 0)
(-6.63189e-06 -6.725291e-06 0)
(-5.48766e-06 -6.960359e-06 0)
(-4.306765e-06 -7.151091e-06 0)
(-3.096925e-06 -7.295731e-06 0)
(-1.866172e-06 -7.392919e-06 0)
(-6.232945e-07 -7.435661e-06 0)
(-6.498003e-07 8.708472e-06 0)
(-1.945453e-06 8.65806e-06 0)
(-3.228233e-06 8.543552e-06 0)
(-4.48884e-06 8.373184e-06 0)
(-5.718789e-06 8.148614e-06 0)
(-6.90995e-06 7.871978e-06 0)
(-8.054638e-06 7.54583e-06 0)
(-9.145671e-06 7.17308e-06 0)
(-1.017643e-05 6.756922e-06 0)
(-1.114087e-05 6.300762e-06 0)
(-1.203357e-05 5.808157e-06 0)
(-1.284969e-05 5.282744e-06 0)
(-1.358502e-05 4.728196e-06 0)
(-1.423589e-05 4.148172e-06 0)
(-1.479921e-05 3.54629e-06 0)
(-1.52724e-05 2.926098e-06 0)
(-1.565336e-05 2.29107e-06 0)
(-1.594048e-05 1.644601e-06 0)
(-1.613254e-05 9.900149e-07 0)
(-1.622878e-05 3.305826e-07 0)
(-1.622879e-05 -3.304622e-07 0)
(-1.613258e-05 -9.898974e-07 0)
(-1.594053e-05 -1.644489e-06 0)
(-1.565344e-05 -2.290966e-06 0)
(-1.527249e-05 -2.926005e-06 0)
(-1.479932e-05 -3.54621e-06 0)
(-1.423601e-05 -4.148107e-06 0)
(-1.358515e-05 -4.728147e-06 0)
(-1.284983e-05 -5.282713e-06 0)
(-1.203371e-05 -5.808144e-06 0)
(-1.114102e-05 -6.30077e-06 0)
(-1.017657e-05 -6.756948e-06 0)
(-9.145809e-06 -7.173125e-06 0)
(-8.054766e-06 -7.545893e-06 0)
(-6.910065e-06 -7.872057e-06 0)
(-5.718888e-06 -8.148708e-06 0)
(-4.48892e-06 -8.37329e-06 0)
(-3.228291e-06 -8.543668e-06 0)
(-1.945489e-06 -8.658182e-06 0)
(-6.498124e-07 -8.708597e-06 0)
(-6.808019e-07 1.003889e-05 0)
(-2.038169e-06 9.980278e-06 0)
(-3.381752e-06 9.847313e-06 0)
(-4.701634e-06 9.649554e-06 0)
(-5.98878e-06 9.389003e-06 0)
(-7.234573e-06 9.068233e-06 0)
(-8.430906e-06 8.690315e-06 0)
(-9.570257e-06 8.258731e-06 0)
(-1.064574e-05 7.777289e-06 0)
(-1.165112e-05 7.250034e-06 0)
(-1.258085e-05 6.681162e-06 0)
(-1.343007e-05 6.074946e-06 0)
(-1.419452e-05 5.43567e-06 0)
(-1.487061e-05 4.767578e-06 0)
(-1.545531e-05 4.074834e-06 0)
(-1.594611e-05 3.361498e-06 0)
(-1.634103e-05 2.631519e-06 0)
(-1.663853e-05 1.888732e-06 0)
(-1.683747e-05 1.136874e-06 0)
(-1.693712e-05 3.796058e-07 0)
(-1.693714e-05 -3.794615e-07 0)
(-1.68375e-05 -1.136733e-06 0)
(-1.663859e-05 -1.888597e-06 0)
(-1.634112e-05 -2.631394e-06 0)
(-1.594622e-05 -3.361386e-06 0)
(-1.545543e-05 -4.074737e-06 0)
(-1.487076e-05 -4.767499e-06 0)
(-1.419468e-05 -5.435611e-06 0)
(-1.343023e-05 -6.074908e-06 0)
(-1.258102e-05 -6.681147e-06 0)
(-1.165129e-05 -7.250042e-06 0)
(-1.06459e-05 -7.777321e-06 0)
(-9.570415e-06 -8.258785e-06 0)
(-8.431053e-06 -8.690391e-06 0)
(-7.234704e-06 -9.068329e-06 0)
(-5.988893e-06 -9.389116e-06 0)
(-4.701725e-06 -9.649681e-06 0)
(-3.381819e-06 -9.847452e-06 0)
(-2.03821e-06 -9.980424e-06 0)
(-6.808157e-07 -1.003904e-05 0)
(-7.166033e-07 1.143609e-05 0)
(-2.145223e-06 1.136864e-05 0)
(-3.558959e-06 1.121585e-05 0)
(-4.947151e-06 1.09887e-05 0)
(-6.30011e-06 1.06896e-05 0)
(-7.608638e-06 1.032163e-05 0)
(-8.86414e-06 9.88846e-06 0)
(-1.00587e-05 9.394237e-06 0)
(-1.118512e-05 8.84347e-06 0)
(-1.2237e-05 8.240925e-06 0)
(-1.320865e-05 7.591515e-06 0)
(-1.409518e-05 6.900213e-06 0)
(-1.489238e-05 6.171967e-06 0)
(-1.559673e-05 5.411641e-06 0)
(-1.620529e-05 4.623974e-06 0)
(-1.671571e-05 3.813547e-06 0)
(-1.712613e-05 2.98478e-06 0)
(-1.743512e-05 2.141937e-06 0)
(-1.764167e-05 1.289146e-06 0)
(-1.774511e-05 4.304287e-07 0)
(-1.774513e-05 -4.302571e-07 0)
(-1.764171e-05 -1.288978e-06 0)
(-1.743519e-05 -2.141777e-06 0)
(-1.712623e-05 -2.984631e-06 0)
(-1.671583e-05 -3.813413e-06 0)
(-1.620543e-05 -4.623858e-06 0)
(-1.559689e-05 -5.411547e-06 0)
(-1.489256e-05 -6.171896e-06 0)
(-1.409537e-05 -6.900167e-06 0)
(-1.320885e-05 -7.591497e-06 0)
(-1.223719e-05 -8.240934e-06 0)
(-1.118531e-05 -8.843507e-06 0)
(-1.005888e-05 -9.394301e-06 0)
(-8.864309e-06 -9.88855e-06 0)
(-7.608791e-06 -1.032174e-05 0)
(-6.30024e-06 -1.068973e-05 0)
(-4.947256e-06 -1.098885e-05 0)
(-3.559036e-06 -1.121602e-05 0)
(-2.14527e-06 -1.136882e-05 0)
(-7.166193e-07 -1.143627e-05 0)
(-7.575848e-07 1.291005e-05 0)
(-2.267743e-06 1.283299e-05 0)
(-3.761694e-06 1.265873e-05 0)
(-5.227886e-06 1.239978e-05 0)
(-6.655852e-06 1.205905e-05 0)
(-8.035712e-06 1.164021e-05 0)
(-9.358298e-06 1.114765e-05 0)
(-1.061525e-05 1.058628e-05 0)
(-1.179905e-05 9.96143e-06 0)
(-1.290307e-05 9.278682e-06 0)
(-1.392157e-05 8.543766e-06 0)
(-1.484962e-05 7.76243e-06 0)
(-1.568309e-05 6.940349e-06 0)
(-1.641861e-05 6.083054e-06 0)
(-1.70534e-05 5.195881e-06 0)
(-1.758531e-05 4.283941e-06 0)
(-1.801264e-05 3.352122e-06 0)
(-1.833416e-05 2.405094e-06 0)
(-1.854897e-05 1.447345e-06 0)
(-1.865653e-05 4.832214e-07 0)
(-1.865654e-05 -4.830185e-07 0)
(-1.854902e-05 -1.447147e-06 0)
(-1.833424e-05 -2.404905e-06 0)
(-1.801276e-05 -3.351946e-06 0)
(-1.758545e-05 -4.283783e-06 0)
(-1.705357e-05 -5.195743e-06 0)
(-1.641879e-05 -6.082942e-06 0)
(-1.56833e-05 -6.940264e-06 0)
(-1.484983e-05 -7.762375e-06 0)
(-1.392179e-05 -8.543743e-06 0)
(-1.29033e-05 -9.278692e-06 0)
(-1.179927e-05 -9.961473e-06 0)
(-1.061546e-05 -1.058636e-05 0)
(-9.358495e-06 -1.114776e-05 0)
(-8.035888e-06 -1.164035e-05 0)
(-6.656004e-06 -1.205921e-05 0)
(-5.228009e-06 -1.239996e-05 0)
(-3.761784e-06 -1.265892e-05 0)
(-2.267799e-06 -1.28332e-05 0)
(-7.576034e-07 -1.291027e-05 0)
(-8.042037e-07 1.447159e-05 0)
(-2.407088e-06 1.438397e-05 0)
(-3.992167e-06 1.418626e-05 0)
(-5.546829e-06 1.389263e-05 0)
(-7.059679e-06 1.350658e-05 0)
(-8.520034e-06 1.303251e-05 0)
(-9.91807e-06 1.247565e-05 0)
(-1.124492e-05 1.184181e-05 0)
(-1.249272e-05 1.113729e-05 0)
(-1.365466e-05 1.036861e-05 0)
(-1.472491e-05 9.542444e-06 0)
(-1.56986e-05 8.6654e-06 0)
(-1.657176e-05 7.743955e-06 0)
(-1.734119e-05 6.784355e-06 0)
(-1.80044e-05 5.792562e-06 0)
(-1.855947e-05 4.774224e-06 0)
(-1.900498e-05 3.734679e-06 0)
(-1.93399e-05 2.678977e-06 0)
(-1.956354e-05 1.611922e-06 0)
(-1.967548e-05 5.381313e-07 0)
(-1.967549e-05 -5.378926e-07 0)
(-1.95636e-05 -1.611688e-06 0)
(-1.933999e-05 -2.678754e-06 0)
(-1.900511e-05 -3.734471e-06 0)
(-1.855963e-05 -4.774036e-06 0)
(-1.800459e-05 -5.792399e-06 0)
(-1.734141e-05 -6.784222e-06 0)
(-1.657199e-05 -7.743854e-06 0)
(-1.569885e-05 -8.665334e-06 0)
(-1.472516e-05 -9.542416e-06 0)
(-1.365492e-05 -1.036862e-05 0)
(-1.249298e-05 -1.113734e-05 0)
(-1.124517e-05 -1.18419e-05 0)
(-9.9183e-06 -1.247577e-05 0)
(-8.52024e-06 -1.303267e-05 0)
(-7.059856e-06 -1.350677e-05 0)
(-5.546972e-06 -1.389285e-05 0)
(-3.992272e-06 -1.418649e-05 0)
(-2.407152e-06 -1.438422e-05 0)
(-8.042254e-07 -1.447184e-05 0)
(-8.570111e-07 1.613252e-05 0)
(-2.564888e-06 1.603321e-05 0)
(-4.253033e-06 1.580966e-05 0)
(-5.90756e-06 1.547789e-05 0)
(-7.515973e-06 1.504211e-05 0)
(-9.066647e-06 1.45076e-05 0)
(-1.0549e-05 1.38806e-05 0)
(-1.195361e-05 1.316803e-05 0)
(-1.327225e-05 1.237729e-05 0)
(-1.449791e-05 1.151605e-05 0)
(-1.562478e-05 1.059201e-05 0)
(-1.66481e-05 9.612782e-06 0)
(-1.756414e-05 8.585727e-06 0)
(-1.837e-05 7.517862e-06 0)
(-1.906354e-05 6.415798e-06 0)
(-1.964319e-05 5.285722e-06 0)
(-2.010789e-05 4.133401e-06 0)
(-2.045692e-05 2.964218e-06 0)
(-2.068982e-05 1.783237e-06 0)
(-2.080634e-05 5.95276e-07 0)
(-2.080636e-05 -5.949963e-07 0)
(-2.068989e-05 -1.782963e-06 0)
(-2.045703e-05 -2.963956e-06 0)
(-2.010804e-05 -4.133157e-06 0)
(-1.964338e-05 -5.285502e-06 0)
(-1.906375e-05 -6.415607e-06 0)
(-1.837025e-05 -7.517704e-06 0)
(-1.756441e-05 -8.585607e-06 0)
(-1.664839e-05 -9.612703e-06 0)
(-1.562508e-05 -1.059197e-05 0)
(-1.449822e-05 -1.151606e-05 0)
(-1.327254e-05 -1.237735e-05 0)
(-1.195389e-05 -1.316813e-05 0)
(-1.054927e-05 -1.388075e-05 0)
(-9.066888e-06 -1.450779e-05 0)
(-7.51618e-06 -1.504233e-05 0)
(-5.907728e-06 -1.547815e-05 0)
(-4.253157e-06 -1.580993e-05 0)
(-2.564964e-06 -1.60335e-05 0)
(-8.570366e-07 -1.613282e-05 0)
(-9.166719e-07 1.790587e-05 0)
(-2.743114e-06 1.779349e-05 0)
(-4.547486e-06 1.754122e-05 0)
(-6.314375e-06 1.716715e-05 0)
(-8.029971e-06 1.667633e-05 0)
(-9.681543e-06 1.607517e-05 0)
(-1.125764e-05 1.537111e-05 0)
(-1.274823e-05 1.457241e-05 0)
(-1.414471e-05 1.368781e-05 0)
(-1.543995e-05 1.272628e-05 0)
(-1.662817e-05 1.169677e-05 0)
(-1.770488e-05 1.060801e-05 0)
(-1.866668e-05 9.468327e-06 0)
(-1.951112e-05 8.285582e-06 0)
(-2.023654e-05 7.06706e-06 0)
(-2.084187e-05 5.819478e-06 0)
(-2.132648e-05 4.548993e-06 0)
(-2.169006e-05 3.261265e-06 0)
(-2.193248e-05 1.961536e-06 0)
(-2.205371e-05 6.547335e-07 0)
(-2.205373e-05 -6.544067e-07 0)
(-2.193256e-05 -1.961216e-06 0)
(-2.169019e-05 -3.260959e-06 0)
(-2.132665e-05 -4.548707e-06 0)
(-2.084208e-05 -5.819219e-06 0)
(-2.023679e-05 -7.066835e-06 0)
(-1.951141e-05 -8.285395e-06 0)
(-1.866699e-05 -9.468185e-06 0)
(-1.770521e-05 -1.060791e-05 0)
(-1.662852e-05 -1.169673e-05 0)
(-1.54403e-05 -1.272629e-05 0)
(-1.414506e-05 -1.368788e-05 0)
(-1.274856e-05 -1.457253e-05 0)
(-1.125796e-05 -1.537129e-05 0)
(-9.681826e-06 -1.607539e-05 0)
(-8.030215e-06 -1.66766e-05 0)
(-6.314573e-06 -1.716745e-05 0)
(-4.547632e-06 -1.754155e-05 0)
(-2.743204e-06 -1.779384e-05 0)
(-9.167021e-07 -1.790622e-05 0)
(-9.839921e-07 1.980614e-05 0)
(-2.944148e-06 1.967902e-05 0)
(-4.879385e-06 1.939453e-05 0)
(-6.772445e-06 1.89731e-05 0)
(-8.607949e-06 1.842088e-05 0)
(-1.037187e-05 1.774561e-05 0)
(-1.205176e-05 1.695627e-05 0)
(-1.363691e-05 1.60627e-05 0)
(-1.511838e-05 1.507528e-05 0)
(-1.648896e-05 1.400452e-05 0)
(-1.774306e-05 1.286081e-05 0)
(-1.887655e-05 1.165417e-05 0)
(-1.988656e-05 1.039401e-05 0)
(-2.077127e-05 9.089096e-06 0)
(-2.152964e-05 7.747401e-06 0)
(-2.216126e-05 6.37615e-06 0)
(-2.26661e-05 4.981839e-06 0)
(-2.304438e-05 3.570321e-06 0)
(-2.329635e-05 2.146912e-06 0)
(-2.342228e-05 7.165306e-07 0)
(-2.342231e-05 -7.161497e-07 0)
(-2.329644e-05 -2.146539e-06 0)
(-2.304452e-05 -3.569964e-06 0)
(-2.26663e-05 -4.981506e-06 0)
(-2.21615e-05 -6.375847e-06 0)
(-2.152993e-05 -7.747136e-06 0)
(-2.07716e-05 -9.088876e-06 0)
(-1.988693e-05 -1.039384e-05 0)
(-1.887694e-05 -1.165405e-05 0)
(-1.774346e-05 -1.286076e-05 0)
(-1.648937e-05 -1.400453e-05 0)
(-1.511878e-05 -1.507535e-05 0)
(-1.36373e-05 -1.606284e-05 0)
(-1.205212e-05 -1.695647e-05 0)
(-1.03722e-05 -1.774587e-05 0)
(-8.608237e-06 -1.842119e-05 0)
(-6.772679e-06 -1.897345e-05 0)
(-4.879557e-06 -1.939492e-05 0)
(-2.944254e-06 -1.967943e-05 0)
(-9.840277e-07 -1.980656e-05 0)
(-1.059953e-06 2.184962e-05 0)
(-3.170889e-06 2.170568e-05 0)
(-5.25341e-06 2.138472e-05 0)
(-7.288022e-06 2.090979e-05 0)
(-9.257459e-06 2.028845e-05 0)
(-1.114616e-05 1.953011e-05 0)
(-1.294055e-05 1.864564e-05 0)
(-1.462922e-05 1.764686e-05 0)
(-1.620289e-05 1.654609e-05 0)
(-1.765441e-05 1.535572e-05 0)
(-1.897852e-05 1.408782e-05 0)
(-2.017168e-05 1.275386e-05 0)
(-2.123175e-05 1.136449e-05 0)
(-2.215774e-05 9.929411e-06 0)
(-2.294949e-05 8.457317e-06 0)
(-2.360743e-05 6.955897e-06 0)
(-2.413231e-05 5.431907e-06 0)
(-2.452499e-05 3.891277e-06 0)
(-2.478627e-05 2.339266e-06 0)
(-2.491677e-05 7.806286e-07 0)
(-2.49168e-05 -7.801857e-07 0)
(-2.478637e-05 -2.338832e-06 0)
(-2.452515e-05 -3.890861e-06 0)
(-2.413253e-05 -5.431517e-06 0)
(-2.360771e-05 -6.955543e-06 0)
(-2.294982e-05 -8.457006e-06 0)
(-2.215812e-05 -9.929152e-06 0)
(-2.123217e-05 -1.136429e-05 0)
(-2.017213e-05 -1.275372e-05 0)
(-1.897899e-05 -1.408775e-05 0)
(-1.765489e-05 -1.535573e-05 0)
(-1.620337e-05 -1.654617e-05 0)
(-1.462968e-05 -1.764702e-05 0)
(-1.294099e-05 -1.864587e-05 0)
(-1.114655e-05 -1.953041e-05 0)
(-9.257799e-06 -2.028882e-05 0)
(-7.2883e-06 -2.091021e-05 0)
(-5.253615e-06 -2.138517e-05 0)
(-3.171015e-06 -2.170617e-05 0)
(-1.059995e-06 -2.185013e-05 0)
(-1.145759e-06 2.405478e-05 0)
(-3.426889e-06 2.389146e-05 0)
(-5.67528e-06 2.352877e-05 0)
(-7.86871e-06 2.299285e-05 0)
(-9.987631e-06 2.229298e-05 0)
(-1.201468e-05 2.144073e-05 0)
(-1.393501e-05 2.044931e-05 0)
(-1.573645e-05 1.933301e-05 0)
(-1.740951e-05 1.810653e-05 0)
(-1.894723e-05 1.678448e-05 0)
(-2.034492e-05 1.538092e-05 0)
(-2.159988e-05 1.390899e-05 0)
(-2.271101e-05 1.23807e-05 0)
(-2.367844e-05 1.080677e-05 0)
(-2.450315e-05 9.196583e-06 0)
(-2.518667e-05 7.558234e-06 0)
(-2.573072e-05 5.898627e-06 0)
(-2.613702e-05 4.223625e-06 0)
(-2.6407e-05 2.538252e-06 0)
(-2.654173e-05 8.469056e-07 0)
(-2.654177e-05 -8.463918e-07 0)
(-2.640711e-05 -2.537748e-06 0)
(-2.61372e-05 -4.223142e-06 0)
(-2.573098e-05 -5.898173e-06 0)
(-2.518699e-05 -7.55782e-06 0)
(-2.450354e-05 -9.196218e-06 0)
(-2.367888e-05 -1.080646e-05 0)
(-2.27115e-05 -1.238046e-05 0)
(-2.16004e-05 -1.390883e-05 0)
(-2.034547e-05 -1.538084e-05 0)
(-1.894779e-05 -1.678449e-05 0)
(-1.741007e-05 -1.810662e-05 0)
(-1.5737e-05 -1.933319e-05 0)
(-1.393552e-05 -2.044958e-05 0)
(-1.201514e-05 -2.144108e-05 0)
(-9.988035e-06 -2.229341e-05 0)
(-7.869039e-06 -2.299334e-05 0)
(-5.675524e-06 -2.352932e-05 0)
(-3.427038e-06 -2.389204e-05 0)
(-1.14581e-06 -2.405537e-05 0)
(-1.242898e-06 2.644276e-05 0)
(-3.716527e-06 2.625686e-05 0)
(-6.152029e-06 2.584597e-05 0)
(-8.523816e-06 2.523977e-05 0)
(-1.080958e-05 2.444985e-05 0)
(-1.298982e-05 2.349048e-05 0)
(-1.504827e-05 2.237789e-05 0)
(-1.6972e-05 2.112937e-05 0)
(-1.875142e-05 1.976258e-05 0)
(-2.038002e-05 1.82948e-05 0)
(-2.185401e-05 1.674243e-05 0)
(-2.31719e-05 1.512053e-05 0)
(-2.433397e-05 1.34426e-05 0)
(-2.534186e-05 1.172042e-05 0)
(-2.619803e-05 9.964037e-06 0)
(-2.690539e-05 8.181851e-06 0)
(-2.746692e-05 6.380756e-06 0)
(-2.788537e-05 4.566356e-06 0)
(-2.816299e-05 2.743215e-06 0)
(-2.830141e-05 9.151359e-07 0)
(-2.830146e-05 -9.145412e-07 0)
(-2.816312e-05 -2.742631e-06 0)
(-2.788558e-05 -4.565795e-06 0)
(-2.746721e-05 -6.380228e-06 0)
(-2.690576e-05 -8.181367e-06 0)
(-2.619847e-05 -9.963609e-06 0)
(-2.534236e-05 -1.172006e-05 0)
(-2.433453e-05 -1.344231e-05 0)
(-2.31725e-05 -1.512033e-05 0)
(-2.185465e-05 -1.674232e-05 0)
(-2.038068e-05 -1.82948e-05 0)
(-1.875208e-05 -1.976268e-05 0)
(-1.697264e-05 -2.112957e-05 0)
(-1.504887e-05 -2.237819e-05 0)
(-1.299037e-05 -2.349089e-05 0)
(-1.081006e-05 -2.445035e-05 0)
(-8.524209e-06 -2.524035e-05 0)
(-6.15232e-06 -2.584661e-05 0)
(-3.716707e-06 -2.625755e-05 0)
(-1.242958e-06 -2.644346e-05 0)
(-1.353225e-06 2.903803e-05 0)
(-4.04526e-06 2.882554e-05 0)
(-6.69238e-06 2.835832e-05 0)
(-9.264827e-06 2.767033e-05 0)
(-1.173692e-05 2.677611e-05 0)
(-1.408664e-05 2.569346e-05 0)
(-1.629612e-05 2.444239e-05 0)
(-1.835176e-05 2.304404e-05 0)
(-2.024408e-05 2.151966e-05 0)
(-2.196738e-05 1.988978e-05 0)
(-2.351919e-05 1.817352e-05 0)
(-2.489971e-05 1.638815e-05 0)
(-2.611112e-05 1.454879e-05 0)
(-2.7157e-05 1.26683e-05 0)
(-2.804172e-05 1.075732e-05 0)
(-2.876995e-05 8.824398e-06 0)
(-2.934622e-05 6.876206e-06 0)
(-2.977456e-05 4.917838e-06 0)
(-3.005822e-05 2.953122e-06 0)
(-3.019949e-05 9.849659e-07 0)
(-3.019954e-05 -9.842792e-07 0)
(-3.005837e-05 -2.952448e-06 0)
(-2.97748e-05 -4.917188e-06 0)
(-2.934655e-05 -6.875592e-06 0)
(-2.877037e-05 -8.823834e-06 0)
(-2.804223e-05 -1.075682e-05 0)
(-2.715758e-05 -1.266788e-05 0)
(-2.611177e-05 -1.454845e-05 0)
(-2.490041e-05 -1.638791e-05 0)
(-2.351993e-05 -1.817339e-05 0)
(-2.196814e-05 -1.988976e-05 0)
(-2.024485e-05 -2.151976e-05 0)
(-1.835251e-05 -2.304427e-05 0)
(-1.629684e-05 -2.444274e-05 0)
(-1.40873e-05 -2.569393e-05 0)
(-1.173749e-05 -2.677669e-05 0)
(-9.265297e-06 -2.767101e-05 0)
(-6.69273e-06 -2.835908e-05 0)
(-4.045475e-06 -2.882636e-05 0)
(-1.353298e-06 -2.903887e-05 0)
(-1.479078e-06 3.186926e-05 0)
(-4.41994e-06 3.162506e-05 0)
(-7.307251e-06 3.109126e-05 0)
(-1.010603e-05 3.0307e-05 0)
(-1.278645e-05 2.929073e-05 0)
(-1.532354e-05 2.806483e-05 0)
(-1.769768e-05 2.66542e-05 0)
(-1.989473e-05 2.508479e-05 0)
(-2.190568e-05 2.338232e-05 0)
(-2.372616e-05 2.15712e-05 0)
(-2.535564e-05 1.96738e-05 0)
(-2.679663e-05 1.770983e-05 0)
(-2.805382e-05 1.569616e-05 0)
(-2.913332e-05 1.364672e-05 0)
(-3.004193e-05 1.157259e-05 0)
(-3.07865e-05 9.482232e-06 0)
(-3.137348e-05 7.381843e-06 0)
(-3.180845e-05 5.275677e-06 0)
(-3.209587e-05 3.166474e-06 0)
(-3.223881e-05 1.055886e-06 0)
(-3.223887e-05 -1.055095e-06 0)
(-3.209603e-05 -3.165696e-06 0)
(-3.180872e-05 -5.274926e-06 0)
(-3.137386e-05 -7.381132e-06 0)
(-3.078699e-05 -9.481576e-06 0)
(-3.004251e-05 -1.1572e-05 0)
(-2.913399e-05 -1.364622e-05 0)
(-2.805457e-05 -1.569576e-05 0)
(-2.679744e-05 -1.770953e-05 0)
(-2.53565e-05 -1.967362e-05 0)
(-2.372705e-05 -2.157117e-05 0)
(-2.190658e-05 -2.338242e-05 0)
(-1.989562e-05 -2.508505e-05 0)
(-1.769853e-05 -2.665461e-05 0)
(-1.532432e-05 -2.806539e-05 0)
(-1.278714e-05 -2.929142e-05 0)
(-1.010659e-05 -3.030781e-05 0)
(-7.307672e-06 -3.109216e-05 0)
(-4.4202e-06 -3.162602e-05 0)
(-1.479166e-06 -3.187026e-05 0)
(-1.623431e-06 3.497038e-05 0)
(-4.849271e-06 3.468788e-05 0)
(-8.010441e-06 3.407442e-05 0)
(-1.106535e-05 3.317555e-05 0)
(-1.397909e-05 3.201491e-05 0)
(-1.672317e-05 3.062095e-05 0)
(-1.927617e-05 2.902485e-05 0)
(-2.162365e-05 2.72587e-05 0)
(-2.375767e-05 2.535371e-05 0)
(-2.56759e-05 2.333903e-05 0)
(-2.738057e-05 2.124072e-05 0)
(-2.887734e-05 1.908128e-05 0)
(-3.017423e-05 1.687937e-05 0)
(-3.128058e-05 1.464987e-05 0)
(-3.220621e-05 1.240409e-05 0)
(-3.296069e-05 1.015012e-05 0)
(-3.355278e-05 7.89327e-06 0)
(-3.398993e-05 5.636559e-06 0)
(-3.427801e-05 3.381217e-06 0)
(-3.442106e-05 1.127201e-06 0)
(-3.442112e-05 -1.126293e-06 0)
(-3.42782e-05 -3.380323e-06 0)
(-3.399023e-05 -5.635693e-06 0)
(-3.35532e-05 -7.892447e-06 0)
(-3.296124e-05 -1.014936e-05 0)
(-3.220687e-05 -1.24034e-05 0)
(-3.128134e-05 -1.464927e-05 0)
(-3.017509e-05 -1.687888e-05 0)
(-2.887828e-05 -1.908092e-05 0)
(-2.738157e-05 -2.12405e-05 0)
(-2.567694e-05 -2.333897e-05 0)
(-2.375873e-05 -2.535382e-05 0)
(-2.16247e-05 -2.725898e-05 0)
(-1.927718e-05 -2.902532e-05 0)
(-1.672411e-05 -3.062159e-05 0)
(-1.397992e-05 -3.201572e-05 0)
(-1.106604e-05 -3.31765e-05 0)
(-8.010951e-06 -3.407549e-05 0)
(-4.849587e-06 -3.468903e-05 0)
(-1.623537e-06 -3.497157e-05 0)
(-1.790116e-06 3.83821e-05 0)
(-5.344437e-06 3.80527e-05 0)
(-8.819583e-06 3.73427e-05 0)
(-1.216554e-05 3.630568e-05 0)
(-1.534106e-05 3.497236e-05 0)
(-1.83136e-05 3.337921e-05 0)
(-2.105993e-05 3.156567e-05 0)
(-2.356587e-05 2.957156e-05 0)
(-2.582535e-05 2.743495e-05 0)
(-2.783915e-05 2.519061e-05 0)
(-2.961339e-05 2.286889e-05 0)
(-3.115798e-05 2.049528e-05 0)
(-3.248523e-05 1.809023e-05 0)
(-3.36086e-05 1.566934e-05 0)
(-3.454168e-05 1.324382e-05 0)
(-3.529733e-05 1.082091e-05 0)
(-3.588704e-05 8.404582e-06 0)
(-3.63205e-05 5.996092e-06 0)
(-3.660522e-05 3.594646e-06 0)
(-3.674632e-05 1.197999e-06 0)
(-3.674639e-05 -1.196959e-06 0)
(-3.660543e-05 -3.593621e-06 0)
(-3.632085e-05 -5.995096e-06 0)
(-3.588752e-05 -8.403633e-06 0)
(-3.529794e-05 -1.082003e-05 0)
(-3.454243e-05 -1.324301e-05 0)
(-3.360947e-05 -1.566864e-05 0)
(-3.248621e-05 -1.808964e-05 0)
(-3.115906e-05 -2.049483e-05 0)
(-2.961455e-05 -2.286861e-05 0)
(-2.784037e-05 -2.519051e-05 0)
(-2.58266e-05 -2.743505e-05 0)
(-2.356711e-05 -2.957186e-05 0)
(-2.106114e-05 -3.156619e-05 0)
(-1.831472e-05 -3.337995e-05 0)
(-1.534206e-05 -3.49733e-05 0)
(-1.216637e-05 -3.63068e-05 0)
(-8.820205e-06 -3.734397e-05 0)
(-5.344823e-06 -3.805408e-05 0)
(-1.790247e-06 -3.838353e-05 0)
(-1.984139e-06 4.215388e-05 0)
(-5.919992e-06 4.176626e-05 0)
(-9.757474e-06 4.093757e-05 0)
(-1.343569e-05 3.973187e-05 0)
(-1.690556e-05 3.818957e-05 0)
(-2.012986e-05 3.635794e-05 0)
(-2.308382e-05 3.42872e-05 0)
(-2.575436e-05 3.20271e-05 0)
(-2.813861e-05 2.962413e-05 0)
(-3.024196e-05 2.711973e-05 0)
(-3.20759e-05 2.454909e-05 0)
(-3.365601e-05 2.194081e-05 0)
(-3.500017e-05 1.931697e-05 0)
(-3.612699e-05 1.669352e-05 0)
(-3.705464e-05 1.408098e-05 0)
(-3.779993e-05 1.148519e-05 0)
(-3.83776e-05 8.908101e-06 0)
(-3.879986e-05 6.348613e-06 0)
(-3.90761e-05 3.803297e-06 0)
(-3.921266e-05 1.267113e-06 0)
(-3.921274e-05 -1.265927e-06 0)
(-3.907633e-05 -3.802126e-06 0)
(-3.880025e-05 -6.347473e-06 0)
(-3.837813e-05 -8.907008e-06 0)
(-3.780062e-05 -1.148416e-05 0)
(-3.705548e-05 -1.408004e-05 0)
(-3.612797e-05 -1.669268e-05 0)
(-3.500129e-05 -1.931626e-05 0)
(-3.365725e-05 -2.194027e-05 0)
(-3.207724e-05 -2.454872e-05 0)
(-3.024338e-05 -2.711957e-05 0)
(-2.814009e-05 -2.962421e-05 0)
(-2.575584e-05 -3.202742e-05 0)
(-2.308526e-05 -3.428779e-05 0)
(-2.013122e-05 -3.635879e-05 0)
(-1.690677e-05 -3.819067e-05 0)
(-1.343671e-05 -3.97332e-05 0)
(-9.758238e-06 -4.093909e-05 0)
(-5.920467e-06 -4.176791e-05 0)
(-1.9843e-06 -4.215561e-05 0)
(-2.212133e-06 4.634675e-05 0)
(-6.595149e-06 4.588566e-05 0)
(-1.085398e-05 4.490889e-05 0)
(-1.491354e-05 4.349439e-05 0)
(-1.871499e-05 4.169609e-05 0)
(-2.221597e-05 3.957592e-05 0)
(-2.539078e-05 3.719836e-05 0)
(-2.822894e-05 3.462578e-05 0)
(-3.073272e-05 3.191502e-05 0)
(-3.29142e-05 2.911528e-05 0)
(-3.47923e-05 2.626706e-05 0)
(-3.63901e-05 2.340203e-05 0)
(-3.773252e-05 2.054343e-05 0)
(-3.884459e-05 1.77069e-05 0)
(-3.975001e-05 1.490151e-05 0)
(-4.047021e-05 1.213084e-05 0)
(-4.102361e-05 9.394086e-06 0)
(-4.142531e-05 6.687008e-06 0)
(-4.168672e-05 4.002842e-06 0)
(-4.181555e-05 1.333093e-06 0)
(-4.181563e-05 -1.331746e-06 0)
(-4.168698e-05 -4.00151e-06 0)
(-4.142573e-05 -6.685705e-06 0)
(-4.102421e-05 -9.39283e-06 0)
(-4.047097e-05 -1.212965e-05 0)
(-3.975095e-05 -1.490041e-05 0)
(-3.884569e-05 -1.770591e-05 0)
(-3.773379e-05 -2.054258e-05 0)
(-3.639152e-05 -2.340135e-05 0)
(-3.479385e-05 -2.626659e-05 0)
(-3.291586e-05 -2.911504e-05 0)
(-3.073445e-05 -3.191505e-05 0)
(-2.82307e-05 -3.462611e-05 0)
(-2.539251e-05 -3.719901e-05 0)
(-2.221761e-05 -3.957689e-05 0)
(-1.871647e-05 -4.169737e-05 0)
(-1.491478e-05 -4.349597e-05 0)
(-1.085492e-05 -4.491071e-05 0)
(-6.59574e-06 -4.588765e-05 0)
(-2.212334e-06 -4.634884e-05 0)
(-2.483043e-06 5.103712e-05 0)
(-7.395679e-06 5.048172e-05 0)
(-1.214875e-05 4.931714e-05 0)
(-1.664849e-05 4.764039e-05 0)
(-2.082403e-05 4.552451e-05 0)
(-2.462759e-05 4.305159e-05 0)
(-2.803396e-05 4.030496e-05 0)
(-3.10377e-05 3.736304e-05 0)
(-3.364911e-05 3.429523e-05 0)
(-3.588992e-05 3.115956e-05 0)
(-3.778915e-05 2.800205e-05 0)
(-3.937965e-05 2.485701e-05 0)
(-4.06953e-05 2.174802e-05 0)
(-4.176891e-05 1.868932e-05 0)
(-4.26307e-05 1.568745e-05 0)
(-4.330735e-05 1.274269e-05 0)
(-4.382143e-05 9.850472e-06 0)
(-4.419111e-05 7.002543e-06 0)
(-4.443002e-05 4.188003e-06 0)
(-4.454725e-05 1.394172e-06 0)
(-4.454734e-05 -1.392649e-06 0)
(-4.443029e-05 -4.186494e-06 0)
(-4.419157e-05 -7.001062e-06 0)
(-4.382208e-05 -9.849036e-06 0)
(-4.330819e-05 -1.274132e-05 0)
(-4.263174e-05 -1.568616e-05 0)
(-4.177014e-05 -1.868815e-05 0)
(-4.069673e-05 -2.174699e-05 0)
(-3.938126e-05 -2.485617e-05 0)
(-3.779093e-05 -2.800144e-05 0)
(-3.589185e-05 -3.115921e-05 0)
(-3.365115e-05 -3.429519e-05 0)
(-3.10398e-05 -3.736336e-05 0)
(-2.803605e-05 -4.030565e-05 0)
(-2.462958e-05 -4.305269e-05 0)
(-2.082585e-05 -4.552601e-05 0)
(-1.665004e-05 -4.764226e-05 0)
(-1.214993e-05 -4.931932e-05 0)
(-7.39642e-06 -5.048414e-05 0)
(-2.483296e-06 -5.103965e-05 0)
(-2.809162e-06 5.632232e-05 0)
(-8.356773e-06 5.564354e-05 0)
(-1.369532e-05 5.423648e-05 0)
(-1.870617e-05 5.222517e-05 0)
(-2.33038e-05 4.971018e-05 0)
(-2.743553e-05 4.680149e-05 0)
(-3.107932e-05 4.360745e-05 0)
(-3.423867e-05 4.022678e-05 0)
(-3.69362e-05 3.674371e-05 0)
(-3.920737e-05 3.322601e-05 0)
(-4.109485e-05 2.972492e-05 0)
(-4.264413e-05 2.62763e-05 0)
(-4.390022e-05 2.290259e-05 0)
(-4.490516e-05 1.961514e-05 0)
(-4.569664e-05 1.641645e-05 0)
(-4.630718e-05 1.330213e-05 0)
(-4.676376e-05 1.026267e-05 0)
(-4.708778e-05 7.284756e-06 0)
(-4.72951e-05 4.352492e-06 0)
(-4.73962e-05 1.448254e-06 0)
(-4.73963e-05 -1.446542e-06 0)
(-4.729539e-05 -4.350792e-06 0)
(-4.708827e-05 -7.283079e-06 0)
(-4.676446e-05 -1.026103e-05 0)
(-4.63081e-05 -1.330056e-05 0)
(-4.569778e-05 -1.641495e-05 0)
(-4.490653e-05 -1.961376e-05 0)
(-4.390181e-05 -2.290135e-05 0)
(-4.264596e-05 -2.627526e-05 0)
(-4.109689e-05 -2.972412e-05 0)
(-3.920961e-05 -3.32255e-05 0)
(-3.69386e-05 -3.674356e-05 0)
(-3.424116e-05 -4.022705e-05 0)
(-3.108184e-05 -4.360819e-05 0)
(-2.743797e-05 -4.680272e-05 0)
(-2.330605e-05 -4.971191e-05 0)
(-1.87081e-05 -5.222739e-05 0)
(-1.369681e-05 -5.423912e-05 0)
(-8.357715e-06 -5.564648e-05 0)
(-2.809484e-06 -5.632543e-05 0)
(-3.207772e-06 6.232876e-05 0)
(-9.52748e-06 6.148494e-05 0)
(-1.556713e-05 5.97586e-05 0)
(-2.11748e-05 5.731337e-05 0)
(-2.624772e-05 5.429008e-05 0)
(-3.073031e-05 5.083765e-05 0)
(-3.460867e-05 4.709755e-05 0)
(-3.790145e-05 4.319369e-05 0)
(-4.064989e-05 3.922741e-05 0)
(-4.29087e-05 3.527644e-05 0)
(-4.473885e-05 3.13959e-05 0)
(-4.620198e-05 2.762116e-05 0)
(-4.735646e-05 2.397128e-05 0)
(-4.825505e-05 2.04525e-05 0)
(-4.894371e-05 1.706129e-05 0)
(-4.946113e-05 1.378689e-05 0)
(-4.983881e-05 1.061342e-05 0)
(-5.010128e-05 7.521395e-06 0)
(-5.026652e-05 4.488998e-06 0)
(-5.034629e-05 1.492909e-06 0)
(-5.034639e-05 -1.490996e-06 0)
(-5.026683e-05 -4.487093e-06 0)
(-5.01018e-05 -7.519509e-06 0)
(-4.983956e-05 -1.061156e-05 0)
(-4.946212e-05 -1.378509e-05 0)
(-4.894494e-05 -1.705955e-05 0)
(-4.825654e-05 -2.045087e-05 0)
(-4.735823e-05 -2.396979e-05 0)
(-4.620403e-05 -2.761986e-05 0)
(-4.474118e-05 -3.139486e-05 0)
(-4.291129e-05 -3.527572e-05 0)
(-4.06527e-05 -3.922709e-05 0)
(-3.790442e-05 -4.319386e-05 0)
(-3.461172e-05 -4.709828e-05 0)
(-3.073331e-05 -5.0839e-05 0)
(-2.625052e-05 -5.429208e-05 0)
(-2.117724e-05 -5.7316e-05 0)
(-1.556903e-05 -5.976179e-05 0)
(-9.528694e-06 -6.148855e-05 0)
(-3.208189e-06 -6.23326e-05 0)
(-3.703826e-06 6.922405e-05 0)
(-1.097779e-05 6.815374e-05 0)
(-1.786691e-05 6.599767e-05 0)
(-2.417469e-05 6.297963e-05 0)
(-2.977951e-05 5.930029e-05 0)
(-3.462805e-05 5.516307e-05 0)
(-3.872328e-05 5.075283e-05 0)
(-4.210881e-05 4.622404e-05 0)
(-4.485346e-05 4.169683e-05 0)
(-4.703888e-05 3.725742e-05 0)
(-4.875013e-05 3.296191e-05 0)
(-5.006876e-05 2.884178e-05 0)
(-5.106887e-05 2.490934e-05 0)
(-5.181515e-05 2.116265e-05 0)
(-5.236225e-05 1.758957e-05 0)
(-5.275505e-05 1.417092e-05 0)
(-5.302926e-05 1.088283e-05 0)
(-5.321219e-05 7.698492e-06 0)
(-5.332358e-05 4.589242e-06 0)
(-5.33762e-05 1.525393e-06 0)
(-5.33763e-05 -1.52327e-06 0)
(-5.33239e-05 -4.587123e-06 0)
(-5.321274e-05 -7.696382e-06 0)
(-5.303004e-05 -1.088074e-05 0)
(-5.275609e-05 -1.416886e-05 0)
(-5.236356e-05 -1.758756e-05 0)
(-5.181676e-05 -2.116073e-05 0)
(-5.107081e-05 -2.490754e-05 0)
(-5.007103e-05 -2.884017e-05 0)
(-4.875275e-05 -3.296056e-05 0)
(-4.704185e-05 -3.725641e-05 0)
(-4.485674e-05 -4.169627e-05 0)
(-4.211235e-05 -4.622404e-05 0)
(-3.872698e-05 -5.07535e-05 0)
(-3.463176e-05 -5.516451e-05 0)
(-2.978304e-05 -5.930257e-05 0)
(-2.417781e-05 -6.298275e-05 0)
(-1.786937e-05 -6.600155e-05 0)
(-1.097938e-05 -6.815821e-05 0)
(-3.704376e-06 -6.922884e-05 0)
(-4.334541e-06 7.7236e-05 0)
(-1.281034e-05 7.584514e-05 0)
(-2.074126e-05 7.309634e-05 0)
(-2.787218e-05 6.930805e-05 0)
(-3.406428e-05 6.477078e-05 0)
(-3.927777e-05 5.976408e-05 0)
(-4.354769e-05 5.452864e-05 0)
(-4.695745e-05 4.925463e-05 0)
(-4.961651e-05 4.40802e-05 0)
(-5.164362e-05 3.909593e-05 0)
(-5.315449e-05 3.435364e-05 0)
(-5.425455e-05 2.987552e-05 0)
(-5.503558e-05 2.566223e-05 0)
(-5.557482e-05 2.169961e-05 0)
(-5.593544e-05 1.796372e-05 0)
(-5.616787e-05 1.442456e-05 0)
(-5.631123e-05 1.104864e-05 0)
(-5.639487e-05 7.800578e-06 0)
(-5.643962e-05 4.644128e-06 0)
(-5.64588e-05 1.542706e-06 0)
(-5.645891e-05 -1.540369e-06 0)
(-5.643994e-05 -4.64179e-06 0)
(-5.639542e-05 -7.798236e-06 0)
(-5.631203e-05 -1.10463e-05 0)
(-5.616894e-05 -1.442223e-05 0)
(-5.593681e-05 -1.796141e-05 0)
(-5.557652e-05 -2.169736e-05 0)
(-5.503766e-05 -2.566008e-05 0)
(-5.425704e-05 -2.987352e-05 0)
(-5.315742e-05 -3.435189e-05 0)
(-5.1647e-05 -3.909453e-05 0)
(-4.962033e-05 -4.407928e-05 0)
(-4.696166e-05 -4.925434e-05 0)
(-4.355219e-05 -5.452915e-05 0)
(-3.928238e-05 -5.976556e-05 0)
(-3.406876e-05 -6.477334e-05 0)
(-2.787622e-05 -6.931173e-05 0)
(-2.074451e-05 -7.310109e-05 0)
(-1.281247e-05 -7.585073e-05 0)
(-4.335283e-06 -7.724207e-05 0)
(-5.15768e-06 8.668327e-05 0)
(-1.518046e-05 8.482104e-05 0)
(-2.440402e-05 8.12323e-05 0)
(-3.250026e-05 7.638828e-05 0)
(-3.932348e-05 7.07153e-05 0)
(-4.487019e-05 6.459786e-05 0)
(-4.923274e-05 5.834625e-05 0)
(-5.255724e-05 5.218887e-05 0)
(-5.501215e-05 4.627608e-05 0)
(-5.676544e-05 4.069446e-05 0)
(-5.797054e-05 3.548265e-05 0)
(-5.876017e-05 3.064542e-05 0)
(-5.924478e-05 2.616515e-05 0)
(-5.951367e-05 2.201029e-05 0)
(-5.96373e-05 1.814141e-05 0)
(-5.967013e-05 1.451516e-05 0)
(-5.965324e-05 1.10867e-05 0)
(-5.96167e-05 7.811127e-06 0)
(-5.958145e-05 4.644032e-06 0)
(-5.956069e-05 1.541685e-06 0)
(-5.95608e-05 -1.539138e-06 0)
(-5.958177e-05 -4.641474e-06 0)
(-5.961725e-05 -7.80855e-06 0)
(-5.965403e-05 -1.10841e-05 0)
(-5.96712e-05 -1.451253e-05 0)
(-5.963869e-05 -1.813878e-05 0)
(-5.951543e-05 -2.200766e-05 0)
(-5.924697e-05 -2.616257e-05 0)
(-5.876284e-05 -3.064296e-05 0)
(-5.797375e-05 -3.548039e-05 0)
(-5.676924e-05 -4.069253e-05 0)
(-5.501655e-05 -4.627465e-05 0)
(-5.256222e-05 -5.218814e-05 0)
(-4.92382e-05 -5.834646e-05 0)
(-4.487594e-05 -6.459925e-05 0)
(-3.932922e-05 -7.071809e-05 0)
(-3.250557e-05 -7.639261e-05 0)
(-2.440839e-05 -8.123813e-05 0)
(-1.518337e-05 -8.482811e-05 0)
(-5.158709e-06 -8.669108e-05 0)
(-6.267461e-06 9.802707e-05 0)
(-1.833201e-05 9.543752e-05 0)
(-2.917403e-05 9.062339e-05 0)
(-3.838918e-05 8.430478e-05 0)
(-4.58547e-05 7.711252e-05 0)
(-5.164681e-05 6.957203e-05 0)
(-5.595669e-05 6.207579e-05 0)
(-5.902762e-05 5.488367e-05 0)
(-6.111092e-05 4.81446e-05 0)
(-6.243705e-05 4.192586e-05 0)
(-6.320353e-05 3.623883e-05 0)
(-6.357205e-05 3.105952e-05 0)
(-6.367071e-05 2.634337e-05 0)
(-6.359855e-05 2.203543e-05 0)
(-6.343057e-05 1.807675e-05 0)
(-6.322258e-05 1.440812e-05 0)
(-6.301526e-05 1.097201e-05 0)
(-6.283754e-05 7.71328e-06 0)
(-6.270906e-05 4.579238e-06 0)
(-6.264197e-05 1.519157e-06 0)
(-6.264207e-05 -1.516409e-06 0)
(-6.270936e-05 -4.57647e-06 0)
(-6.283805e-05 -7.710473e-06 0)
(-6.301602e-05 -1.096915e-05 0)
(-6.322361e-05 -1.44052e-05 0)
(-6.343194e-05 -1.807376e-05 0)
(-6.360032e-05 -2.203239e-05 0)
(-6.367295e-05 -2.63403e-05 0)
(-6.357485e-05 -3.105649e-05 0)
(-6.3207e-05 -3.623594e-05 0)
(-6.244126e-05 -4.192323e-05 0)
(-6.111593e-05 -4.814245e-05 0)
(-5.903347e-05 -5.488226e-05 0)
(-5.59633e-05 -6.207544e-05 0)
(-5.165401e-05 -6.957312e-05 0)
(-4.586211e-05 -7.711542e-05 0)
(-3.839626e-05 -8.430978e-05 0)
(-2.918004e-05 -9.063055e-05 0)
(-1.833612e-05 -9.544658e-05 0)
(-6.268938e-06 -9.803731e-05 0)
(-7.827151e-06 0.0001119629 0)
(-2.266408e-05 0.0001081816 0)
(-3.553677e-05 0.0001015261 0)
(-4.601112e-05 9.311136e-05 0)
(-5.405624e-05 8.387156e-05 0)
(-5.990692e-05 7.451401e-05 0)
(-6.392109e-05 6.55119e-05 0)
(-6.648844e-05 5.713319e-05 0)
(-6.796997e-05 4.949801e-05 0)
(-6.867121e-05 4.262883e-05 0)
(-6.883688e-05 3.648932e-05 0)
(-6.865563e-05 3.101161e-05 0)
(-6.826886e-05 2.611403e-05 0)
(-6.778028e-05 2.171168e-05 0)
(-6.726461e-05 1.772227e-05 0)
(-6.677487e-05 1.406875e-05 0)
(-6.634808e-05 1.068005e-05 0)
(-6.600947e-05 7.490822e-06 0)
(-6.577558e-05 4.440517e-06 0)
(-6.565634e-05 1.472124e-06 0)
(-6.565642e-05 -1.469196e-06 0)
(-6.577583e-05 -4.437557e-06 0)
(-6.600992e-05 -7.4878e-06 0)
(-6.634876e-05 -1.067694e-05 0)
(-6.677582e-05 -1.406552e-05 0)
(-6.726589e-05 -1.771892e-05 0)
(-6.778197e-05 -2.170819e-05 0)
(-6.827107e-05 -2.611042e-05 0)
(-6.865848e-05 -3.100793e-05 0)
(-6.88405e-05 -3.648565e-05 0)
(-6.867575e-05 -4.262532e-05 0)
(-6.797558e-05 -4.949488e-05 0)
(-6.649522e-05 -5.713077e-05 0)
(-6.392905e-05 -6.551062e-05 0)
(-5.991592e-05 -7.451443e-05 0)
(-5.406588e-05 -8.387429e-05 0)
(-4.60207e-05 -9.311695e-05 0)
(-3.554522e-05 -0.0001015349 0)
(-2.267008e-05 -0.0001081933 0)
(-7.829371e-06 -0.0001119766 0)
(-1.014e-05 0.0001295909 0)
(-2.886004e-05 0.000123713 0)
(-4.424426e-05 0.0001142143 0)
(-5.604372e-05 0.0001027759 0)
(-6.445204e-05 9.077337e-05 0)
(-7.000648e-05 7.912403e-05 0)
(-7.333751e-05 6.834152e-05 0)
(-7.504151e-05 5.865014e-05 0)
(-7.561527e-05 5.009199e-05 0)
(-7.544575e-05 4.260584e-05 0)
(-7.482075e-05 3.607996e-05 0)
(-7.394734e-05 3.038457e-05 0)
(-7.297065e-05 2.538994e-05 0)
(-7.199031e-05 2.097529e-05 0)
(-7.10735e-05 1.703213e-05 0)
(-7.026481e-05 1.346466e-05 0)
(-6.959319e-05 1.018864e-05 0)
(-6.907707e-05 7.129435e-06 0)
(-6.872776e-05 4.219867e-06 0)
(-6.855168e-05 1.398012e-06 0)
(-6.855175e-05 -1.394935e-06 0)
(-6.872796e-05 -4.216746e-06 0)
(-6.907743e-05 -7.126226e-06 0)
(-6.959374e-05 -1.01853e-05 0)
(-7.02656e-05 -1.346115e-05 0)
(-7.107461e-05 -1.702841e-05 0)
(-7.199182e-05 -2.097134e-05 0)
(-7.29727e-05 -2.538575e-05 0)
(-7.395008e-05 -3.038014e-05 0)
(-7.482438e-05 -3.607537e-05 0)
(-7.545049e-05 -4.260121e-05 0)
(-7.562138e-05 -5.008755e-05 0)
(-7.504921e-05 -5.864627e-05 0)
(-7.334697e-05 -6.833878e-05 0)
(-7.001767e-05 -7.912318e-05 0)
(-6.446463e-05 -9.077538e-05 0)
(-5.605684e-05 -0.0001027818 0)
(-4.425642e-05 -0.0001142249 0)
(-2.886918e-05 -0.0001237284 0)
(-1.014353e-05 -0.0001296101 0)
(-1.381061e-05 0.0001527429 0)
(-3.814626e-05 0.0001428906 0)
(-5.647396e-05 0.0001289063 0)
(-6.945208e-05 0.0001130637 0)
(-7.770807e-05 9.737613e-05 0)
(-8.233877e-05 8.29074e-05 0)
(-8.439499e-05 7.010493e-05 0)
(-8.473797e-05 5.90478e-05 0)
(-8.401427e-05 4.962115e-05 0)
(-8.268323e-05 4.162597e-05 0)
(-8.105815e-05 3.484155e-05 0)
(-7.934565e-05 2.905742e-05 0)
(-7.767814e-05 2.408626e-05 0)
(-7.61381e-05 1.976759e-05 0)
(-7.477524e-05 1.596625e-05 0)
(-7.361836e-05 1.256899e-05 0)
(-7.268331e-05 9.480256e-06 0)
(-7.197825e-05 6.618279e-06 0)
(-7.1507e-05 3.911418e-06 0)
(-7.127114e-05 1.294962e-06 0)
(-7.127118e-05 -1.29178e-06 0)
(-7.150713e-05 -3.908179e-06 0)
(-7.197848e-05 -6.614925e-06 0)
(-7.268368e-05 -9.47673e-06 0)
(-7.361893e-05 -1.256523e-05 0)
(-7.477608e-05 -1.59622e-05 0)
(-7.613931e-05 -1.976318e-05 0)
(-7.767987e-05 -2.408146e-05 0)
(-7.93481e-05 -2.905219e-05 0)
(-8.106157e-05 -3.483591e-05 0)
(-8.268793e-05 -4.162e-05 0)
(-8.402064e-05 -4.961504e-05 0)
(-8.474644e-05 -5.904194e-05 0)
(-8.440596e-05 -7.009996e-05 0)
(-8.235252e-05 -8.290434e-05 0)
(-7.772446e-05 -9.737641e-05 0)
(-6.947026e-05 -0.0001130691 0)
(-5.649189e-05 -0.0001289187 0)
(-3.816085e-05 -0.0001429108 0)
(-1.381665e-05 -0.0001527708 0)
(-2.01166e-05 0.0001847321 0)
(-5.282102e-05 0.0001667172 0)
(-7.407122e-05 0.0001455564 0)
(-8.75739e-05 0.0001233356 0)
(-9.460833e-05 0.0001028648 0)
(-9.727768e-05 8.508668e-05 0)
(-9.719711e-05 7.015525e-05 0)
(-9.552528e-05 5.782988e-05 0)
(-9.30371e-05 4.772477e-05 0)
(-9.022535e-05 3.943735e-05 0)
(-8.738931e-05 3.260377e-05 0)
(-8.470262e-05 2.691757e-05 0)
(-8.226048e-05 2.212994e-05 0)
(-8.011031e-05 1.804208e-05 0)
(-7.82721e-05 1.449577e-05 0)
(-7.675081e-05 1.136428e-05 0)
(-7.55439e-05 8.544721e-06 0)
(-7.464591e-05 5.951721e-06 0)
(-7.405107e-05 3.512395e-06 0)
(-7.375488e-05 1.162142e-06 0)
(-7.375489e-05 -1.158911e-06 0)
(-7.40511e-05 -3.509096e-06 0)
(-7.464598e-05 -5.948281e-06 0)
(-7.554404e-05 -8.541066e-06 0)
(-7.675107e-05 -1.136033e-05 0)
(-7.827256e-05 -1.449143e-05 0)
(-8.011108e-05 -1.803727e-05 0)
(-8.22617e-05 -2.212456e-05 0)
(-8.470453e-05 -2.691153e-05 0)
(-8.739219e-05 -3.259699e-05 0)
(-9.022963e-05 -3.942983e-05 0)
(-9.304332e-05 -4.77166e-05 0)
(-9.553413e-05 -5.782136e-05 0)
(-9.720937e-05 -7.014705e-05 0)
(-9.729413e-05 -8.507999e-05 0)
(-9.462942e-05 -0.0001028616 0)
(-8.759916e-05 -0.0001233389 0)
(-7.409817e-05 -0.0001455698 0)
(-5.284558e-05 -0.0001667433 0)
(-2.012784e-05 -0.000184774 0)
(-3.197558e-05 0.0002304783 0)
(-7.747229e-05 0.0001958596 0)
(-9.985552e-05 0.0001633326 0)
(-0.0001121437 0.0001321812 0)
(-0.000115957 0.0001058301 0)
(-0.0001150483 8.450116e-05 0)
(-0.0001116518 6.763219e-05 0)
(-0.0001071684 5.440174e-05 0)
(-0.0001024068 4.401396e-05 0)
(-9.780423e-05 3.579577e-05 0)
(-9.357793e-05 2.921804e-05 0)
(-8.981949e-05 2.387779e-05 0)
(-8.655364e-05 1.947217e-05 0)
(-8.377226e-05 1.57735e-05 0)
(-8.145304e-05 1.260924e-05 0)
(-7.956941e-05 9.846736e-06 0)
(-7.809587e-05 7.381956e-06 0)
(-7.701057e-05 5.131046e-06 0)
(-7.629658e-05 3.024048e-06 0)
(-7.594245e-05 1.000039e-06 0)
(-7.594242e-05 -9.968288e-07 0)
(-7.62965e-05 -3.020759e-06 0)
(-7.701045e-05 -5.127595e-06 0)
(-7.809573e-05 -7.378254e-06 0)
(-7.95693e-05 -9.842682e-06 0)
(-8.145301e-05 -1.260472e-05 0)
(-8.377243e-05 -1.576838e-05 0)
(-8.655414e-05 -1.94663e-05 0)
(-8.982054e-05 -2.3871e-05 0)
(-9.357987e-05 -2.921014e-05 0)
(-9.780754e-05 -3.578659e-05 0)
(-0.0001024122 -4.400342e-05 0)
(-0.0001071769 -5.438991e-05 0)
(-0.0001116646 -6.761953e-05 0)
(-0.0001150671 -8.448885e-05 0)
(-0.0001159834 -0.0001058206 0)
(-0.0001121784 -0.0001321788 0)
(-9.989636e-05 -0.0001633445 0)
(-7.751516e-05 -0.0001958921 0)
(-3.199764e-05 -0.0002305522 0)
(-5.492187e-05 0.0003116002 0)
(-0.0001201548 0.0002308702 0)
(-0.0001377495 0.0001801757 0)
(-0.0001450765 0.0001369554 0)
(-0.0001422884 0.0001040342 0)
(-0.0001354756 7.953716e-05 0)
(-0.0001272965 6.148971e-05 0)
(-0.0001191435 4.813626e-05 0)
(-0.0001116431 3.813192e-05 0)
(-0.0001050213 3.050921e-05 0)
(-9.930728e-05 2.458938e-05 0)
(-9.444849e-05 1.989857e-05 0)
(-9.036477e-05 1.610374e-05 0)
(-8.697325e-05 1.29678e-05 0)
(-8.419887e-05 1.031901e-05 0)
(-8.197809e-05 8.03013e-06 0)
(-8.025959e-05 6.004425e-06 0)
(-7.900382e-05 4.165885e-06 0)
(-7.818208e-05 2.452396e-06 0)
(-7.777576e-05 8.106918e-07 0)
(-7.777568e-05 -8.075818e-07 0)
(-7.818187e-05 -2.449201e-06 0)
(-7.900347e-05 -4.162513e-06 0)
(-8.025913e-05 -6.000776e-06 0)
(-8.197753e-05 -8.026088e-06 0)
(-8.419827e-05 -1.031443e-05 0)
(-8.697267e-05 -1.296253e-05 0)
(-9.036432e-05 -1.609754e-05 0)
(-9.444836e-05 -1.98912e-05 0)
(-9.930779e-05 -2.458052e-05 0)
(-0.0001050229 -3.049848e-05 0)
(-0.0001116466 -3.811893e-05 0)
(-0.0001191502 -4.812066e-05 0)
(-0.0001273083 -6.147145e-05 0)
(-0.0001354952 -7.951689e-05 0)
(-0.0001423194 -0.0001040142 0)
(-0.0001451231 -0.000136941 0)
(-0.0001378116 -0.0001801794 0)
(-0.0001202402 -0.0002309034 0)
(-5.497638e-05 -0.0003116944 0)
(-0.0001129531 0.0003707785 0)
(-0.0002091499 0.0002502806 0)
(-0.0001937693 0.0001857868 0)
(-0.0001882849 0.0001313438 0)
(-0.0001733751 9.369256e-05 0)
(-0.0001575927 6.810507e-05 0)
(-0.0001430525 5.064339e-05 0)
(-0.0001305261 3.850397e-05 0)
(-0.0001200337 2.984758e-05 0)
(-0.0001113466 2.350188e-05 0)
(-0.0001041884 1.871872e-05 0)
(-9.830496e-05 1.50146e-05 0)
(-9.348423e-05 1.207064e-05 0)
(-8.955682e-05 9.671228e-06 0)
(-8.639053e-05 7.666422e-06 0)
(-8.388381e-05 5.948777e-06 0)
(-8.195994e-05 4.438716e-06 0)
(-8.056242e-05 3.075052e-06 0)
(-7.965159e-05 1.808627e-06 0)
(-7.920225e-05 5.978134e-07 0)
(-7.920213e-05 -5.948739e-07 0)
(-7.965125e-05 -1.805599e-06 0)
(-8.056184e-05 -3.071842e-06 0)
(-8.195913e-05 -4.435217e-06 0)
(-8.388277e-05 -5.944862e-06 0)
(-8.638927e-05 -7.661934e-06 0)
(-8.955536e-05 -9.665965e-06 0)
(-9.348263e-05 -1.206434e-05 0)
(-9.830334e-05 -1.50069e-05 0)
(-0.000104187 -1.870916e-05 0)
(-0.0001113458 -2.348982e-05 0)
(-0.0001200342 -2.983217e-05 0)
(-0.0001305292 -3.848417e-05 0)
(-0.0001430606 -5.0618e-05 0)
(-0.0001576096 -6.8073e-05 0)
(-0.0001734073 -9.365373e-05 0)
(-0.0001883435 -0.0001313009 0)
(-0.0001938595 -0.0001857567 0)
(-0.0002092773 -0.00025025 0)
(-0.0001130412 -0.0003710486 0)
(-0.0001754704 0.0007996017 0)
(-0.0003049918 0.00030692 0)
(-0.0002561233 0.0001996693 0)
(-0.0002365677 0.0001164014 0)
(-0.0002049041 7.316404e-05 0)
(-0.0001778915 4.889613e-05 0)
(-0.0001562585 3.444783e-05 0)
(-0.0001392967 2.53062e-05 0)
(-0.0001260002 1.919004e-05 0)
(-0.0001155036 1.489343e-05 0)
(-0.0001071469 1.174643e-05 0)
(-0.000100448 9.357263e-06 0)
(-9.505891e-05 7.485158e-06 0)
(-9.07277e-05 5.975251e-06 0)
(-8.72711e-05 4.72366e-06 0)
(-8.455519e-05 3.657891e-06 0)
(-8.248238e-05 2.725324e-06 0)
(-8.098267e-05 1.886132e-06 0)
(-8.00078e-05 1.108702e-06 0)
(-7.952747e-05 3.665028e-07 0)
(-7.952705e-05 -3.642226e-07 0)
(-8.000653e-05 -1.10635e-06 0)
(-8.09805e-05 -1.883631e-06 0)
(-8.247926e-05 -2.722585e-06 0)
(-8.455102e-05 -3.654807e-06 0)
(-8.726576e-05 -4.720096e-06 0)
(-9.072101e-05 -5.971028e-06 0)
(-9.505064e-05 -7.480032e-06 0)
(-0.0001004379 -9.350898e-06 0)
(-0.0001071345 -1.173835e-05 0)
(-0.0001154886 -1.488296e-05 0)
(-0.0001259821 -1.917626e-05 0)
(-0.0001392748 -2.52879e-05 0)
(-0.0001562324 -3.442375e-05 0)
(-0.0001778604 -4.886593e-05 0)
(-0.0002048664 -7.313178e-05 0)
(-0.000236525 -0.0001163732 0)
(-0.0002560199 -0.0001997024 0)
(-0.0003050043 -0.0003070944 0)
(-0.0001750431 -0.0007999618 0)
(0.0009906486 0.0006118311 0)
(0.0007887134 0.0001817951 0)
(0.001213768 0.0001079565 0)
(0.001283381 5.404671e-05 0)
(0.001357268 3.029308e-05 0)
(0.001401836 1.866474e-05 0)
(0.001431497 1.249614e-05 0)
(0.00145235 8.913791e-06 0)
(0.001467682 6.648438e-06 0)
(0.001479333 5.110699e-06 0)
(0.001488395 4.00721e-06 0)
(0.00149555 3.179918e-06 0)
(0.001501248 2.536967e-06 0)
(0.001505794 2.021361e-06 0)
(0.001509403 1.59575e-06 0)
(0.001512227 1.234474e-06 0)
(0.001514377 9.191139e-07 0)
(0.001515929 6.358429e-07 0)
(0.001516937 3.737539e-07 0)
(0.001517433 1.237354e-07 0)
(0.001517434 -1.223481e-07 0)
(0.00151694 -3.723219e-07 0)
(0.001515934 -6.343183e-07 0)
(0.001514384 -9.174412e-07 0)
(0.001512237 -1.232585e-06 0)
(0.001509415 -1.593557e-06 0)
(0.00150581 -2.018747e-06 0)
(0.001501268 -2.533768e-06 0)
(0.001495575 -3.175898e-06 0)
(0.001488426 -4.002017e-06 0)
(0.001479373 -5.103797e-06 0)
(0.001467732 -6.638985e-06 0)
(0.001452414 -8.900452e-06 0)
(0.00143158 -1.247681e-05 0)
(0.001401943 -1.863618e-05 0)
(0.001357414 -3.02511e-05 0)
(0.001283509 -5.397497e-05 0)
(0.001214093 -0.0001078956 0)
(0.0007887672 -0.0001816486 0)
(0.0009909506 -0.0006116711 0)
)
;

boundaryField
{
    movingWall
    {
        type            fixedValue;
        value           uniform (1 0 0);
    }
    fixedWalls
    {
        type            fixedValue;
        value           uniform (0 0 0);
    }
    frontAndBack
    {
        type            empty;
    }
}


// ************************************************************************* //
