/*--------------------------------*- C++ -*----------------------------------*\
| =========                 |                                                 |
| \\      /  F ield         | OpenFOAM: The Open Source CFD Toolbox           |
|  \\    /   O peration     | Version:  2412                                  |
|   \\  /    A nd           | Website:  www.openfoam.com                      |
|    \\/     M anipulation  |                                                 |
\*---------------------------------------------------------------------------*/
FoamFile
{
    version     2.0;
    format      ascii;
    arch        "LSB;label=32;scalar=64";
    class       volVectorField;
    location    "0.05";
    object      vorticity;
}
// * * * * * * * * * * * * * * * * * * * * * * * * * * * * * * * * * * * * * //

dimensions      [0 0 -1 0 0 0 0];

internalField   nonuniform List<vector> 
1600
(
(0 -0 4.373666e-05)
(0 -0 6.549499e-05)
(0 -0 0.000108698)
(0 -0 0.0001512098)
(0 -0 0.0001927497)
(0 -0 0.0002330544)
(0 -0 0.0002718705)
(0 -0 0.0003089569)
(0 -0 0.000344086)
(0 -0 0.0003770454)
(0 -0 0.0004076383)
(0 -0 0.0004356852)
(0 -0 0.0004610237)
(0 -0 0.0004835096)
(0 -0 0.0005030168)
(0 -0 0.0005194371)
(0 -0 0.0005326809)
(0 -0 0.0005426761)
(0 -0 0.0005493696)
(0 -0 0.0005527251)
(0 -0 0.0005527255)
(0 -0 0.0005493702)
(0 -0 0.0005426772)
(0 -0 0.0005326824)
(0 -0 0.0005194391)
(0 -0 0.0005030192)
(0 -0 0.0004835123)
(0 -0 0.0004610268)
(0 -0 0.0004356884)
(0 -0 0.0004076414)
(0 -0 0.0003770487)
(0 -0 0.0003440893)
(0 -0 0.00030896)
(0 -0 0.0002718733)
(0 -0 0.0002330569)
(0 -0 0.0001927519)
(0 -0 0.0001512115)
(0 -0 0.0001086993)
(0 -0 6.549578e-05)
(0 -0 4.373719e-05)
(0 -0 6.576902e-05)
(0 -0 5.356e-08)
(0 -0 4.436e-08)
(0 -0 6.168e-08)
(0 -0 7.866e-08)
(0 -0 9.506e-08)
(0 -0 1.109e-07)
(0 -0 1.26e-07)
(0 -0 1.4036e-07)
(0 -0 1.5382e-07)
(0 -0 1.6622e-07)
(0 -0 1.77544e-07)
(0 -0 1.88168e-07)
(0 -0 1.97194e-07)
(0 -0 2.05176e-07)
(0 -0 2.11894e-07)
(0 -0 2.17228e-07)
(0 -0 2.21422e-07)
(0 -0 2.239234e-07)
(0 -0 2.256044e-07)
(0 -0 2.253946e-07)
(0 -0 2.240956e-07)
(0 -0 2.21376e-07)
(0 -0 2.17364e-07)
(0 -0 2.12014e-07)
(0 -0 2.05284e-07)
(0 -0 1.97292e-07)
(0 -0 1.88058e-07)
(0 -0 1.77628e-07)
(0 -0 1.663e-07)
(0 -0 1.538e-07)
(0 -0 1.4034e-07)
(0 -0 1.2604e-07)
(0 -0 1.109e-07)
(0 -0 9.506e-08)
(0 -0 7.86e-08)
(0 -0 6.168e-08)
(0 -0 4.436e-08)
(0 -0 5.354e-08)
(0 -0 6.576983e-05)
(0 -0 0.0001100959)
(0 -0 4.492e-08)
(0 -0 2e-11)
(0 -0 1.355253e-20)
(0 -0 -1.312901e-20)
(0 -0 2e-11)
(0 -0 4e-11)
(0 -0 4e-11)
(0 -0 4e-11)
(0 -0 4e-11)
(0 -0 4e-11)
(0 -0 1e-10)
(0 -0 8e-11)
(0 -0 4e-11)
(0 -0 -2.8e-11)
(0 -0 -2.6e-11)
(0 -0 -8e-12)
(0 -0 1.3e-10)
(0 -0 8.4e-11)
(0 -0 1.4e-11)
(0 -0 -2e-12)
(0 -0 3.6e-11)
(0 -0 5.2e-11)
(0 -0 8.4e-11)
(0 -0 4.2e-11)
(0 -0 2.2e-11)
(0 -0 6e-11)
(0 -0 8e-11)
(0 -0 1e-10)
(0 -0 4e-11)
(0 -0 6e-11)
(0 -0 2e-11)
(0 -0 4e-11)
(0 -0 4e-11)
(0 -0 2e-11)
(0 -0 1.312901e-20)
(0 -0 -2.668154e-20)
(0 -0 2e-11)
(0 -0 4.494e-08)
(0 -0 0.0001100973)
(0 -0 0.0001551437)
(0 -0 6.328e-08)
(0 -0 2e-11)
(0 -0 2e-11)
(0 -0 -2e-11)
(0 -0 2e-11)
(0 -0 2e-11)
(0 -0 0)
(0 -0 6.606857e-20)
(0 -0 2e-11)
(0 -0 1e-10)
(0 -0 1.8e-10)
(0 -0 1.355253e-20)
(0 -0 1.4e-10)
(0 -0 1e-10)
(0 -0 2e-11)
(0 -0 4.8e-11)
(0 -0 2.8e-11)
(0 -0 6.4e-11)
(0 -0 -2.6e-11)
(0 -0 1.52e-10)
(0 -0 -4e-12)
(0 -0 -8.4e-11)
(0 -0 -9.8e-11)
(0 -0 4e-11)
(0 -0 -1.2e-10)
(0 -0 -1.2e-10)
(0 -0 -8e-11)
(0 -0 8e-11)
(0 -0 1.355253e-20)
(0 -0 -6e-11)
(0 -0 6.606857e-20)
(0 -0 2.710505e-20)
(0 -0 2e-11)
(0 -0 2e-11)
(0 -0 2.625802e-20)
(0 -0 -2e-11)
(0 -0 2e-11)
(0 -0 6.33e-08)
(0 -0 0.0001551456)
(0 -0 0.0002011971)
(0 -0 8.208e-08)
(0 -0 4e-11)
(0 -0 2.710505e-20)
(0 -0 0)
(0 -0 2e-11)
(0 -0 -2e-11)
(0 -0 2.710505e-20)
(0 -0 -2.710505e-20)
(0 -0 1e-10)
(0 -0 2e-11)
(0 -0 -1.2e-10)
(0 -0 7.96211e-20)
(0 -0 4e-11)
(0 -0 8e-11)
(0 -0 -2e-11)
(0 -0 -6.6e-11)
(0 -0 5.4e-11)
(0 -0 -4e-11)
(0 -0 5.8e-11)
(0 -0 2.8e-11)
(0 -0 -1.3e-10)
(0 -0 9.8e-11)
(0 -0 -6.2e-11)
(0 -0 1.4e-10)
(0 -0 -2e-11)
(0 -0 1e-10)
(0 -0 -1.6e-10)
(0 -0 -8e-11)
(0 -0 2e-11)
(0 -0 -4e-11)
(0 -0 1.321371e-19)
(0 -0 2.710505e-20)
(0 -0 -5.251604e-20)
(0 -0 -5.336308e-20)
(0 -0 -2.625802e-20)
(0 -0 5.251604e-20)
(0 -0 2e-11)
(0 -0 8.206e-08)
(0 -0 0.0002011997)
(0 -0 0.000248559)
(0 -0 1.0138e-07)
(0 -0 2e-11)
(0 -0 -2e-11)
(0 -0 2e-11)
(0 -0 2e-11)
(0 -0 -2e-11)
(0 -0 -2e-11)
(0 -0 7.96211e-20)
(0 -0 -8e-11)
(0 -0 4e-11)
(0 -0 -2.710505e-20)
(0 -0 -1.4e-10)
(0 -0 -8e-11)
(0 -0 -1.8e-10)
(0 -0 -1e-10)
(0 -0 4e-11)
(0 -0 -1.28e-10)
(0 -0 4.2e-11)
(0 -0 5.2e-11)
(0 -0 1.2e-11)
(0 -0 1.36e-10)
(0 -0 8.6e-11)
(0 -0 -2e-11)
(0 -0 -2e-11)
(0 -0 4e-11)
(0 -0 1.2e-10)
(0 -0 2e-11)
(0 -0 -1e-10)
(0 -0 1.2e-10)
(0 -0 -2.710505e-20)
(0 -0 2e-11)
(0 -0 -2e-11)
(0 -0 -2e-11)
(0 -0 2.541099e-20)
(0 -0 0)
(0 -0 2.625802e-20)
(0 -0 2e-11)
(0 -0 1.014e-07)
(0 -0 0.0002485623)
(0 -0 0.0002975437)
(0 -0 1.2138e-07)
(0 -0 4e-11)
(0 -0 0)
(0 -0 2.541099e-20)
(0 -0 -2e-11)
(0 -0 0)
(0 -0 -2.541099e-20)
(0 -0 6e-11)
(0 -0 -8e-11)
(0 -0 4e-11)
(0 -0 0)
(0 -0 -1.863472e-19)
(0 -0 1.321371e-19)
(0 -0 -4e-11)
(0 -0 1e-10)
(0 -0 -3.726945e-20)
(0 -0 -2.2e-11)
(0 -0 -1.14e-10)
(0 -0 6e-11)
(0 -0 1.2e-11)
(0 -0 1.42e-10)
(0 -0 -5.8e-11)
(0 -0 1e-10)
(0 -0 -8e-11)
(0 -0 1e-10)
(0 -0 -1.2e-10)
(0 -0 4e-11)
(0 -0 1.050321e-19)
(0 -0 7.792703e-20)
(0 -0 8e-11)
(0 -0 -4e-11)
(0 -0 -2e-11)
(0 -0 0)
(0 -0 -5.421011e-20)
(0 -0 -2.710505e-20)
(0 -0 2e-11)
(0 -0 4e-11)
(0 -0 1.2138e-07)
(0 -0 0.0002975478)
(0 -0 0.000348481)
(0 -0 1.4216e-07)
(0 -0 4e-11)
(0 -0 2e-11)
(0 -0 2.710505e-20)
(0 -0 5.251604e-20)
(0 -0 1.050321e-19)
(0 -0 2e-11)
(0 -0 8e-11)
(0 -0 1e-10)
(0 -0 -1.6e-10)
(0 -0 -2e-11)
(0 -0 -4e-11)
(0 -0 -1.2e-10)
(0 -0 1.2e-10)
(0 -0 3.726945e-20)
(0 -0 -1.4e-10)
(0 -0 9.8e-11)
(0 -0 3.2e-11)
(0 -0 -1.42e-10)
(0 -0 -9.825582e-20)
(0 -0 -1.36e-10)
(0 -0 2.8e-11)
(0 -0 8e-11)
(0 -0 -8e-11)
(0 -0 -4e-11)
(0 -0 6e-11)
(0 -0 8e-11)
(0 -0 6e-11)
(0 -0 -1.4e-10)
(0 -0 1.2e-10)
(0 -0 -2e-11)
(0 -0 0)
(0 -0 -1.592422e-19)
(0 -0 -2e-11)
(0 -0 7.96211e-20)
(0 -0 2.541099e-20)
(0 -0 4e-11)
(0 -0 1.4218e-07)
(0 -0 0.000348486)
(0 -0 0.0004017194)
(0 -0 1.6386e-07)
(0 -0 4e-11)
(0 -0 2e-11)
(0 -0 -1.050321e-19)
(0 -0 0)
(0 -0 -5.421011e-20)
(0 -0 6e-11)
(0 -0 -1.4e-10)
(0 -0 6e-11)
(0 -0 -1.6e-10)
(0 -0 -4e-11)
(0 -0 -1.6e-10)
(0 -0 8e-11)
(0 -0 2.710505e-20)
(0 -0 -1e-10)
(0 -0 8e-11)
(0 -0 -1e-10)
(0 -0 7.6e-11)
(0 -0 -1.1e-10)
(0 -0 2.4e-11)
(0 -0 -1.1e-10)
(0 -0 -2e-11)
(0 -0 2e-11)
(0 -0 -6e-11)
(0 -0 -6e-11)
(0 -0 1.2e-10)
(0 -0 2e-11)
(0 -0 8e-11)
(0 -0 1.2e-10)
(0 -0 -8e-11)
(0 -0 -6e-11)
(0 -0 2e-11)
(0 -0 -2e-11)
(0 -0 2e-11)
(0 -0 2.710505e-20)
(0 -0 0)
(0 -0 4e-11)
(0 -0 1.6386e-07)
(0 -0 0.0004017254)
(0 -0 0.0004576303)
(0 -0 1.8668e-07)
(0 -0 4e-11)
(0 -0 4e-11)
(0 -0 4e-11)
(0 -0 -2e-11)
(0 -0 -2e-11)
(0 -0 6e-11)
(0 -0 -4e-11)
(0 -0 -1e-10)
(0 -0 1.6e-10)
(0 -0 4e-11)
(0 -0 -4e-11)
(0 -0 1.4e-10)
(0 -0 -8e-11)
(0 -0 1.2e-10)
(0 -0 7.45389e-20)
(0 -0 -8e-11)
(0 -0 -1.66e-10)
(0 -0 1.38e-10)
(0 -0 -1.34e-10)
(0 -0 2e-12)
(0 -0 -6e-11)
(0 -0 8e-11)
(0 -0 6e-11)
(0 -0 1.2e-10)
(0 -0 -1.6e-10)
(0 -0 -2.710505e-20)
(0 -0 -2e-11)
(0 -0 6e-11)
(0 -0 -3.184844e-19)
(0 -0 6e-11)
(0 -0 4e-11)
(0 -0 6e-11)
(0 -0 8e-11)
(0 -0 2e-11)
(0 -0 -1.2e-10)
(0 -0 -1e-10)
(0 -0 1.8678e-07)
(0 -0 0.0004576376)
(0 -0 0.0005166128)
(0 -0 2.109e-07)
(0 -0 -4e-11)
(0 -0 -4e-11)
(0 -0 -2e-11)
(0 -0 -8e-11)
(0 -0 5.082198e-20)
(0 -0 0)
(0 -0 4e-11)
(0 -0 -8e-11)
(0 -0 1.6e-10)
(0 -0 6e-11)
(0 -0 8e-11)
(0 -0 -1.6e-10)
(0 -0 -6e-11)
(0 -0 2e-11)
(0 -0 6e-11)
(0 -0 6e-11)
(0 -0 -5.2e-11)
(0 -0 1.3e-10)
(0 -0 -1.68e-10)
(0 -0 7e-11)
(0 -0 2e-11)
(0 -0 4e-11)
(0 -0 6e-11)
(0 -0 2e-11)
(0 -0 -2e-11)
(0 -0 -6e-11)
(0 -0 2e-11)
(0 -0 -1.4e-10)
(0 -0 -1.084202e-19)
(0 -0 4e-11)
(0 -0 6e-11)
(0 -0 2e-11)
(0 -0 -2e-11)
(0 -0 1.2e-10)
(0 -0 1.2e-10)
(0 -0 -8e-11)
(0 -0 2.1064e-07)
(0 -0 0.0005166215)
(0 -0 0.0005790997)
(0 -0 2.363e-07)
(0 -0 -2e-11)
(0 -0 -1.2e-10)
(0 -0 2e-11)
(0 -0 1e-10)
(0 -0 4e-11)
(0 -0 -1.592422e-19)
(0 -0 1.592422e-19)
(0 -0 -1.2e-10)
(0 -0 5.421011e-20)
(0 -0 -1.8e-10)
(0 -0 1e-10)
(0 -0 -6e-11)
(0 -0 1.8e-10)
(0 -0 -6e-11)
(0 -0 6e-11)
(0 -0 6e-11)
(0 -0 8.6e-11)
(0 -0 -9.2e-11)
(0 -0 1.4e-11)
(0 -0 1.72e-10)
(0 -0 1.4e-10)
(0 -0 -4e-11)
(0 -0 4e-11)
(0 -0 -1.2e-10)
(0 -0 1e-10)
(0 -0 -4e-11)
(0 -0 -4e-11)
(0 -0 8e-11)
(0 -0 -8e-11)
(0 -0 -2e-10)
(0 -0 1.592422e-19)
(0 -0 1e-10)
(0 -0 -1.592422e-19)
(0 -0 -8e-11)
(0 -0 -2e-11)
(0 -0 6e-11)
(0 -0 2.363e-07)
(0 -0 0.0005791099)
(0 -0 0.000645564)
(0 -0 2.6332e-07)
(0 -0 -2e-11)
(0 -0 -8e-11)
(0 -0 4e-11)
(0 -0 -2e-11)
(0 -0 1.084202e-19)
(0 -0 2.642743e-19)
(0 -0 2e-10)
(0 -0 2e-10)
(0 -0 -1.6e-10)
(0 -0 -6e-11)
(0 -0 -1.558541e-19)
(0 -0 2e-11)
(0 -0 1.084202e-19)
(0 -0 6e-11)
(0 -0 -8e-11)
(0 -0 -8e-11)
(0 -0 -4e-11)
(0 -0 -6.6e-11)
(0 -0 2e-11)
(0 -0 6e-12)
(0 -0 1.2e-10)
(0 -0 -1.2e-10)
(0 -0 -2.710505e-20)
(0 -0 -4e-11)
(0 -0 3.726945e-19)
(0 -0 2e-11)
(0 -0 -6e-11)
(0 -0 6e-11)
(0 -0 5.421011e-20)
(0 -0 2e-10)
(0 -0 -2e-10)
(0 -0 1.050321e-19)
(0 -0 1.2e-10)
(0 -0 -2e-11)
(0 -0 2e-11)
(0 -0 2e-10)
(0 -0 2.6324e-07)
(0 -0 0.0006455759)
(0 -0 0.0007165268)
(0 -0 2.922e-07)
(0 -0 2.4e-10)
(0 -0 -1e-10)
(0 -0 -8e-11)
(0 -0 6e-11)
(0 -0 -5.421011e-20)
(0 -0 -2.168404e-19)
(0 -0 -1.084202e-19)
(0 -0 2e-10)
(0 -0 2e-10)
(0 -0 1.4e-10)
(0 -0 -1.6e-10)
(0 -0 6e-11)
(0 -0 -8e-11)
(0 -0 6e-11)
(0 -0 -6e-11)
(0 -0 6e-11)
(0 -0 -3e-11)
(0 -0 -5.4e-11)
(0 -0 1e-11)
(0 -0 -4.6e-11)
(0 -0 -2e-11)
(0 -0 -2.371692e-19)
(0 -0 -1.6e-10)
(0 -0 8e-11)
(0 -0 -2.642743e-19)
(0 -0 1e-10)
(0 -0 1e-10)
(0 -0 -3.726945e-19)
(0 -0 -1.084202e-19)
(0 -0 -2.100642e-19)
(0 -0 5.285486e-19)
(0 -0 -2e-10)
(0 -0 4e-11)
(0 -0 -6e-11)
(0 -0 2e-11)
(0 -0 2e-10)
(0 -0 2.924e-07)
(0 -0 0.000716541)
(0 -0 0.0007925688)
(0 -0 3.233e-07)
(0 -0 8e-11)
(0 -0 -6e-11)
(0 -0 -4e-11)
(0 -0 1.4e-10)
(0 -0 0)
(0 -0 -1.084202e-19)
(0 -0 1.01644e-19)
(0 -0 -2e-10)
(0 -0 1.01644e-19)
(0 -0 1.558541e-19)
(0 -0 -8e-11)
(0 -0 2.2e-10)
(0 -0 8e-11)
(0 -0 -4e-11)
(0 -0 2e-11)
(0 -0 6e-11)
(0 -0 -8e-12)
(0 -0 -3.4e-11)
(0 -0 7.999999e-12)
(0 -0 -8.6e-11)
(0 -0 -1.4e-10)
(0 -0 -6e-11)
(0 -0 5.421011e-20)
(0 -0 2e-11)
(0 -0 1.2e-10)
(0 -0 1.2e-10)
(0 -0 5.421011e-20)
(0 -0 -2e-10)
(0 -0 -1.084202e-19)
(0 -0 0)
(0 -0 -1.084202e-19)
(0 -0 -1.084202e-19)
(0 -0 8e-11)
(0 -0 8e-11)
(0 -0 -6e-11)
(0 -0 6e-11)
(0 -0 3.2342e-07)
(0 -0 0.0007925857)
(0 -0 0.0008743413)
(0 -0 3.5682e-07)
(0 -0 1e-10)
(0 -0 -1e-10)
(0 -0 4e-11)
(0 -0 1.084202e-19)
(0 -0 3.184844e-19)
(0 -0 -2e-10)
(0 -0 -2e-10)
(0 -0 2.168404e-19)
(0 -0 -2.100642e-19)
(0 -0 3.184844e-19)
(0 -0 2e-11)
(0 -0 -6e-11)
(0 -0 -8e-11)
(0 -0 -2.100642e-19)
(0 -0 2.981556e-19)
(0 -0 -2e-11)
(0 -0 3.2e-11)
(0 -0 -3.4e-11)
(0 -0 -1.2e-11)
(0 -0 -1.06e-10)
(0 -0 -1e-10)
(0 -0 -4e-11)
(0 -0 2e-11)
(0 -0 2e-11)
(0 -0 -8e-11)
(0 -0 4e-11)
(0 -0 3.184844e-19)
(0 -0 0)
(0 -0 -2.100642e-19)
(0 -0 1.084202e-19)
(0 -0 -2.100642e-19)
(0 -0 2e-10)
(0 -0 -2e-10)
(0 -0 -4e-11)
(0 -0 2e-10)
(0 -0 1.4e-10)
(0 -0 3.5648e-07)
(0 -0 0.0008743616)
(0 -0 0.0009625837)
(0 -0 3.9256e-07)
(0 -0 1.8e-10)
(0 -0 8e-11)
(0 -0 2e-11)
(0 -0 -2e-10)
(0 -0 -1.01644e-19)
(0 -0 -2.100642e-19)
(0 -0 -3.184844e-19)
(0 -0 -3.184844e-19)
(0 -0 0)
(0 -0 -2.100642e-19)
(0 -0 -5.285486e-19)
(0 -0 6e-11)
(0 -0 8e-11)
(0 -0 8e-11)
(0 -0 2e-11)
(0 -0 1e-10)
(0 -0 1.2e-11)
(0 -0 -7.6e-11)
(0 -0 1.28e-10)
(0 -0 -3.999999e-12)
(0 -0 1e-10)
(0 -0 4e-11)
(0 -0 1e-10)
(0 -0 2e-10)
(0 -0 -4e-11)
(0 -0 -2e-10)
(0 -0 -2e-10)
(0 -0 2.100642e-19)
(0 -0 2e-10)
(0 -0 2e-10)
(0 -0 2.100642e-19)
(0 -0 -2e-10)
(0 -0 -2e-10)
(0 -0 2e-11)
(0 -0 -2e-11)
(0 -0 1e-10)
(0 -0 3.9284e-07)
(0 -0 0.0009626075)
(0 -0 0.001058142)
(0 -0 4.3162e-07)
(0 -0 2e-10)
(0 -0 -6e-11)
(0 -0 -2e-11)
(0 -0 1.01644e-19)
(0 -0 -1.084202e-19)
(0 -0 3.184844e-19)
(0 -0 0)
(0 -0 3.184844e-19)
(0 -0 9.486769e-20)
(0 -0 2.168404e-19)
(0 -0 1.084202e-19)
(0 -0 -6e-11)
(0 -0 2e-11)
(0 -0 -2e-11)
(0 -0 1e-10)
(0 -0 -2e-11)
(0 -0 -1.999999e-12)
(0 -0 7.6e-11)
(0 -0 6.2e-11)
(0 -0 1.24e-10)
(0 -0 6e-11)
(0 -0 -4e-11)
(0 -0 -2e-11)
(0 -0 -6e-11)
(0 -0 -2e-11)
(0 -0 4.201283e-19)
(0 -0 3.117081e-19)
(0 -0 -2e-10)
(0 -0 -2e-10)
(0 -0 2e-10)
(0 -0 3.184844e-19)
(0 -0 -4.201283e-19)
(0 -0 -2.100642e-19)
(0 -0 -1e-10)
(0 -0 -4e-11)
(0 -0 1.2e-10)
(0 -0 4.3174e-07)
(0 -0 0.00105817)
(0 -0 0.001161995)
(0 -0 4.7406e-07)
(0 -0 2.4e-10)
(0 -0 8e-11)
(0 -0 0)
(0 -0 -1.084202e-19)
(0 -0 -2e-10)
(0 -0 -4.201283e-19)
(0 -0 1.084202e-19)
(0 -0 -1.084202e-19)
(0 -0 0)
(0 -0 -1.084202e-19)
(0 -0 -3.117081e-19)
(0 -0 -2e-10)
(0 -0 -4e-11)
(0 -0 -8e-11)
(0 -0 3.523657e-19)
(0 -0 -8e-11)
(0 -0 1.58e-10)
(0 -0 -2.4e-11)
(0 -0 -7.8e-11)
(0 -0 2.4e-11)
(0 -0 -8e-11)
(0 -0 8e-11)
(0 -0 4e-11)
(0 -0 -1.2e-10)
(0 -0 2.168404e-19)
(0 -0 2e-10)
(0 -0 1.084202e-19)
(0 -0 -1.084202e-19)
(0 -0 -2.032879e-19)
(0 -0 -2e-10)
(0 -0 2.100642e-19)
(0 -0 1.084202e-19)
(0 -0 -3.184844e-19)
(0 -0 1.558541e-19)
(0 -0 -1.8e-10)
(0 -0 4e-11)
(0 -0 4.7406e-07)
(0 -0 0.001162029)
(0 -0 0.001275291)
(0 -0 5.2022e-07)
(0 -0 2e-11)
(0 -0 -1.4e-10)
(0 -0 1.01644e-19)
(0 -0 1.084202e-19)
(0 -0 2e-10)
(0 -0 2e-10)
(0 -0 -2.032879e-19)
(0 -0 3.252607e-19)
(0 -0 2e-10)
(0 -0 -2e-10)
(0 -0 0)
(0 -0 2e-10)
(0 -0 4e-11)
(0 -0 -1.4e-10)
(0 -0 1e-10)
(0 -0 2e-11)
(0 -0 -2e-11)
(0 -0 2e-11)
(0 -0 -4e-11)
(0 -0 -2e-11)
(0 -0 -1.2e-10)
(0 -0 -4.336809e-19)
(0 -0 4e-11)
(0 -0 -8e-11)
(0 -0 -6.369688e-19)
(0 -0 2e-10)
(0 -0 2e-10)
(0 -0 -1.084202e-19)
(0 -0 -1.084202e-19)
(0 -0 3.252607e-19)
(0 -0 -4.336809e-19)
(0 -0 -1.01644e-19)
(0 -0 2.100642e-19)
(0 -0 2e-10)
(0 -0 6e-11)
(0 -0 2.2e-10)
(0 -0 5.2024e-07)
(0 -0 0.00127533)
(0 -0 0.001399386)
(0 -0 5.7074e-07)
(0 -0 4e-11)
(0 -0 -4.743385e-20)
(0 -0 2e-10)
(0 -0 2.100642e-19)
(0 -0 0)
(0 -0 0)
(0 -0 1.084202e-19)
(0 -0 -2.168404e-19)
(0 -0 2.168404e-19)
(0 -0 3.117081e-19)
(0 -0 2.032879e-19)
(0 -0 5.285486e-19)
(0 -0 1.084202e-19)
(0 -0 2e-10)
(0 -0 -2e-11)
(0 -0 -6e-11)
(0 -0 -1.6e-10)
(0 -0 1.043545e-18)
(0 -0 -8e-11)
(0 -0 8.131516e-19)
(0 -0 1.2e-10)
(0 -0 -1.4e-10)
(0 -0 -6e-11)
(0 -0 2e-10)
(0 -0 8.402567e-19)
(0 -0 -2e-10)
(0 -0 -9.486769e-20)
(0 -0 4.201283e-19)
(0 -0 -1.084202e-19)
(0 -0 2e-10)
(0 -0 -2e-10)
(0 -0 9.486769e-20)
(0 -0 -2.100642e-19)
(0 -0 2e-10)
(0 -0 2e-10)
(0 -0 6e-11)
(0 -0 5.7086e-07)
(0 -0 0.001399434)
(0 -0 0.00153591)
(0 -0 6.2642e-07)
(0 -0 2.6e-10)
(0 -0 -5.421011e-20)
(0 -0 -4.201283e-19)
(0 -0 -1.084202e-19)
(0 -0 -5.285486e-19)
(0 -0 -2e-10)
(0 -0 -2e-10)
(0 -0 -4.201283e-19)
(0 -0 -7.45389e-19)
(0 -0 2e-10)
(0 -0 -6.369688e-19)
(0 -0 0)
(0 -0 -2.168404e-19)
(0 -0 4e-11)
(0 -0 4e-11)
(0 -0 -1.2e-10)
(0 -0 -6e-11)
(0 -0 -1e-10)
(0 -0 -7.45389e-19)
(0 -0 -1.4e-10)
(0 -0 1.6e-10)
(0 -0 -8e-11)
(0 -0 6e-11)
(0 -0 -9.622294e-19)
(0 -0 -7.45389e-19)
(0 -0 2e-10)
(0 -0 -3.252607e-19)
(0 -0 -2e-10)
(0 -0 -2.032879e-19)
(0 -0 2e-10)
(0 -0 -3.252607e-19)
(0 -0 -2e-10)
(0 -0 -6.369688e-19)
(0 -0 -3.184844e-19)
(0 -0 0)
(0 -0 1.4e-10)
(0 -0 6.264e-07)
(0 -0 0.001535967)
(0 -0 0.001686843)
(0 -0 6.8804e-07)
(0 -0 1.4e-10)
(0 -0 2.100642e-19)
(0 -0 4.201283e-19)
(0 -0 0)
(0 -0 2e-10)
(0 -0 4.336809e-19)
(0 -0 0)
(0 -0 2e-10)
(0 -0 -2e-10)
(0 -0 3.117081e-19)
(0 -0 0)
(0 -0 -3.117081e-19)
(0 -0 -3.252607e-19)
(0 -0 2e-11)
(0 -0 -1.4e-10)
(0 -0 1.2e-10)
(0 -0 7.995991e-19)
(0 -0 1.2e-10)
(0 -0 2e-11)
(0 -0 8e-11)
(0 -0 -4e-11)
(0 -0 6e-11)
(0 -0 -4e-11)
(0 -0 -1.084202e-19)
(0 -0 2.032879e-19)
(0 -0 -2e-10)
(0 -0 1.07065e-18)
(0 -0 -1.165517e-18)
(0 -0 4.201283e-19)
(0 -0 2.032879e-19)
(0 -0 2e-10)
(0 -0 -3.252607e-19)
(0 -0 2e-10)
(0 -0 0)
(0 -0 -2e-10)
(0 -0 1e-10)
(0 -0 6.8794e-07)
(0 -0 0.001686912)
(0 -0 0.001854626)
(0 -0 7.5654e-07)
(0 -0 1.2e-10)
(0 -0 0)
(0 -0 4.336809e-19)
(0 -0 -3.117081e-19)
(0 -0 2.032879e-19)
(0 -0 -6.369688e-19)
(0 -0 0)
(0 -0 0)
(0 -0 -8.538092e-19)
(0 -0 2e-10)
(0 -0 -9.622294e-19)
(0 -0 8.402567e-19)
(0 -0 -6.369688e-19)
(0 -0 -8e-11)
(0 -0 -4e-11)
(0 -0 1.2e-10)
(0 -0 1e-10)
(0 -0 4e-11)
(0 -0 -6e-11)
(0 -0 2e-11)
(0 -0 -8.673617e-19)
(0 -0 1e-10)
(0 -0 -2e-10)
(0 -0 -3.252607e-19)
(0 -0 4.201283e-19)
(0 -0 -2.032879e-19)
(0 -0 -2.168404e-19)
(0 -0 8.538092e-19)
(0 -0 2e-10)
(0 -0 -2e-10)
(0 -0 -6.234162e-19)
(0 -0 2e-10)
(0 -0 2.032879e-19)
(0 -0 5.285486e-19)
(0 -0 -2e-10)
(0 -0 2.4e-10)
(0 -0 7.5646e-07)
(0 -0 0.00185471)
(0 -0 0.002042317)
(0 -0 8.3288e-07)
(0 -0 2e-10)
(0 -0 0)
(0 -0 2e-10)
(0 -0 2e-10)
(0 -0 -2e-10)
(0 -0 6.369688e-19)
(0 -0 0)
(0 -0 -2e-10)
(0 -0 4.065758e-19)
(0 -0 2.168404e-19)
(0 -0 2e-10)
(0 -0 5.285486e-19)
(0 -0 8.402567e-19)
(0 -0 -1.6e-10)
(0 -0 6e-11)
(0 -0 2e-11)
(0 -0 1.8e-10)
(0 -0 -4e-11)
(0 -0 8e-11)
(0 -0 -6e-11)
(0 -0 -4e-11)
(0 -0 -1.6e-10)
(0 -0 1.2e-10)
(0 -0 -8.538092e-19)
(0 -0 2e-10)
(0 -0 7.318365e-19)
(0 -0 -2e-10)
(0 -0 8.402567e-19)
(0 -0 4.065758e-19)
(0 -0 1.463673e-18)
(0 -0 0)
(0 -0 -6.369688e-19)
(0 -0 0)
(0 -0 2e-10)
(0 -0 2e-10)
(0 -0 2e-10)
(0 -0 8.329e-07)
(0 -0 0.002042419)
(0 -0 0.002253812)
(0 -0 9.1922e-07)
(0 -0 2e-10)
(0 -0 2e-10)
(0 -0 2e-10)
(0 -0 -2e-10)
(0 -0 -2.168404e-19)
(0 -0 2e-10)
(0 -0 2e-10)
(0 -0 -2e-10)
(0 -0 -2e-10)
(0 -0 4.336809e-19)
(0 -0 2.168404e-19)
(0 -0 3.252607e-19)
(0 -0 2.168404e-19)
(0 -0 -5.421011e-20)
(0 -0 1.2e-10)
(0 -0 -1.6e-10)
(0 -0 -4e-11)
(0 -0 1.2e-10)
(0 -0 8e-11)
(0 -0 6e-11)
(0 -0 -1.6e-10)
(0 -0 -2e-11)
(0 -0 2e-10)
(0 -0 1.084202e-19)
(0 -0 6.505213e-19)
(0 -0 -8.402567e-19)
(0 -0 -6.234162e-19)
(0 -0 2e-10)
(0 -0 -8.402567e-19)
(0 -0 2.168404e-19)
(0 -0 -2e-10)
(0 -0 2.168404e-19)
(0 -0 2e-10)
(0 -0 9.486769e-19)
(0 -0 -2e-10)
(0 -0 2e-10)
(0 -0 9.1928e-07)
(0 -0 0.002253936)
(0 -0 0.002494167)
(0 -0 1.01714e-06)
(0 -0 4e-10)
(0 -0 -8.538092e-19)
(0 -0 -2e-10)
(0 -0 -2e-10)
(0 -0 4.065758e-19)
(0 -0 -1.057097e-18)
(0 -0 2e-10)
(0 -0 6.505213e-19)
(0 -0 -1.680513e-18)
(0 -0 2e-10)
(0 -0 -2e-10)
(0 -0 1.382358e-18)
(0 -0 -9.75782e-19)
(0 -0 -1.490778e-18)
(0 -0 1e-10)
(0 -0 -2.4e-10)
(0 -0 -1.2e-10)
(0 -0 1.2e-10)
(0 -0 -4e-11)
(0 -0 -6e-11)
(0 -0 6e-11)
(0 -0 -2e-11)
(0 -0 -1.788934e-18)
(0 -0 -1.273938e-18)
(0 -0 -2e-10)
(0 -0 2e-10)
(0 -0 -1.707618e-18)
(0 -0 -1.057097e-18)
(0 -0 2e-10)
(0 -0 4.336809e-19)
(0 -0 4.336809e-19)
(0 -0 -2.981556e-18)
(0 -0 -2e-10)
(0 -0 -2e-10)
(0 -0 -6.369688e-19)
(0 -0 2e-10)
(0 -0 1.0171e-06)
(0 -0 0.002494321)
(0 -0 0.002770091)
(0 -0 1.1296e-06)
(0 -0 4e-10)
(0 -0 0)
(0 -0 0)
(0 -0 -1.707618e-18)
(0 -0 -2e-10)
(0 -0 4.065758e-19)
(0 -0 -1.897354e-19)
(0 -0 8.673617e-19)
(0 -0 -4.065758e-19)
(0 -0 -1.897354e-19)
(0 -0 -2e-10)
(0 -0 -4.065758e-19)
(0 -0 8.673617e-19)
(0 -0 0)
(0 -0 -1.6e-10)
(0 -0 4e-11)
(0 -0 2e-11)
(0 -0 -4e-11)
(0 -0 8e-11)
(0 -0 -4e-11)
(0 -0 6e-11)
(0 -0 -1.6e-10)
(0 -0 3.252607e-19)
(0 -0 1.599198e-18)
(0 -0 -4.336809e-19)
(0 -0 -2e-10)
(0 -0 -2e-10)
(0 -0 -8.673617e-19)
(0 -0 1.463673e-18)
(0 -0 8.673617e-19)
(0 -0 2e-10)
(0 -0 -1.273938e-18)
(0 -0 0)
(0 -0 0)
(0 -0 -2.981556e-19)
(0 -0 4e-10)
(0 -0 1.12972e-06)
(0 -0 0.002770283)
(0 -0 0.0030907)
(0 -0 1.2602e-06)
(0 -0 4e-10)
(0 -0 2e-10)
(0 -0 0)
(0 -0 8.402567e-19)
(0 -0 2e-10)
(0 -0 -2e-10)
(0 -0 -2e-10)
(0 -0 0)
(0 -0 -4.065758e-19)
(0 -0 -2.168404e-19)
(0 -0 -6.234162e-19)
(0 -0 2e-10)
(0 -0 -1.165517e-18)
(0 -0 4.336809e-19)
(0 -0 -4e-11)
(0 -0 -4e-11)
(0 -0 -4e-11)
(0 -0 -1.4e-10)
(0 -0 8e-11)
(0 -0 6e-11)
(0 -0 -1.165517e-18)
(0 -0 -8e-11)
(0 -0 -4.065758e-19)
(0 -0 -9.486769e-19)
(0 -0 1.680513e-18)
(0 -0 -1.084202e-19)
(0 -0 2.168404e-19)
(0 -0 -2e-10)
(0 -0 0)
(0 -0 1.897354e-18)
(0 -0 -8.402567e-19)
(0 -0 -6.505213e-19)
(0 -0 -2e-10)
(0 -0 2e-10)
(0 -0 2e-10)
(0 -0 4e-10)
(0 -0 1.2602e-06)
(0 -0 0.003090943)
(0 -0 0.003468745)
(0 -0 1.414e-06)
(0 -0 2e-10)
(0 -0 8.673617e-19)
(0 -0 -2.168404e-19)
(0 -0 -2e-10)
(0 -0 2e-10)
(0 -0 4.065758e-19)
(0 -0 -4.336809e-19)
(0 -0 1.897354e-19)
(0 -0 4.065758e-19)
(0 -0 -1.084202e-18)
(0 -0 -2.168404e-19)
(0 -0 -2e-10)
(0 -0 0)
(0 -0 0)
(0 -0 -6e-11)
(0 -0 4e-11)
(0 -0 -4e-11)
(0 -0 -1.084202e-19)
(0 -0 2e-11)
(0 -0 1.6e-10)
(0 -0 8e-11)
(0 -0 2e-10)
(0 -0 -2e-10)
(0 -0 -1.057097e-18)
(0 -0 2e-10)
(0 -0 -2e-10)
(0 -0 -2e-10)
(0 -0 2e-10)
(0 -0 -4.065758e-19)
(0 -0 -2e-10)
(0 -0 -8.673617e-19)
(0 -0 -2.114194e-18)
(0 -0 -1.246832e-18)
(0 -0 -2e-10)
(0 -0 1.707618e-18)
(0 -0 6e-10)
(0 -0 1.414e-06)
(0 -0 0.003469057)
(0 -0 0.003922681)
(0 -0 1.5988e-06)
(0 -0 2e-10)
(0 -0 -2e-10)
(0 -0 2e-10)
(0 -0 2.114194e-18)
(0 -0 -2e-10)
(0 -0 2e-10)
(0 -0 2e-10)
(0 -0 1.707618e-18)
(0 -0 4.065758e-19)
(0 -0 2.114194e-18)
(0 -0 -2e-10)
(0 -0 -2e-10)
(0 -0 4.065758e-19)
(0 -0 4.336809e-19)
(0 -0 3.794708e-19)
(0 -0 -4e-11)
(0 -0 1.4e-10)
(0 -0 6e-11)
(0 -0 -1.4e-10)
(0 -0 -8e-11)
(0 -0 -2e-10)
(0 -0 6e-11)
(0 -0 2e-10)
(0 -0 2e-10)
(0 -0 1.382358e-18)
(0 -0 -8.673617e-19)
(0 -0 -1.463673e-18)
(0 -0 2e-10)
(0 -0 -1.273938e-18)
(0 -0 2.114194e-18)
(0 -0 2e-10)
(0 -0 -2e-10)
(0 -0 -4.336809e-19)
(0 -0 2.547875e-18)
(0 -0 6.505213e-19)
(0 -0 6e-10)
(0 -0 1.599e-06)
(0 -0 0.003923091)
(0 -0 0.004480341)
(0 -0 1.8246e-06)
(0 -0 -2e-10)
(0 -0 1.626303e-19)
(0 -0 -2e-10)
(0 -0 2e-10)
(0 -0 -4.336809e-19)
(0 -0 -1.734723e-18)
(0 -0 -2e-10)
(0 -0 2e-10)
(0 -0 -1.490778e-18)
(0 -0 1.057097e-18)
(0 -0 2e-10)
(0 -0 1.816039e-18)
(0 -0 -1.273938e-18)
(0 -0 2e-10)
(0 -0 4e-11)
(0 -0 -6e-11)
(0 -0 4e-11)
(0 -0 -6e-11)
(0 -0 -2e-11)
(0 -0 -8e-11)
(0 -0 -6e-11)
(0 -0 -3.523657e-19)
(0 -0 2e-10)
(0 -0 -7.318365e-19)
(0 -0 -4.336809e-19)
(0 -0 2e-10)
(0 -0 -2.547875e-18)
(0 -0 -2e-10)
(0 -0 -4.336809e-19)
(0 -0 -6.505213e-19)
(0 -0 1.246832e-18)
(0 -0 2e-10)
(0 -0 -2e-10)
(0 -0 -1.301043e-18)
(0 -0 -6e-10)
(0 -0 6e-10)
(0 -0 1.8272e-06)
(0 -0 0.00448089)
(0 -0 0.005185747)
(0 -0 2.1116e-06)
(0 -0 1.8e-09)
(0 -0 6e-10)
(0 -0 -8e-10)
(0 -0 -3.415237e-18)
(0 -0 2e-10)
(0 -0 8.673617e-19)
(0 -0 -1.680513e-18)
(0 -0 -2e-10)
(0 -0 3.794708e-19)
(0 -0 -2.331035e-18)
(0 -0 -6.234162e-19)
(0 -0 2e-10)
(0 -0 -7.589415e-19)
(0 -0 3.794708e-19)
(0 -0 1e-10)
(0 -0 1.4e-10)
(0 -0 -6e-11)
(0 -0 -4e-11)
(0 -0 4e-11)
(0 -0 1.8e-10)
(0 -0 1.2e-10)
(0 -0 -8e-11)
(0 -0 -8.131516e-20)
(0 -0 9.486769e-19)
(0 -0 6.234162e-19)
(0 -0 1.084202e-19)
(0 -0 2.114194e-18)
(0 -0 -1.897354e-18)
(0 -0 2.547875e-18)
(0 -0 6.505213e-19)
(0 -0 -2e-10)
(0 -0 0)
(0 -0 1.734723e-18)
(0 -0 -8e-10)
(0 -0 8e-10)
(0 -0 1.4e-09)
(0 -0 2.1114e-06)
(0 -0 0.005186516)
(0 -0 0.006112202)
(0 -0 2.4876e-06)
(0 -0 1.2e-09)
(0 -0 2e-10)
(0 -0 -2e-10)
(0 -0 1.734723e-18)
(0 -0 2.114194e-18)
(0 -0 -2e-10)
(0 -0 4.336809e-19)
(0 -0 -8.131516e-19)
(0 -0 2e-10)
(0 -0 -2e-10)
(0 -0 -3.252607e-19)
(0 -0 -2e-10)
(0 -0 2.168404e-19)
(0 -0 1.2e-10)
(0 -0 -2e-11)
(0 -0 4e-11)
(0 -0 -1.4e-10)
(0 -0 4e-11)
(0 -0 -2e-11)
(0 -0 -1e-10)
(0 -0 -2e-11)
(0 -0 -1e-10)
(0 -0 5.421011e-20)
(0 -0 -2.005774e-18)
(0 -0 1.897354e-19)
(0 -0 -2e-10)
(0 -0 8.402567e-19)
(0 -0 1.897354e-18)
(0 -0 2e-10)
(0 -0 1.246832e-18)
(0 -0 2.981556e-18)
(0 -0 -3.361027e-18)
(0 -0 2e-10)
(0 -0 6e-10)
(0 -0 6e-10)
(0 -0 1e-09)
(0 -0 2.486e-06)
(0 -0 0.006113318)
(0 -0 0.007392285)
(0 -0 3.0066e-06)
(0 -0 -8e-10)
(0 -0 4e-10)
(0 -0 2e-10)
(0 -0 -4e-10)
(0 -0 2e-10)
(0 -0 -1e-09)
(0 -0 -6.505213e-19)
(0 -0 6.505213e-19)
(0 -0 8.673617e-19)
(0 -0 2e-10)
(0 -0 2e-10)
(0 -0 -2e-10)
(0 -0 6.234162e-19)
(0 -0 2e-11)
(0 -0 2e-11)
(0 -0 -1.2e-10)
(0 -0 2e-11)
(0 -0 8e-11)
(0 -0 4e-11)
(0 -0 5.963112e-19)
(0 -0 -2.168404e-19)
(0 -0 2e-11)
(0 -0 1.2e-10)
(0 -0 -2e-10)
(0 -0 -2e-10)
(0 -0 2e-10)
(0 -0 2e-10)
(0 -0 2.168404e-19)
(0 -0 -2.114194e-18)
(0 -0 6e-10)
(0 -0 2e-10)
(0 -0 2e-10)
(0 -0 6e-10)
(0 -0 6e-10)
(0 -0 -1.2e-09)
(0 -0 1.4e-09)
(0 -0 3.0022e-06)
(0 -0 0.007393966)
(0 -0 0.009222863)
(0 -0 3.7616e-06)
(0 -0 -2.4e-09)
(0 -0 2e-09)
(0 -0 6e-10)
(0 -0 2e-10)
(0 -0 -6e-10)
(0 -0 -2e-10)
(0 -0 6e-10)
(0 -0 6e-10)
(0 -0 -2e-10)
(0 -0 7.318365e-19)
(0 -0 -1.165517e-18)
(0 -0 2e-10)
(0 -0 1.2e-10)
(0 -0 -8e-11)
(0 -0 -1.490778e-19)
(0 -0 4e-11)
(0 -0 6e-11)
(0 -0 6.4e-11)
(0 -0 -1.6e-10)
(0 -0 7.6e-11)
(0 -0 -1e-10)
(0 -0 6e-11)
(0 -0 -1.2e-10)
(0 -0 2.4e-10)
(0 -0 2e-10)
(0 -0 5.14996e-19)
(0 -0 -2e-10)
(0 -0 2e-10)
(0 -0 -2e-10)
(0 -0 -8e-10)
(0 -0 -8e-10)
(0 -0 -2e-10)
(0 -0 -8.131516e-18)
(0 -0 6e-10)
(0 -0 8e-10)
(0 -0 2.6e-09)
(0 -0 3.7384e-06)
(0 -0 0.009225857)
(0 -0 0.01246896)
(0 -0 5.0622e-06)
(0 -0 -2.04e-08)
(0 -0 -6e-09)
(0 -0 -2.8e-09)
(0 -0 -1.8e-09)
(0 -0 -4e-09)
(0 -0 -1.8e-09)
(0 -0 -3e-09)
(0 -0 -3.4e-09)
(0 -0 -3.4e-09)
(0 -0 -3.4e-09)
(0 -0 -3.6e-09)
(0 -0 -3.4e-09)
(0 -0 -3.6e-09)
(0 -0 -3.7e-09)
(0 -0 -3.5e-09)
(0 -0 -3.58e-09)
(0 -0 -3.664e-09)
(0 -0 -3.556e-09)
(0 -0 -3.656e-09)
(0 -0 -3.624e-09)
(0 -0 -3.7e-09)
(0 -0 -3.5e-09)
(0 -0 -3.68e-09)
(0 -0 -3.64e-09)
(0 -0 -3.6e-09)
(0 -0 -3.6e-09)
(0 -0 -3.6e-09)
(0 -0 -3e-09)
(0 -0 -3e-09)
(0 -0 -3.6e-09)
(0 -0 -4.4e-09)
(0 -0 -4.6e-09)
(0 -0 -5e-09)
(0 -0 -4.2e-09)
(0 -0 -2e-09)
(0 -0 1.48e-08)
(0 -0 4.9428e-06)
(0 -0 0.01247283)
(0 -0 0.01483215)
(0 -0 -3.094e-06)
(0 -0 -1.126e-05)
(0 -0 -1.20608e-05)
(0 -0 -1.24606e-05)
(0 -0 -1.26654e-05)
(0 -0 -1.2782e-05)
(0 -0 -1.28522e-05)
(0 -0 -1.28998e-05)
(0 -0 -1.29312e-05)
(0 -0 -1.29532e-05)
(0 -0 -1.29714e-05)
(0 -0 -1.298464e-05)
(0 -0 -1.299536e-05)
(0 -0 -1.300442e-05)
(0 -0 -1.301212e-05)
(0 -0 -1.30187e-05)
(0 -0 -1.302478e-05)
(0 -0 -1.303037e-05)
(0 -0 -1.303582e-05)
(0 -0 -1.304085e-05)
(0 -0 -1.304616e-05)
(0 -0 -1.305176e-05)
(0 -0 -1.30578e-05)
(0 -0 -1.306454e-05)
(0 -0 -1.307226e-05)
(0 -0 -1.308132e-05)
(0 -0 -1.30923e-05)
(0 -0 -1.31056e-05)
(0 -0 -1.31242e-05)
(0 -0 -1.31462e-05)
(0 -0 -1.3177e-05)
(0 -0 -1.32246e-05)
(0 -0 -1.32946e-05)
(0 -0 -1.34106e-05)
(0 -0 -1.3618e-05)
(0 -0 -1.40214e-05)
(0 -0 -1.4816e-05)
(0 -0 -1.0556e-05)
(0 -0 0.01482731)
(0 -0 5.84e-05)
(0 -0 -0.03195591)
(0 -0 -0.03196112)
(0 -0 -0.03196342)
(0 -0 -0.03196297)
(0 -0 -0.0319629)
(0 -0 -0.03196279)
(0 -0 -0.03196268)
(0 -0 -0.03196257)
(0 -0 -0.03196246)
(0 -0 -0.03196239)
(0 -0 -0.03196232)
(0 -0 -0.03196228)
(0 -0 -0.03196225)
(0 -0 -0.03196222)
(0 -0 -0.03196218)
(0 -0 -0.03196217)
(0 -0 -0.03196216)
(0 -0 -0.03196216)
(0 -0 -0.03196216)
(0 -0 -0.03196218)
(0 -0 -0.03196221)
(0 -0 -0.03196224)
(0 -0 -0.03196229)
(0 -0 -0.03196235)
(0 -0 -0.03196241)
(0 -0 -0.03196251)
(0 -0 -0.03196261)
(0 -0 -0.03196273)
(0 -0 -0.0319629)
(0 -0 -0.03196313)
(0 -0 -0.03196342)
(0 -0 -0.03196381)
(0 -0 -0.03196437)
(0 -0 -0.03196521)
(0 -0 -0.03196657)
(0 -0 -0.03196846)
(0 -0 -0.03197347)
(0 -0 -0.03196608)
(0 -0 6.1288e-05)
(0 -0 -39.96782)
(0 -0 -40.0004)
(0 -0 -39.9834)
(0 -0 -39.98062)
(0 -0 -39.97766)
(0 -0 -39.97588)
(0 -0 -39.97469)
(0 -0 -39.97386)
(0 -0 -39.97324)
(0 -0 -39.97278)
(0 -0 -39.97241)
(0 -0 -39.97213)
(0 -0 -39.9719)
(0 -0 -39.97172)
(0 -0 -39.97157)
(0 -0 -39.97146)
(0 -0 -39.97137)
(0 -0 -39.97131)
(0 -0 -39.97127)
(0 -0 -39.97125)
(0 -0 -39.97125)
(0 -0 -39.97127)
(0 -0 -39.97131)
(0 -0 -39.97137)
(0 -0 -39.97146)
(0 -0 -39.97157)
(0 -0 -39.97172)
(0 -0 -39.9719)
(0 -0 -39.97213)
(0 -0 -39.97241)
(0 -0 -39.97278)
(0 -0 -39.97324)
(0 -0 -39.97385)
(0 -0 -39.97469)
(0 -0 -39.97587)
(0 -0 -39.97766)
(0 -0 -39.98061)
(0 -0 -39.98339)
(0 -0 -40.0004)
(0 -0 -39.96782)
)
;

boundaryField
{
    movingWall
    {
        type            calculated;
        value           nonuniform List<vector> 
40
(
(0 -0 -79.90488)
(0 -0 -79.94698)
(0 -0 -79.90545)
(0 -0 -79.89888)
(0 -0 -79.89213)
(0 -0 -79.88821)
(0 -0 -79.88568)
(0 -0 -79.88393)
(0 -0 -79.88266)
(0 -0 -79.88171)
(0 -0 -79.88097)
(0 -0 -79.88039)
(0 -0 -79.87992)
(0 -0 -79.87956)
(0 -0 -79.87926)
(0 -0 -79.87904)
(0 -0 -79.87886)
(0 -0 -79.87874)
(0 -0 -79.87866)
(0 -0 -79.87862)
(0 -0 -79.87862)
(0 -0 -79.87866)
(0 -0 -79.87874)
(0 -0 -79.87886)
(0 -0 -79.87903)
(0 -0 -79.87926)
(0 -0 -79.87955)
(0 -0 -79.87992)
(0 -0 -79.88038)
(0 -0 -79.88096)
(0 -0 -79.8817)
(0 -0 -79.88266)
(0 -0 -79.88392)
(0 -0 -79.88567)
(0 -0 -79.8882)
(0 -0 -79.89211)
(0 -0 -79.89887)
(0 -0 -79.90543)
(0 -0 -79.94697)
(0 -0 -79.90486)
)
;
    }
    fixedWalls
    {
        type            calculated;
        value           nonuniform List<vector> 
120
(
(0 -0 6.565631e-05)
(0 -0 0.0001316878)
(0 -0 0.000220458)
(0 -0 0.0003106636)
(0 -0 0.0004028842)
(0 -0 0.0004977265)
(0 -0 0.0005958208)
(0 -0 0.0006978281)
(0 -0 0.0008044473)
(0 -0 0.0009164229)
(0 -0 0.001034556)
(0 -0 0.001159716)
(0 -0 0.001292851)
(0 -0 0.001435009)
(0 -0 0.001587357)
(0 -0 0.001751205)
(0 -0 0.001928041)
(0 -0 0.00211957)
(0 -0 0.002327766)
(0 -0 0.002554945)
(0 -0 0.002803851)
(0 -0 0.003077782)
(0 -0 0.003380751)
(0 -0 0.003717718)
(0 -0 0.00409491)
(0 -0 0.00452028)
(0 -0 0.005004194)
(0 -0 0.005560459)
(0 -0 0.006207957)
(0 -0 0.00697332)
(0 -0 0.007895555)
(0 -0 0.009034483)
(0 -0 0.01048694)
(0 -0 0.01241896)
(0 -0 0.01514187)
(0 -0 0.01913437)
(0 -0 0.02654757)
(0 -0 0.03207325)
(0 -0 0.0418961)
(0 -0 -39.93475)
(0 -0 6.565711e-05)
(0 -0 0.0001316894)
(0 -0 0.0002204608)
(0 -0 0.0003106675)
(0 -0 0.0004028894)
(0 -0 0.0004977331)
(0 -0 0.0005958291)
(0 -0 0.0006978382)
(0 -0 0.0008044593)
(0 -0 0.0009164374)
(0 -0 0.001034574)
(0 -0 0.001159736)
(0 -0 0.001292875)
(0 -0 0.001435037)
(0 -0 0.001587391)
(0 -0 0.001751246)
(0 -0 0.001928089)
(0 -0 0.002119627)
(0 -0 0.002327834)
(0 -0 0.002555026)
(0 -0 0.002803947)
(0 -0 0.003077898)
(0 -0 0.003380891)
(0 -0 0.003717887)
(0 -0 0.004095115)
(0 -0 0.004520532)
(0 -0 0.005004506)
(0 -0 0.005560849)
(0 -0 0.006208452)
(0 -0 0.006973959)
(0 -0 0.007896398)
(0 -0 0.00903562)
(0 -0 0.01048855)
(0 -0 0.01242135)
(0 -0 0.01514554)
(0 -0 0.01914115)
(0 -0 0.02655642)
(0 -0 0.03208522)
(0 -0 0.04191711)
(0 -0 -39.93475)
(0 -0 6.551799e-05)
(0 -0 0.0001307166)
(0 -0 0.0002169575)
(0 -0 0.0003018106)
(0 -0 0.0003847249)
(0 -0 0.0004651748)
(0 -0 0.0005426549)
(0 -0 0.0006166838)
(0 -0 0.0006868071)
(0 -0 0.0007526007)
(0 -0 0.0008136717)
(0 -0 0.0008696618)
(0 -0 0.0009202457)
(0 -0 0.0009651362)
(0 -0 0.001004081)
(0 -0 0.001036863)
(0 -0 0.001063304)
(0 -0 0.001083259)
(0 -0 0.001096623)
(0 -0 0.001103322)
(0 -0 0.001103323)
(0 -0 0.001096624)
(0 -0 0.001083262)
(0 -0 0.001063307)
(0 -0 0.001036867)
(0 -0 0.001004085)
(0 -0 0.0009651417)
(0 -0 0.000920252)
(0 -0 0.0008696682)
(0 -0 0.000813678)
(0 -0 0.0007526073)
(0 -0 0.0006868137)
(0 -0 0.0006166899)
(0 -0 0.0005426606)
(0 -0 0.0004651799)
(0 -0 0.0003847293)
(0 -0 0.0003018141)
(0 -0 0.0002169602)
(0 -0 0.0001307182)
(0 -0 6.551879e-05)
)
;
    }
    frontAndBack
    {
        type            empty;
    }
}


// ************************************************************************* //
