/*--------------------------------*- C++ -*----------------------------------*\
| =========                 |                                                 |
| \\      /  F ield         | OpenFOAM: The Open Source CFD Toolbox           |
|  \\    /   O peration     | Version:  2412                                  |
|   \\  /    A nd           | Website:  www.openfoam.com                      |
|    \\/     M anipulation  |                                                 |
\*---------------------------------------------------------------------------*/
FoamFile
{
    version     2.0;
    format      ascii;
    arch        "LSB;label=32;scalar=64";
    class       volScalarField;
    location    "0.4";
    object      p;
}
// * * * * * * * * * * * * * * * * * * * * * * * * * * * * * * * * * * * * * //

dimensions      [0 2 -2 0 0 0 0];

internalField   nonuniform List<scalar> 
1600
(
8.743604e-12
5.343412e-07
1.607212e-06
3.211299e-06
5.336311e-06
7.968606e-06
1.109134e-05
1.468461e-05
1.872561e-05
2.318881e-05
2.804613e-05
3.326719e-05
3.881948e-05
4.466858e-05
5.077841e-05
5.711144e-05
6.362889e-05
7.029099e-05
7.705718e-05
8.388635e-05
9.073701e-05
9.756757e-05
0.0001043365
0.0001110027
0.0001175254
0.0001238648
0.000129982
0.0001358391
0.0001414
0.00014663
0.0001514964
0.0001559686
0.0001600182
0.0001636196
0.0001667498
0.0001693885
0.0001715189
0.0001731272
0.0001742029
0.0001747387
-5.330904e-07
4.632579e-09
1.084309e-06
2.69855e-06
4.836979e-06
7.485842e-06
1.062816e-05
1.424387e-05
1.831e-05
2.280081e-05
2.768805e-05
3.29411e-05
3.852726e-05
4.441188e-05
5.055867e-05
5.692986e-05
6.348647e-05
7.01885e-05
7.699518e-05
8.386517e-05
9.075678e-05
9.762821e-05
0.0001044377
0.0001111439
0.0001177059
0.0001240836
0.0001302378
0.0001361307
0.0001417256
0.0001469878
0.0001518843
0.0001563843
0.0001604593
0.0001640833
0.0001672332
0.0001698887
0.0001720326
0.0001736511
0.0001747337
0.0001752729
-1.6118e-06
-1.067206e-06
2.625671e-08
1.66107e-06
3.826682e-06
6.509107e-06
9.691089e-06
1.335225e-05
1.746924e-05
2.201597e-05
2.696375e-05
3.228156e-05
3.793625e-05
4.389274e-05
5.011428e-05
5.656267e-05
6.319847e-05
6.998126e-05
7.686981e-05
8.382236e-05
9.079677e-05
9.77508e-05
0.0001046423
0.0001114294
0.0001180709
0.000124526
0.0001307553
0.0001367204
0.0001423842
0.0001477116
0.000152669
0.0001572253
0.0001613516
0.0001650214
0.0001682113
0.0001709006
0.000173072
0.0001747113
0.0001758078
0.0001763539
-3.241891e-06
-2.686895e-06
-1.572561e-06
9.339462e-08
2.300149e-06
5.033364e-06
8.27536e-06
1.200527e-05
1.61992e-05
2.083047e-05
2.586979e-05
3.128549e-05
3.704373e-05
4.31088e-05
4.944326e-05
5.600824e-05
6.276363e-05
6.966835e-05
7.668051e-05
8.375769e-05
9.08571e-05
9.793586e-05
0.0001049512
0.0001118605
0.0001186218
0.000125194
0.0001315367
0.0001376109
0.0001433789
0.0001488047
0.0001538543
0.0001584958
0.0001626996
0.0001664387
0.0001696891
0.0001724297
0.0001746426
0.0001763133
0.0001774309
0.0001779875
-5.433976e-06
-4.864952e-06
-3.722478e-06
-2.01454e-06
2.476694e-07
3.04933e-06
6.372179e-06
1.019468e-05
1.449221e-05
1.923729e-05
2.439978e-05
2.994713e-05
3.584465e-05
4.205568e-05
4.85419e-05
5.526353e-05
6.217958e-05
6.924807e-05
7.642624e-05
8.367078e-05
9.093807e-05
9.818432e-05
0.0001053659
0.0001124393
0.0001193618
0.0001260912
0.0001325863
0.0001388072
0.0001447153
0.0001502736
0.0001554472
0.0001602033
0.0001645115
0.000168344
0.000171676
0.0001744857
0.0001767545
0.0001784676
0.0001796136
0.0001801844
-8.202252e-06
-7.615451e-06
-6.437316e-06
-4.676185e-06
-2.343729e-06
5.446074e-07
3.969813e-06
7.909491e-06
1.233807e-05
1.722705e-05
2.254521e-05
2.82589e-05
3.433228e-05
4.072757e-05
4.740529e-05
5.432454e-05
6.14432e-05
6.871818e-05
7.610562e-05
8.356115e-05
9.104003e-05
9.849742e-05
0.0001058886
0.000113169
0.0001202947
0.0001272224
0.0001339099
0.000140316
0.0001464009
0.0001521267
0.0001574571
0.0001623582
0.0001667985
0.0001707492
0.0001741844
0.0001770816
0.0001794214
0.0001811882
0.0001823702
0.0001829589
-1.156472e-05
-1.095623e-05
-9.734587e-06
-7.908574e-06
-5.490461e-06
-2.49647e-06
1.053449e-06
5.13583e-06
9.723927e-06
1.478796e-05
2.029541e-05
2.621124e-05
3.249823e-05
3.91172e-05
4.60273e-05
5.318625e-05
6.055058e-05
6.807587e-05
7.571695e-05
8.342814e-05
9.116343e-05
9.887669e-05
0.0001065219
0.0001140532
0.0001214253
0.0001285937
0.0001355146
0.0001421456
0.0001484454
0.0001543746
0.0001598956
0.0001649732
0.0001695743
0.000173669
0.0001772301
0.0001802339
0.0001826602
0.0001844926
0.0001857185
0.0001863292
-1.554334e-05
-1.490904e-05
-1.363564e-05
-1.173246e-05
-9.2125e-06
-6.092949e-06
-2.394896e-06
1.856889e-06
6.634226e-06
1.190581e-05
1.763751e-05
2.379267e-05
3.03324e-05
3.721588e-05
4.44006e-05
5.184268e-05
5.949707e-05
6.73178e-05
7.525817e-05
8.327101e-05
9.130881e-05
9.932396e-05
0.0001072689
0.0001150964
0.0001227595
0.0001302121
0.000137409
0.0001443059
0.00015086
0.0001570302
0.0001627771
0.0001680639
0.000172856
0.0001771216
0.0001808323
0.0001839629
0.0001864921
0.0001884024
0.0001896807
0.0001903175
-2.016423e-05
-1.949976e-05
-1.816584e-05
-1.617247e-05
-1.353354e-05
-1.026739e-05
-6.396484e-06
-1.947172e-06
3.050653e-06
8.563861e-06
1.455642e-05
2.098975e-05
2.7823e-05
3.501343e-05
4.251664e-05
5.028687e-05
5.827727e-05
6.644009e-05
7.472692e-05
8.308887e-05
9.147677e-05
9.984133e-05
0.0001081333
0.0001163037
0.000124304
0.0001320861
0.000139603
0.0001468085
0.0001536581
0.0001601084
0.0001661183
0.0001716487
0.0001766632
0.0001811283
0.0001850135
0.0001882923
0.0001909417
0.0001929433
0.0001942827
0.00019495
-2.545796e-05
-2.475863e-05
-2.335484e-05
-2.125736e-05
-1.848118e-05
-1.504601e-05
-1.097598e-05
-6.299313e-06
-1.047937e-06
4.742858e-06
1.103482e-05
1.778708e-05
2.495658e-05
3.249831e-05
4.036571e-05
4.851093e-05
5.688505e-05
6.543835e-05
7.41205e-05
8.288073e-05
9.1668e-05
0.0001004312
0.0001091192
0.000117681
0.0001260663
0.000134225
0.000142108
0.0001496669
0.0001568549
0.0001636265
0.0001699383
0.0001757487
0.0001810192
0.0001857138
0.0001898003
0.0001932499
0.0001960382
0.000198145
0.0001995552
0.0002002578
-3.145979e-05
-3.072057e-05
-2.923681e-05
-2.702024e-05
-2.408714e-05
-2.04589e-05
-1.616162e-05
-1.122574e-05
-5.6856e-06
4.209669e-07
7.053105e-06
1.416734e-05
2.1718e-05
2.965756e-05
3.793699e-05
4.650606e-05
5.531361e-05
6.430772e-05
7.343594e-05
8.264546e-05
9.188323e-05
0.0001010961
0.0001102309
0.0001192348
0.0001280551
0.0001366395
0.0001449367
0.0001528959
0.0001604677
0.0001676041
0.0001742589
0.000180388
0.00018595
0.0001909066
0.0001952229
0.0001988678
0.0002018149
0.0002040422
0.0002055334
0.0002062763
-3.821011e-05
-3.742552e-05
-3.58508e-05
-3.349887e-05
-3.038754e-05
-2.654021e-05
-2.198534e-05
-1.6756e-05
-1.088937e-05
-4.426261e-06
2.589453e-06
1.011128e-05
1.809056e-05
2.647692e-05
3.521858e-05
4.426267e-05
5.355553e-05
6.304287e-05
7.266997e-05
8.238183e-05
9.212323e-05
0.0001018389
0.0001114736
0.000120972
0.0001302794
0.0001393411
0.000148103
0.0001565118
0.0001645154
0.0001720627
0.0001791045
0.0001855936
0.0001914855
0.0001967388
0.0002013156
0.0002051823
0.0002083098
0.0002106743
0.0002122576
0.0002130466
-4.575486e-05
-4.491886e-05
-4.324116e-05
-4.073604e-05
-3.74232e-05
-3.332844e-05
-2.848302e-05
-2.292314e-05
-1.668935e-05
-9.825906e-06
-2.380215e-06
5.597766e-06
1.405602e-05
2.294091e-05
3.219761e-05
4.177038e-05
5.160282e-05
6.163811e-05
7.181911e-05
8.20885e-05
9.238883e-05
0.0001026626
0.0001128522
0.0001229002
0.0001327492
0.0001423421
0.000151622
0.0001605328
0.0001690189
0.0001770263
0.000184502
0.0001913956
0.0001976587
0.0002032464
0.0002081173
0.0002122346
0.0002155663
0.0002180861
0.0002197738
0.0002206149
-5.414607e-05
-5.3252e-05
-5.145797e-05
-4.877998e-05
-4.523999e-05
-4.086667e-05
-3.569463e-05
-2.976382e-05
-2.311873e-05
-1.580769e-05
-7.882157e-06
6.039167e-07
9.594691e-06
1.903292e-05
2.886038e-05
3.901819e-05
4.944704e-05
6.008742e-05
7.087967e-05
8.176406e-05
9.268084e-05
0.0001035702
0.0001143723
0.0001250272
0.0001354751
0.0001456559
0.00015551
0.000164978
0.0001740009
0.0001825209
0.0001904812
0.0001978271
0.0002045063
0.0002104695
0.0002156713
0.000220071
0.000223633
0.0002263282
0.000228134
0.000229034
-6.344249e-05
-6.248289e-05
-6.055767e-05
-5.768489e-05
-5.388926e-05
-4.920291e-05
-4.366452e-05
-3.731846e-05
-3.02139e-05
-2.240393e-05
-1.394474e-05
-4.894816e-06
4.68566e-06
1.473541e-05
2.51925e-05
3.599464e-05
4.707945e-05
5.838459e-05
6.984782e-05
8.1407e-05
9.300007e-05
0.0001045649
0.0001160394
0.0001273612
0.0001384677
0.0001492963
0.000159784
0.0001698679
0.0001794855
0.0001885746
0.0001970741
0.0002049246
0.0002120689
0.0002184527
0.000224026
0.0002287432
0.0002325648
0.0002354578
0.0002373969
0.0002383635
-7.371042e-05
-7.26769e-05
-7.060372e-05
-6.75115e-05
-6.34283e-05
-5.839048e-05
-5.24416e-05
-4.563133e-05
-3.801441e-05
-2.964951e-05
-2.059827e-05
-1.092443e-05
-6.930434e-07
1.003014e-05
2.117912e-05
3.268798e-05
4.449111e-05
5.652329e-05
6.871969e-05
8.101579e-05
9.334726e-05
0.0001056498
0.0001178591
0.0001299102
0.0001417382
0.0001532774
0.0001644615
0.000175224
0.0001854982
0.0001952173
0.0002043154
0.0002127275
0.0002203907
0.0002272453
0.0002332351
0.0002383092
0.000242423
0.0002455391
0.0002476287
0.0002486705
-8.502467e-05
-8.390763e-05
-8.166741e-05
-7.832779e-05
-7.392093e-05
-6.848838e-05
-6.207961e-05
-5.47507e-05
-4.656296e-05
-3.758167e-05
-2.787482e-05
-1.751212e-05
-6.564115e-06
4.898473e-06
1.680525e-05
2.908648e-05
4.16732e-05
5.449731e-05
6.749145e-05
8.058885e-05
9.372309e-05
0.0001068279
0.0001198366
0.0001326824
0.0001452975
0.0001576133
0.0001695604
0.0001810683
0.0001920657
0.0002024808
0.000212242
0.0002212783
0.0002295202
0.0002369011
0.000243358
0.0002488334
0.0002532765
0.0002566445
0.0002589042
0.0002600311
-9.746966e-05
-9.625808e-05
-9.38289e-05
-9.020983e-05
-8.543814e-05
-7.956176e-05
-7.263739e-05
-6.472883e-05
-5.590531e-05
-4.623985e-05
-3.580785e-05
-2.468584e-05
-1.295057e-05
-6.781941e-07
1.205617e-05
2.517875e-05
3.861725e-05
5.230072e-05
6.615946e-05
8.012467e-05
9.412809e-05
0.0001081016
0.000121977
0.0001356851
0.0001491559
0.0001623181
0.0001750986
0.000187423
0.0001992152
0.0002103979
0.0002208931
0.0002306227
0.0002395096
0.0002474793
0.0002544605
0.0002603876
0.0002652023
0.0002688551
0.0002713075
0.0002725309
-0.000111141
-0.000109822
-0.0001071784
-0.0001032428
-9.805882e-05
-9.168239e-05
-8.417906e-05
-7.562207e-05
-6.609009e-05
-5.566533e-05
-4.44318e-05
-3.247387e-05
-1.987518e-05
-6.717894e-06
6.917871e-06
2.095422e-05
3.53155e-05
4.992817e-05
6.472042e-05
7.962178e-05
9.456258e-05
0.0001094734
0.0001242844
0.000138925
0.0001533231
0.0001674045
0.000181093
0.00019431
0.0002069742
0.0002190024
0.0002303093
0.0002408089
0.0002504153
0.0002590442
0.0002666148
0.0002730515
0.0002782868
0.0002822627
0.0002849342
0.0002862673
-0.0001261471
-0.0001247056
-0.0001218176
-0.000117522
-0.0001118706
-0.0001049292
-9.67743e-05
-8.749068e-05
-7.716844e-05
-6.590068e-05
-5.378143e-05
-4.090401e-05
-2.735978e-05
-1.323738e-05
1.377773e-06
1.640364e-05
3.176141e-05
4.737521e-05
6.317159e-05
7.90789e-05
9.502663e-05
0.0001109446
0.0001267621
0.0001424075
0.0001578068
0.0001728839
0.0001875592
0.0002017499
0.0002153695
0.000228328
0.0002405325
0.0002518877
0.0002622973
0.0002716658
0.0002799005
0.0002869139
0.0002926267
0.0002969707
0.0002998922
0.0003013507
-0.0001426118
-0.0001410297
-0.0001378617
-0.0001331548
-0.0001269711
-0.0001193888
-0.0001104984
-0.0001003987
-8.919353e-05
-7.698907e-05
-6.389097e-05
-5.000272e-05
-3.542428e-05
-2.025125e-05
-4.574488e-06
1.151988e-05
2.79502e-05
4.463874e-05
6.151103e-05
7.849498e-05
9.551996e-05
0.0001125158
0.0001294118
0.0001461358
0.000162613
0.0001787652
0.0001945103
0.0002097612
0.0002244261
0.0002384079
0.0002516049
0.0002639115
0.0002752194
0.0002854196
0.0002944049
0.0003020732
0.0003083308
0.0003130962
0.0003163048
0.0003179075
-0.0001606767
-0.0001589323
-0.0001554414
-0.0001502617
-0.0001434684
-0.0001351561
-0.0001254323
-0.0001144133
-0.0001022198
-8.897323e-05
-7.479292e-05
-5.979387e-05
-4.408548e-05
-2.777074e-05
-1.094602e-05
6.298749e-06
2.387953e-05
4.171748e-05
5.973794e-05
7.786931e-05
9.604186e-05
0.0001141865
0.0001322334
0.0001501109
0.0001677441
0.0001850539
0.0002019558
0.0002183591
0.0002341664
0.0002492731
0.0002635681
0.000276934
0.0002892483
0.0003003864
0.0003102235
0.0003186393
0.0003255217
0.0003307726
0.000334313
0.0003360826
-0.0001805056
-0.0001785721
-0.0001747059
-0.0001689787
-0.0001614833
-0.0001523347
-0.0001416623
-0.0001296043
-0.0001163016
-0.000101894
-8.651651e-05
-7.029712e-05
-5.33555e-05
-3.580235e-05
-1.773947e-05
7.398807e-07
1.955016e-05
3.86124e-05
5.785286e-05
7.720162e-05
9.65911e-05
0.0001159545
0.0001352241
0.0001543302
0.0001731988
0.0001917508
0.0002099004
0.0002275537
0.0002446079
0.000260951
0.0002764612
0.000291008
0.0003044531
0.0003166525
0.0003274605
0.000336734
0.0003443378
0.000350152
0.0003540789
0.0003560435
-0.0002022885
-0.0002001327
-0.0001958264
-0.0001894601
-0.0001811498
-0.0001710373
-0.0001592799
-0.0001460429
-0.0001314919
-0.0001157884
-9.908559e-05
-8.152583e-05
-6.323985e-05
-4.434632e-05
-2.495188e-05
-5.152162e-06
1.49669e-05
3.532747e-05
5.585818e-05
7.649227e-05
9.716582e-05
0.0001178159
0.0001383785
0.0001587872
0.0001789705
0.0001988508
0.0002183419
0.000237348
0.0002557616
0.0002734628
0.000290319
0.0003061848
0.0003209034
0.0003343087
0.0003462291
0.000356493
0.000364936
0.0003714095
0.0003757911
0.0003779856
-0.000226249
-0.0002238286
-0.0002190006
-0.000211881
-0.000202617
-0.0001913857
-0.0001783802
-0.0001637995
-0.0001478394
-0.000130687
-0.0001125158
-9.348453e-05
-7.373554e-05
-5.339479e-05
-3.257282e-05
-1.136638e-05
1.013971e-05
3.187046e-05
5.37586e-05
7.574236e-05
9.776336e-05
0.0001197643
0.000141687
0.00016347
0.0001850462
0.000206341
0.00022727
0.0002477362
0.000267629
0.0002868212
0.0003051688
0.0003225102
0.0003386678
0.000353449
0.0003666511
0.000378067
0.0003874945
0.0003947473
0.0003996697
0.0004021388
-0.000252652
-0.0002499126
-0.0002444585
-0.0002364412
-0.0002260506
-0.0002135106
-0.0001990605
-0.0001829414
-0.0001653856
-0.0001466099
-0.0001268114
-0.0001061663
-8.482811e-05
-6.292914e-05
-4.058234e-05
-1.788374e-05
5.084969e-06
2.825376e-05
5.156163e-05
7.4954e-05
9.838019e-05
0.0001217909
0.0001451356
0.0001683603
0.0001914045
0.000214199
0.0002366629
0.0002587005
0.0002801993
0.0003010263
0.0003210269
0.0003400221
0.0003578103
0.0003741687
0.0003888567
0.0004016231
0.0004122168
0.0004204013
0.0004259749
0.0004287765
-0.0002818162
-0.0002786854
-0.0002724693
-0.0002633689
-0.0002516336
-0.00023755
-0.0002214169
-0.0002035281
-0.0001841595
-0.0001635625
-0.0001419611
-0.0001195484
-9.648818e-05
-7.291722e-05
-4.894869e-05
-2.467538e-05
-1.732231e-07
2.449534e-05
4.927818e-05
7.413048e-05
9.901177e-05
0.0001238832
0.0001487047
0.0001734321
0.0001980143
0.0002223902
0.000246485
0.0002702075
0.0002934453
0.0003160621
0.0003378934
0.000358744
0.0003783859
0.0003965605
0.0004129825
0.0004273455
0.0004393351
0.0004486478
0.0004550175
0.0004582288
-0.0003141305
-0.0003105099
-0.0003033516
-0.0002929259
-0.0002795673
-0.0002636465
-0.0002455396
-0.0002256053
-0.0002041714
-0.0001815304
-0.0001579327
-0.0001335878
-0.0001086675
-8.331012e-05
-5.76258e-05
-3.170068e-05
-5.60163e-06
2.061971e-05
4.692314e-05
7.327649e-05
9.965241e-05
0.0001260253
0.0001523684
0.0001786504
0.0002048326
0.0002308654
0.0002566839
0.0002822042
0.0003073184
0.0003318897
0.0003557468
0.0003786793
0.0004004333
0.0004207091
0.0004391678
0.0004554352
0.0004691153
0.0004798142
0.0004871728
0.0004909
-0.0003500784
-0.0003458284
-0.0003374846
-0.0003254112
-0.0003100694
-0.000291942
-0.0002715047
-0.0002491952
-0.0002254054
-0.0002004701
-0.0001746657
-0.0001482151
-0.0001212942
-9.403857e-05
-6.655055e-05
-3.890529e-05
-1.115646e-05
1.665886e-05
4.451589e-05
7.23984e-05
0.0001002952
0.0001281971
0.0001560937
0.0001839699
0.000211803
0.0002395586
0.000267186
0.0002946136
0.0003217427
0.0003484409
0.0003745348
0.0003998023
0.0004239649
0.0004466817
0.0004675482
0.0004861084
0.0005018606
0.0005142904
0.0005229002
0.000527295
-0.0003902742
-0.0003851875
-0.0003753243
-0.0003611653
-0.0003433703
-0.0003225678
-0.0002993608
-0.0002742865
-0.0002478074
-0.0002203
-0.0001920632
-0.0001633281
-0.000134268
-0.0001050092
-7.564007e-05
-4.62192e-05
-1.67821e-05
1.265309e-05
4.208089e-05
7.150442e-05
0.0001009321
0.0001303741
0.0001598398
0.000189334
0.0002188537
0.0002483841
0.000277894
0.0003073297
0.0003366084
0.0003656093
0.0003941642
0.0004220457
0.0004489556
0.0004745131
0.0004982444
0.0005195897
0.0005379137
0.0005525453
0.0005627685
0.0005680585
-0.0004355173
-0.0004292701
-0.0004174231
-0.0004005696
-0.0003797028
-0.0003556279
-0.0003291128
-0.0003008163
-0.0002712695
-0.0002408869
-0.0002099821
-0.0001787843
-0.0001474546
-0.0001161007
-8.47892e-05
-5.355511e-05
-2.240997e-05
8.651698e-06
3.964786e-05
7.060477e-05
0.0001015535
0.0001325272
0.0001635579
0.0001946738
0.0002258961
0.0002572344
0.0002886826
0.0003202123
0.0003517647
0.0003832405
0.0004144875
0.0004452842
0.0004753227
0.0005041884
0.0005313414
0.0005561001
0.0005776549
0.0005951459
0.0006074899
0.0006140354
-0.0004869031
-0.0004789411
-0.0004644558
-0.0004440383
-0.0004192826
-0.0003911682
-0.0003606976
-0.0003286458
-0.0002956102
-0.0002620314
-0.0002282217
-0.0001943931
-0.0001606804
-0.0001271607
-9.386847e-05
-6.080734e-05
-2.795861e-05
4.712506e-06
3.725168e-05
6.971165e-05
0.0001021493
0.0001346232
0.0001671913
0.0001999086
0.0002328244
0.0002659785
0.0002993961
0.000333082
0.000367012
0.0004011209
0.0004352876
0.0004693141
0.0005029004
0.000535614
0.0005668554
0.0005958314
0.0006214882
0.0006427819
0.0006579663
0.000666388
-0.0005458017
-0.0005352507
-0.0005172369
-0.0004919902
-0.0004622632
-0.0004291469
-0.0003939424
-0.0003575281
-0.0003205502
-0.0002834494
-0.0002465114
-0.000209908
-0.0001737282
-0.000138003
-0.0001027238
-6.785296e-05
-3.333407e-05
9.019778e-07
3.493236e-05
6.883931e-05
0.000102708
0.0001366248
0.000170676
0.0002049464
0.000239517
0.0002744622
0.0003098464
0.0003457168
0.0003820952
0.0004189664
0.0004562604
0.0004938277
0.0005314054
0.0005685736
0.0006046975
0.0006388908
0.000669804
0.0006962812
0.0007152974
0.0007266056
-0.0006152573
-0.000599821
-0.0005768909
-0.0005447947
-0.0005086809
-0.0004693638
-0.0004285111
-0.0003870667
-0.0003456823
-0.0003047534
-0.0002644998
-0.0002250202
-0.0001863342
-0.0001484093
-0.0001111782
-7.455225e-05
-3.843074e-05
-2.705773e-06
3.273446e-05
6.800389e-05
0.0001032177
0.0001384916
0.000173942
0.0002096853
0.000245837
0.0002825107
0.0003198153
0.0003578503
0.0003966983
0.0004364118
0.0004769962
0.0005183844
0.0005603942
0.0006026695
0.0006445944
0.000685242
0.000722898
0.0007567554
0.0007811352
0.0007978949
-0.0006921381
-0.0006718184
-0.0006436533
-0.0006024601
-0.0005583127
-0.0005113376
-0.000463819
-0.000416659
-0.0003704375
-0.0003254332
-0.000281743
-0.0002393565
-0.0001981928
-0.0001581317
-0.000119034
-8.075154e-05
-4.313385e-05
-6.030855e-06
3.070586e-05
6.722303e-05
0.0001036663
0.0001401814
0.000176915
0.0002140159
0.000251636
0.0002899307
0.0003290583
0.000369178
0.0004104453
0.0004530027
0.0004969631
0.0005423781
0.0005892053
0.0006372318
0.0006859519
0.0007345321
0.0007806327
0.0008244285
0.0008545977
0.0008776934
-0.0008080777
-0.0007641284
-0.0007262024
-0.0006667038
-0.0006111366
-0.000554393
-0.0004990197
-0.0004454705
-0.0003940612
-0.0003448398
-0.0002977101
-0.0002524891
-0.0002089604
-0.0001668978
-0.0001260784
-8.628825e-05
-4.732348e-05
-8.990431e-06
2.889616e-05
6.651533e-05
0.0001040423
0.0001416516
0.0001795193
0.000217826
0.0002567595
0.0002965176
0.0003373106
0.0003793625
0.0004229115
0.0004682063
0.0005154978
0.0005650197
0.000616944
0.0006713195
0.0007279678
0.0007866624
0.0008447768
0.0009082236
0.0009492988
0.000997316
-0.0008959437
-0.0008443899
-0.0008005811
-0.0007278809
-0.0006630505
-0.0005960245
-0.0005323775
-0.0004721786
-0.000415533
-0.0003621931
-0.0003117929
-0.0002639429
-0.0002182679
-0.0001744226
-0.0001320939
-9.099882e-05
-5.088051e-05
-1.150291e-05
2.735407e-05
6.58993e-05
0.000104335
0.0001428616
0.000181682
0.0002210058
0.000261054
0.0003020648
0.0003442992
0.0003880465
0.0004336314
0.0004814182
0.000531813
0.0005852555
0.0006421913
0.0007029928
0.0007677011
0.000836467
0.0009032222
0.000981755
0.001027743
0.001091105
-0.001152761
-0.0009900585
-0.000929474
-0.0008043407
-0.0007217261
-0.0006375073
-0.0005632812
-0.000495728
-0.0004338454
-0.0003766498
-0.0003233312
-0.0002732143
-0.0002257354
-0.0001804206
-0.0001368666
-9.472524e-05
-5.369103e-05
-1.349045e-05
2.612662e-05
6.539432e-05
0.0001045366
0.0001437761
0.0001833384
0.0002234563
0.0002643793
0.0003063801
0.0003497644
0.0003948819
0.0004421407
0.0004920258
0.0005451235
0.0006021549
0.0006640239
0.0007319451
0.0008074396
0.0008943513
0.0009802945
0.001114427
0.001183362
0.001359319
-0.001234043
-0.001066079
-0.0009928099
-0.0008535039
-0.0007612262
-0.0006675683
-0.0005862405
-0.0005132581
-0.0004473784
-0.0003872208
-0.0003316775
-0.0002798577
-0.0002310462
-0.0001846631
-0.0001402309
-9.734877e-05
-5.567261e-05
-1.490008e-05
2.524156e-05
6.500528e-05
0.0001046329
0.0001443601
0.0001844277
0.0002250869
0.0002666071
0.0003092863
0.0003534629
0.0003995312
0.0004479614
0.0004993259
0.0005543342
0.0006138749
0.000679056
0.0007512293
0.0008312813
0.0009252219
0.001012819
0.001165066
0.001227336
0.001439898
-0.001951205
-0.001240647
-0.001152112
-0.0009149463
-0.0008009286
-0.0006918505
-0.00060158
-0.0005237544
-0.0004549326
-0.0003928822
-0.0003360437
-0.0002832884
-0.0002337694
-0.0001868304
-0.0001419465
-9.868612e-05
-5.668391e-05
-1.562204e-05
2.478411e-05
6.479716e-05
0.0001046673
0.0001446399
0.0001849613
0.0002258914
0.0002677104
0.0003107295
0.0003553047
0.0004018554
0.0004508912
0.0005030514
0.0005591684
0.0006203718
0.0006882647
0.0007652954
0.0008547911
0.0009662206
0.0010799
0.001335146
0.001443675
0.002198102
)
;

boundaryField
{
    movingWall
    {
        type            zeroGradient;
    }
    fixedWalls
    {
        type            zeroGradient;
    }
    frontAndBack
    {
        type            empty;
    }
}


// ************************************************************************* //
