/*--------------------------------*- C++ -*----------------------------------*\
| =========                 |                                                 |
| \\      /  F ield         | OpenFOAM: The Open Source CFD Toolbox           |
|  \\    /   O peration     | Version:  2412                                  |
|   \\  /    A nd           | Website:  www.openfoam.com                      |
|    \\/     M anipulation  |                                                 |
\*---------------------------------------------------------------------------*/
FoamFile
{
    version     2.0;
    format      ascii;
    arch        "LSB;label=32;scalar=64";
    class       surfaceScalarField;
    location    "0.4";
    object      phi;
}
// * * * * * * * * * * * * * * * * * * * * * * * * * * * * * * * * * * * * * //

dimensions      [0 3 -1 0 0 0 0];

oriented        oriented;

internalField   nonuniform List<scalar> 
3120
(
-2.15108e-08
2.15108e-08
-4.302112e-08
2.151032e-08
-6.42541e-08
2.123298e-08
-8.507323e-08
2.081913e-08
-1.053458e-07
2.02726e-08
-1.249438e-07
1.9598e-08
-1.437447e-07
1.88009e-08
-1.616324e-07
1.78877e-08
-1.78498e-07
1.686553e-08
-1.942401e-07
1.574212e-08
-2.087657e-07
1.452564e-08
-2.219903e-07
1.322462e-08
-2.338382e-07
1.184781e-08
-2.442423e-07
1.040412e-08
-2.531448e-07
8.902521e-09
-2.604968e-07
7.352006e-09
-2.662583e-07
5.761533e-09
-2.703983e-07
4.140014e-09
-2.728947e-07
2.496311e-09
-2.737339e-07
8.392368e-10
-2.729115e-07
-8.224251e-10
-2.704316e-07
-2.479899e-09
-2.663072e-07
-4.124392e-09
-2.605601e-07
-5.747075e-09
-2.53221e-07
-7.339062e-09
-2.443296e-07
-8.891407e-09
-2.339345e-07
-1.039511e-08
-2.220934e-07
-1.184113e-08
-2.088729e-07
-1.322045e-08
-1.943488e-07
-1.45241e-08
-1.786056e-07
-1.574326e-08
-1.617362e-07
-1.686934e-08
-1.438421e-07
-1.789409e-08
-1.250324e-07
-1.880973e-08
-1.054234e-07
-1.960906e-08
-8.513774e-08
-2.028562e-08
-6.430395e-08
-2.083379e-08
-4.305505e-08
-2.12489e-08
-2.152794e-08
-2.15271e-08
-2.152794e-08
-2.178774e-08
4.329854e-08
-4.357429e-08
4.329686e-08
-6.507935e-08
4.273804e-08
-8.616438e-08
4.190417e-08
-1.066948e-07
4.080302e-08
-1.265407e-07
3.944395e-08
-1.455781e-07
3.783824e-08
-1.636893e-07
3.599889e-08
-1.807641e-07
3.394032e-08
-1.967001e-07
3.167814e-08
-2.114033e-07
2.922888e-08
-2.247885e-07
2.660975e-08
-2.367791e-07
2.383841e-08
-2.473078e-07
2.093281e-08
-2.563163e-07
1.791101e-08
-2.637553e-07
1.479108e-08
-2.695848e-07
1.159103e-08
-2.737735e-07
8.328731e-09
-2.762992e-07
5.021968e-09
-2.771484e-07
1.688407e-09
-2.763164e-07
-1.65435e-09
-2.738076e-07
-4.988719e-09
-2.696349e-07
-8.297081e-09
-2.638203e-07
-1.156173e-08
-2.563945e-07
-1.476485e-08
-2.473974e-07
-1.788849e-08
-2.36878e-07
-2.091455e-08
-2.248942e-07
-2.382488e-08
-2.115134e-07
-2.66013e-08
-1.968117e-07
-2.922575e-08
-1.808746e-07
-3.168044e-08
-1.637959e-07
-3.394802e-08
-1.456781e-07
-3.601183e-08
-1.266317e-07
-3.785613e-08
-1.067744e-07
-3.946635e-08
-8.623065e-08
-4.08294e-08
-6.513057e-08
-4.193387e-08
-4.360915e-08
-4.277032e-08
-2.180536e-08
-4.333089e-08
-4.333331e-08
-2.206773e-08
6.536627e-08
-4.413363e-08
6.536277e-08
-6.591316e-08
6.451757e-08
-8.726547e-08
6.325648e-08
-1.080538e-07
6.159139e-08
-1.281465e-07
5.953659e-08
-1.474176e-07
5.710934e-08
-1.657481e-07
5.432944e-08
-1.830267e-07
5.121888e-08
-1.9915e-07
4.780142e-08
-2.140233e-07
4.410219e-08
-2.275608e-07
4.014729e-08
-2.396859e-07
3.596348e-08
-2.50331e-07
3.15779e-08
-2.594378e-07
2.701781e-08
-2.669571e-07
2.231044e-08
-2.72849e-07
1.748288e-08
-2.770823e-07
1.2562e-08
-2.796348e-07
7.574478e-09
-2.804931e-07
2.54679e-09
-2.796528e-07
-2.494687e-09
-2.771179e-07
-7.523608e-09
-2.729014e-07
-1.251358e-08
-2.670251e-07
-1.743805e-08
-2.595197e-07
-2.227029e-08
-2.504248e-07
-2.698332e-08
-2.397895e-07
-3.154992e-08
-2.276716e-07
-3.594273e-08
-2.141386e-07
-4.013431e-08
-1.99267e-07
-4.409735e-08
-1.831425e-07
-4.78049e-08
-1.658599e-07
-5.123063e-08
-1.475225e-07
-5.434922e-08
-1.28242e-07
-5.71367e-08
-1.081374e-07
-5.95709e-08
-8.733504e-08
-6.163179e-08
-6.596693e-08
-6.330198e-08
-4.417023e-08
-6.456702e-08
-2.208622e-08
-6.54149e-08
-6.541953e-08
-2.249076e-08
8.785703e-08
-4.497867e-08
8.785067e-08
-6.717274e-08
8.671165e-08
-8.892863e-08
8.501236e-08
-1.101063e-07
8.276909e-08
-1.305711e-07
8.000139e-08
-1.501946e-07
7.673283e-08
-1.688556e-07
7.299046e-08
-1.86441e-07
6.880422e-08
-2.02846e-07
6.420643e-08
-2.17975e-07
5.923116e-08
-2.317414e-07
5.391377e-08
-2.440684e-07
4.829039e-08
-2.54888e-07
4.239758e-08
-2.641422e-07
3.627197e-08
-2.717818e-07
2.995008e-08
-2.777671e-07
2.346813e-08
-2.820671e-07
1.686199e-08
-2.846598e-07
1.016719e-08
-2.85532e-07
3.418973e-09
-2.846791e-07
-3.347591e-09
-2.821052e-07
-1.009749e-08
-2.778231e-07
-1.679563e-08
-2.718545e-07
-2.340668e-08
-2.642298e-07
-2.989503e-08
-2.549884e-07
-3.622466e-08
-2.441792e-07
-4.235917e-08
-2.3186e-07
-4.826188e-08
-2.180984e-07
-5.38959e-08
-2.029713e-07
-5.922445e-08
-1.865651e-07
-6.421112e-08
-1.689755e-07
-6.882027e-08
-1.503071e-07
-7.301753e-08
-1.306735e-07
-7.677033e-08
-1.10196e-07
-8.004842e-08
-8.900327e-08
-8.282451e-08
-6.723046e-08
-8.507479e-08
-4.501796e-08
-8.677952e-08
-2.251062e-08
-8.792224e-08
-8.793015e-08
-2.30609e-08
1.109179e-07
-4.611745e-08
1.109072e-07
-6.886995e-08
1.094642e-07
-9.116923e-08
1.073116e-07
-1.128708e-07
1.044707e-07
-1.338361e-07
1.009666e-07
-1.539331e-07
9.682983e-08
-1.730377e-07
9.209511e-08
-1.910345e-07
8.680099e-08
-2.078169e-07
8.098885e-08
-2.23288e-07
7.470227e-08
-2.373605e-07
6.798629e-08
-2.49957e-07
6.088683e-08
-2.610096e-07
5.345017e-08
-2.704602e-07
4.572256e-08
-2.7826e-07
3.774992e-08
-2.843696e-07
2.957768e-08
-2.887583e-07
2.125072e-08
-2.914045e-07
1.281336e-08
-2.92295e-07
4.309522e-09
-2.914254e-07
-4.217181e-09
-2.887997e-07
-1.272319e-08
-2.844305e-07
-2.116484e-08
-2.78339e-07
-2.949814e-08
-2.705554e-07
-3.767863e-08
-2.611189e-07
-4.566125e-08
-2.500777e-07
-5.340037e-08
-2.374897e-07
-6.084981e-08
-2.234226e-07
-6.796304e-08
-2.079536e-07
-7.469345e-08
-1.911699e-07
-8.099479e-08
-1.731685e-07
-8.682165e-08
-1.54056e-07
-9.213009e-08
-1.33948e-07
-9.687834e-08
-1.129689e-07
-1.010275e-07
-9.125086e-08
-1.045425e-07
-6.893309e-08
-1.073926e-07
-4.616044e-08
-1.095522e-07
-2.308263e-08
-1.11e-07
-1.110128e-07
-2.378326e-08
1.347012e-07
-4.756014e-08
1.346841e-07
-7.101975e-08
1.329238e-07
-9.400667e-08
1.302986e-07
-1.163708e-07
1.268348e-07
-1.379682e-07
1.225641e-07
-1.586627e-07
1.175243e-07
-1.783265e-07
1.117589e-07
-1.968411e-07
1.053156e-07
-2.140979e-07
9.824567e-08
-2.299985e-07
9.060282e-08
-2.444546e-07
8.24424e-08
-2.573884e-07
7.382063e-08
-2.687321e-07
6.479391e-08
-2.784279e-07
5.541837e-08
-2.864275e-07
4.574954e-08
-2.92692e-07
3.584212e-08
-2.971912e-07
2.574996e-08
-2.99904e-07
1.55261e-08
-3.008174e-07
5.222954e-09
-2.999271e-07
-5.107488e-09
-2.972369e-07
-1.541334e-08
-2.927592e-07
-2.564254e-08
-2.865148e-07
-3.574258e-08
-2.785332e-07
-4.566027e-08
-2.688529e-07
-5.534154e-08
-2.575218e-07
-6.473143e-08
-2.445975e-07
-7.377411e-08
-2.301474e-07
-8.241309e-08
-2.142493e-07
-9.059157e-08
-1.969912e-07
-9.82529e-08
-1.784716e-07
-1.053413e-07
-1.587991e-07
-1.118026e-07
-1.380925e-07
-1.17585e-07
-1.164797e-07
-1.226403e-07
-9.409741e-08
-1.269248e-07
-7.108994e-08
-1.304e-07
-4.760796e-08
-1.330342e-07
-2.380744e-08
-1.348006e-07
-1.348202e-07
-2.466451e-08
1.593657e-07
-4.931994e-08
1.593395e-07
-7.364149e-08
1.572453e-07
-9.746602e-08
1.541231e-07
-1.206363e-07
1.50005e-07
-1.430021e-07
1.449299e-07
-1.644217e-07
1.38944e-07
-1.847631e-07
1.321003e-07
-2.039042e-07
1.244567e-07
-2.217339e-07
1.160754e-07
-2.381521e-07
1.07021e-07
-2.530697e-07
9.736005e-08
-2.664087e-07
8.715961e-08
-2.781015e-07
7.648672e-08
-2.880909e-07
6.540774e-08
-2.963293e-07
5.398799e-08
-3.027787e-07
4.229152e-08
-3.074098e-07
3.038107e-08
-3.10202e-07
1.831824e-08
-3.111427e-07
6.163711e-09
-3.102278e-07
-6.022425e-09
-3.074609e-07
-1.818024e-08
-3.028539e-07
-3.024956e-08
-2.964269e-07
-4.21696e-08
-2.882085e-07
-5.387858e-08
-2.782366e-07
-6.531349e-08
-2.665581e-07
-7.640997e-08
-2.532298e-07
-8.710235e-08
-2.383191e-07
-9.732383e-08
-2.219037e-07
-1.070069e-07
-2.040727e-07
-1.160839e-07
-1.849261e-07
-1.244879e-07
-1.645751e-07
-1.321536e-07
-1.431419e-07
-1.390182e-07
-1.207589e-07
-1.450233e-07
-9.756822e-08
-1.501154e-07
-7.372059e-08
-1.542477e-07
-4.937383e-08
-1.573809e-07
-2.469176e-08
-1.594826e-07
-1.59512e-07
-2.571299e-08
1.850787e-07
-5.141333e-08
1.850399e-07
-7.675942e-08
1.825914e-07
-1.015786e-07
1.789423e-07
-1.257049e-07
1.741314e-07
-1.489807e-07
1.682056e-07
-1.712577e-07
1.61221e-07
-1.923985e-07
1.532411e-07
-2.122772e-07
1.443354e-07
-2.307799e-07
1.345781e-07
-2.478049e-07
1.24046e-07
-2.632623e-07
1.128175e-07
-2.77074e-07
1.009714e-07
-2.891733e-07
8.858598e-08
-2.995038e-07
7.573826e-08
-3.080193e-07
6.250352e-08
-3.14683e-07
4.895518e-08
-3.194667e-07
3.516478e-08
-3.223507e-07
2.120222e-08
-3.233231e-07
7.136115e-09
-3.223798e-07
-6.965733e-09
-3.195243e-07
-2.103576e-08
-3.147677e-07
-3.50061e-08
-3.081293e-07
-4.880799e-08
-2.996366e-07
-6.237131e-08
-2.893259e-07
-7.562424e-08
-2.772428e-07
-8.849299e-08
-2.634434e-07
-1.009018e-07
-2.479939e-07
-1.127733e-07
-2.309724e-07
-1.240285e-07
-2.124683e-07
-1.34588e-07
-1.925835e-07
-1.443728e-07
-1.714319e-07
-1.533052e-07
-1.491396e-07
-1.613105e-07
-1.258444e-07
-1.683185e-07
-1.016949e-07
-1.742649e-07
-7.684952e-08
-1.790931e-07
-5.147473e-08
-1.827557e-07
-2.574405e-08
-1.852133e-07
-1.85256e-07
-2.693896e-08
2.120177e-07
-5.386062e-08
2.119615e-07
-8.040327e-08
2.091341e-07
-1.063828e-07
2.049218e-07
-1.316228e-07
1.993714e-07
-1.559565e-07
1.925393e-07
-1.792281e-07
1.844926e-07
-2.012942e-07
1.753072e-07
-2.220245e-07
1.650658e-07
-2.413022e-07
1.538558e-07
-2.590238e-07
1.417676e-07
-2.750991e-07
1.288928e-07
-2.894507e-07
1.153229e-07
-3.020128e-07
1.011481e-07
-3.127308e-07
8.645629e-08
-3.215604e-07
7.13331e-08
-3.284665e-07
5.586127e-08
-3.334226e-07
4.012093e-08
-3.364104e-07
2.418992e-08
-3.374186e-07
8.144318e-09
-3.364434e-07
-7.940922e-09
-3.33488e-07
-2.399117e-08
-3.285627e-07
-3.993138e-08
-3.216853e-07
-5.568532e-08
-3.128818e-07
-7.11749e-08
-3.021863e-07
-8.631967e-08
-2.896429e-07
-1.010364e-07
-2.753055e-07
-1.152392e-07
-2.592395e-07
-1.288393e-07
-2.41522e-07
-1.417459e-07
-2.22243e-07
-1.538669e-07
-2.01506e-07
-1.651098e-07
-1.794277e-07
-1.753835e-07
-1.561387e-07
-1.845995e-07
-1.317828e-07
-1.926743e-07
-1.065164e-07
-1.995314e-07
-8.050678e-08
-2.051027e-07
-5.393119e-08
-2.093313e-07
-2.697466e-08
-2.121698e-07
-2.122307e-07
-2.835487e-08
2.403725e-07
-5.668642e-08
2.402931e-07
-8.460907e-08
2.370567e-07
-1.119249e-07
2.322376e-07
-1.384452e-07
2.258917e-07
-1.639924e-07
2.180865e-07
-1.88402e-07
2.089022e-07
-2.115238e-07
1.98429e-07
-2.332227e-07
1.867646e-07
-2.533787e-07
1.740118e-07
-2.718873e-07
1.602762e-07
-2.886584e-07
1.456639e-07
-3.036155e-07
1.302801e-07
-3.166952e-07
1.142278e-07
-3.278453e-07
9.76064e-08
-3.370242e-07
8.051193e-08
-3.441993e-07
6.303638e-08
-3.493465e-07
4.526813e-08
-3.52449e-07
2.729246e-08
-3.534969e-07
9.192227e-09
-3.524867e-07
-8.951182e-09
-3.49421e-07
-2.705685e-08
-3.44309e-07
-4.504331e-08
-3.371669e-07
-6.282751e-08
-3.280178e-07
-8.032392e-08
-3.168937e-07
-9.744378e-08
-3.038356e-07
-1.140946e-07
-2.888949e-07
-1.301799e-07
-2.721348e-07
-1.455994e-07
-2.536312e-07
-1.602495e-07
-2.33474e-07
-1.740241e-07
-2.117677e-07
-1.868162e-07
-1.886321e-07
-1.98519e-07
-1.642027e-07
-2.090289e-07
-1.386301e-07
-2.18247e-07
-1.120794e-07
-2.260821e-07
-8.472882e-08
-2.324532e-07
-5.676811e-08
-2.37292e-07
-2.839621e-08
-2.405417e-07
-2.406269e-07
-2.997579e-08
2.703483e-07
-5.992044e-08
2.702377e-07
-8.942023e-08
2.665565e-07
-1.182607e-07
2.610781e-07
-1.462386e-07
2.538695e-07
-1.731637e-07
2.450116e-07
-1.988615e-07
2.346e-07
-2.231742e-07
2.227417e-07
-2.459615e-07
2.095519e-07
-2.671007e-07
1.951511e-07
-2.864866e-07
1.79662e-07
-3.040299e-07
1.632072e-07
-3.196566e-07
1.459068e-07
-3.333062e-07
1.278774e-07
-3.449303e-07
1.092305e-07
-3.54491e-07
9.007262e-08
-3.619594e-07
7.050482e-08
-3.673146e-07
5.062324e-08
-3.705419e-07
3.051984e-08
-3.716331e-07
1.028341e-08
-3.70585e-07
-9.999282e-09
-3.673998e-07
-3.024204e-08
-3.620851e-07
-5.035799e-08
-3.546545e-07
-7.025815e-08
-3.451282e-07
-8.985028e-08
-3.335341e-07
-1.090378e-07
-3.199096e-07
-1.277192e-07
-3.043022e-07
-1.457873e-07
-2.867718e-07
-1.631297e-07
-2.673922e-07
-1.796292e-07
-2.462519e-07
-1.951644e-07
-2.234564e-07
-2.096117e-07
-1.991281e-07
-2.228472e-07
-1.734077e-07
-2.347493e-07
-1.464534e-07
-2.452013e-07
-1.184403e-07
-2.540951e-07
-8.955956e-08
-2.61334e-07
-6.001554e-08
-2.66836e-07
-3.002393e-08
-2.705333e-07
-2.706508e-07
-3.181984e-08
3.021682e-07
-6.359842e-08
3.020163e-07
-9.488884e-08
2.978469e-07
-1.25457e-07
2.916463e-07
-1.550821e-07
2.834946e-07
-1.835596e-07
2.734891e-07
-2.107034e-07
2.617437e-07
-2.363472e-07
2.483855e-07
-2.603457e-07
2.335504e-07
-2.825739e-07
2.173793e-07
-3.029265e-07
2.000146e-07
-3.213165e-07
1.815972e-07
-3.376735e-07
1.622638e-07
-3.519417e-07
1.421456e-07
-3.640779e-07
1.213667e-07
-3.740495e-07
1.000442e-07
-3.818326e-07
7.828786e-08
-3.874101e-07
5.620078e-08
-3.907709e-07
3.388065e-08
-3.919084e-07
1.142095e-08
-3.908203e-07
-1.108743e-08
-3.875079e-07
-3.355443e-08
-3.819768e-07
-5.588906e-08
-3.742373e-07
-7.799765e-08
-3.643054e-07
-9.978223e-08
-3.52204e-07
-1.211392e-07
-3.37965e-07
-1.419582e-07
-3.216307e-07
-1.621215e-07
-3.032563e-07
-1.815042e-07
-2.829114e-07
-1.999741e-07
-2.606826e-07
-2.173931e-07
-2.366751e-07
-2.336193e-07
-2.110136e-07
-2.485087e-07
-1.838439e-07
-2.61919e-07
-1.553327e-07
-2.737126e-07
-1.256667e-07
-2.837611e-07
-9.50517e-08
-2.91949e-07
-6.370966e-08
-2.981781e-07
-3.187618e-08
-3.023668e-07
-3.02527e-07
-3.390886e-08
3.36077e-07
-6.776333e-08
3.358708e-07
-1.010774e-07
3.31161e-07
-1.335935e-07
3.241623e-07
-1.650702e-07
3.149714e-07
-1.95286e-07
3.037049e-07
-2.240418e-07
2.904995e-07
-2.511625e-07
2.755062e-07
-2.764975e-07
2.588854e-07
-2.999202e-07
2.40802e-07
-3.213269e-07
2.214213e-07
-3.406343e-07
2.009046e-07
-3.577777e-07
1.794072e-07
-3.727081e-07
1.570759e-07
-3.853895e-07
1.340481e-07
-3.957962e-07
1.10451e-07
-4.03911e-07
8.640263e-08
-4.097223e-07
6.201211e-08
-4.132232e-07
3.738148e-08
-4.144095e-07
1.260732e-08
-4.132799e-07
-1.221712e-08
-4.098346e-07
-3.699965e-08
-4.040767e-07
-6.164695e-08
-3.960122e-07
-8.60622e-08
-3.856513e-07
-1.101431e-07
-3.730105e-07
-1.3378e-07
-3.581143e-07
-1.568544e-07
-3.409977e-07
-1.792381e-07
-3.217089e-07
-2.00793e-07
-3.003119e-07
-2.213711e-07
-2.768892e-07
-2.408158e-07
-2.515444e-07
-2.589641e-07
-2.244039e-07
-2.756492e-07
-1.956184e-07
-2.907044e-07
-1.653636e-07
-3.039674e-07
-1.338394e-07
-3.152853e-07
-1.012686e-07
-3.245198e-07
-6.789398e-08
-3.315526e-07
-3.397506e-08
-3.362857e-07
-3.365021e-07
-3.62692e-08
3.723462e-07
-7.246698e-08
3.720685e-07
-1.080611e-07
3.667552e-07
-1.427657e-07
3.58867e-07
-1.763152e-07
3.485209e-07
-2.084683e-07
3.35858e-07
-2.390113e-07
3.210425e-07
-2.677596e-07
3.042545e-07
-2.94558e-07
2.856838e-07
-3.192797e-07
2.655237e-07
-3.418241e-07
2.439656e-07
-3.621143e-07
2.211948e-07
-3.800937e-07
1.973866e-07
-3.957227e-07
1.727049e-07
-4.08975e-07
1.473004e-07
-4.198347e-07
1.213107e-07
-4.282929e-07
9.486079e-08
-4.343453e-07
6.80645e-08
-4.379902e-07
4.10264e-08
-4.39227e-07
1.384415e-08
-4.380553e-07
-1.338889e-08
-4.344742e-07
-4.058069e-08
-4.284834e-07
-6.763781e-08
-4.200832e-07
-9.44624e-08
-4.092767e-07
-1.209496e-07
-3.960716e-07
-1.469851e-07
-3.804827e-07
-1.724433e-07
-3.625351e-07
-1.971857e-07
-3.422674e-07
-2.210607e-07
-3.197352e-07
-2.439033e-07
-2.950146e-07
-2.655364e-07
-2.682057e-07
-2.85773e-07
-2.394351e-07
-3.044199e-07
-2.088581e-07
-3.212814e-07
-1.766598e-07
-3.361657e-07
-1.43055e-07
-3.488901e-07
-1.082863e-07
-3.592885e-07
-7.262101e-08
-3.672179e-07
-3.634729e-08
-3.725595e-07
-3.728494e-07
-3.893281e-08
4.11279e-07
-7.777203e-08
4.109078e-07
-1.159306e-07
4.049137e-07
-1.530886e-07
3.96025e-07
-1.889517e-07
3.843839e-07
-2.232556e-07
3.70162e-07
-2.557706e-07
3.535575e-07
-2.863021e-07
3.34786e-07
-3.146913e-07
3.14073e-07
-3.408131e-07
2.916454e-07
-3.645728e-07
2.677254e-07
-3.85903e-07
2.42525e-07
-4.047587e-07
2.162423e-07
-4.211131e-07
1.890593e-07
-4.34953e-07
1.611404e-07
-4.462749e-07
1.326326e-07
-4.550809e-07
1.036669e-07
-4.613763e-07
7.435981e-08
-4.65166e-07
4.481616e-08
-4.664538e-07
1.513197e-08
-4.652406e-07
-1.46021e-08
-4.615242e-07
-4.429711e-08
-4.552997e-07
-7.386234e-08
-4.465605e-07
-1.032016e-07
-4.353004e-07
-1.322097e-07
-4.215156e-07
-1.607698e-07
-4.052084e-07
-1.887504e-07
-3.863906e-07
-2.160036e-07
-3.650877e-07
-2.423637e-07
-3.413434e-07
-2.676476e-07
-3.152243e-07
-2.916555e-07
-2.868241e-07
-3.141732e-07
-2.562676e-07
-3.349763e-07
-2.237138e-07
-3.538352e-07
-1.893576e-07
-3.705219e-07
-1.5343e-07
-3.848177e-07
-1.161967e-07
-3.965219e-07
-7.795426e-08
-4.054603e-07
-3.902525e-08
-4.114885e-07
-4.118746e-07
-4.193862e-08
4.532177e-07
-8.375472e-08
4.527239e-07
-1.247958e-07
4.459548e-07
-1.647007e-07
4.3593e-07
-2.031408e-07
4.22824e-07
-2.398256e-07
4.068468e-07
-2.745071e-07
3.88239e-07
-3.069814e-07
3.672603e-07
-3.370874e-07
3.441791e-07
-3.647046e-07
3.192626e-07
-3.897482e-07
2.927689e-07
-4.121642e-07
2.64941e-07
-4.319238e-07
2.360019e-07
-4.490174e-07
2.061529e-07
-4.634489e-07
1.755719e-07
-4.752311e-07
1.444148e-07
-4.843804e-07
1.128162e-07
-4.909137e-07
8.089304e-08
-4.948448e-07
4.874726e-08
-4.961827e-07
1.646991e-08
-4.949302e-07
-1.585462e-08
-4.910832e-07
-4.814413e-08
-4.846313e-07
-8.031421e-08
-4.755592e-07
-1.122737e-07
-4.638486e-07
-1.439203e-07
-4.494815e-07
-1.75137e-07
-4.324435e-07
-2.057884e-07
-4.127292e-07
-2.357179e-07
-3.903464e-07
-2.647465e-07
-3.653225e-07
-2.926715e-07
-3.377102e-07
-3.192678e-07
-3.075931e-07
-3.442903e-07
-2.750913e-07
-3.674782e-07
-2.403655e-07
-3.88561e-07
-2.036203e-07
-4.072671e-07
-1.651048e-07
-4.233332e-07
-1.251113e-07
-4.365154e-07
-8.397107e-08
-4.466005e-07
-4.204846e-08
-4.534111e-07
-4.539231e-07
-4.533438e-08
4.98552e-07
-9.050832e-08
4.978978e-07
-1.347906e-07
4.90237e-07
-1.777701e-07
4.789095e-07
-2.190771e-07
4.641309e-07
-2.583907e-07
4.461603e-07
-2.954433e-07
4.252916e-07
-3.300221e-07
4.018391e-07
-3.619668e-07
3.761238e-07
-3.911654e-07
3.484611e-07
-4.175479e-07
3.191515e-07
-4.410797e-07
2.884728e-07
-4.617538e-07
2.56676e-07
-4.795833e-07
2.239824e-07
-4.945946e-07
1.905833e-07
-5.06821e-07
1.566411e-07
-5.162971e-07
1.222923e-07
-5.230546e-07
8.765046e-08
-5.271181e-07
5.281084e-08
-5.285036e-07
1.785534e-08
-5.272157e-07
-1.714243e-08
-5.232484e-07
-5.211151e-08
-5.165843e-07
-8.697827e-08
-5.071972e-07
-1.216608e-07
-4.950538e-07
-1.560637e-07
-4.801178e-07
-1.90073e-07
-4.62354e-07
-2.235522e-07
-4.417341e-07
-2.563378e-07
-4.18243e-07
-2.882376e-07
-3.918857e-07
-3.190287e-07
-3.626953e-07
-3.484582e-07
-3.307402e-07
-3.762455e-07
-2.961313e-07
-4.020871e-07
-2.590285e-07
-4.256637e-07
-2.196452e-07
-4.466504e-07
-1.7825e-07
-4.647284e-07
-1.35166e-07
-4.795994e-07
-9.076614e-08
-4.910003e-07
-4.546539e-08
-4.987118e-07
-4.993885e-07
-4.917914e-08
5.477312e-07
-9.814789e-08
5.468665e-07
-1.460797e-07
5.381688e-07
-1.925022e-07
5.25332e-07
-2.369964e-07
5.086252e-07
-2.792063e-07
4.883703e-07
-3.188438e-07
4.649291e-07
-3.556888e-07
4.386841e-07
-3.895858e-07
4.100207e-07
-4.204371e-07
3.793125e-07
-4.481949e-07
3.469092e-07
-4.72851e-07
3.131289e-07
-4.944275e-07
2.782526e-07
-5.129675e-07
2.425224e-07
-5.28526e-07
2.061417e-07
-5.411624e-07
1.692776e-07
-5.509341e-07
1.32064e-07
-5.578911e-07
9.460739e-08
-5.620716e-07
5.699135e-08
-5.634996e-07
1.928333e-08
-5.621828e-07
-1.845925e-08
-5.58112e-07
-5.618225e-08
-5.51262e-07
-9.382832e-08
-5.415926e-07
-1.313301e-07
-5.290524e-07
-1.686039e-07
-5.135819e-07
-2.055435e-07
-4.951196e-07
-2.420144e-07
-4.736082e-07
-2.778492e-07
-4.490022e-07
-3.128436e-07
-4.212771e-07
-3.467538e-07
-3.904386e-07
-3.792967e-07
-3.565327e-07
-4.101514e-07
-3.196555e-07
-4.389643e-07
-2.799616e-07
-4.653576e-07
-2.376712e-07
-4.889408e-07
-1.930739e-07
-5.093258e-07
-1.465281e-07
-5.261453e-07
-9.845634e-08
-5.390721e-07
-4.933605e-08
-5.478321e-07
-5.487245e-07
-5.354653e-08
6.012777e-07
-1.068165e-07
6.001365e-07
-1.588668e-07
5.902191e-07
-2.091493e-07
5.756145e-07
-2.571862e-07
5.56662e-07
-3.025812e-07
5.337653e-07
-3.45025e-07
5.073729e-07
-3.842936e-07
4.779527e-07
-4.202426e-07
4.459697e-07
-4.52797e-07
4.118669e-07
-4.819401e-07
3.760523e-07
-5.077e-07
3.388888e-07
-5.301374e-07
3.0069e-07
-5.493339e-07
2.617189e-07
-5.653808e-07
2.221886e-07
-5.783704e-07
1.822671e-07
-5.88388e-07
1.420817e-07
-5.955062e-07
1.017256e-07
-5.997798e-07
6.126494e-08
-6.012427e-07
2.074623e-08
-5.99906e-07
-1.979596e-08
-5.957572e-07
-6.033103e-08
-5.88761e-07
-1.008245e-07
-5.788609e-07
-1.412302e-07
-5.659826e-07
-1.814822e-07
-5.500386e-07
-2.214876e-07
-5.309341e-07
-2.611189e-07
-5.085751e-07
-3.002083e-07
-4.828771e-07
-3.385415e-07
-4.537763e-07
-3.758545e-07
-4.212415e-07
-4.118315e-07
-3.852866e-07
-4.461062e-07
-3.459844e-07
-4.782666e-07
-3.034777e-07
-5.078643e-07
-2.579904e-07
-5.344281e-07
-2.098329e-07
-5.574832e-07
-1.594044e-07
-5.765738e-07
-1.071872e-07
-5.912893e-07
-5.373532e-08
-6.01284e-07
-6.024598e-07
-5.852932e-08
6.59807e-07
-1.166938e-07
6.583009e-07
-1.734061e-07
6.469315e-07
-2.280243e-07
6.302327e-07
-2.799997e-07
6.086374e-07
-3.288904e-07
5.826561e-07
-3.743666e-07
5.528491e-07
-4.162062e-07
5.197923e-07
-4.542849e-07
4.840484e-07
-4.885623e-07
4.461443e-07
-5.19065e-07
4.06555e-07
-5.458701e-07
3.656938e-07
-5.690886e-07
3.239086e-07
-5.888512e-07
2.814815e-07
-6.05295e-07
2.386324e-07
-6.185527e-07
1.955248e-07
-6.28744e-07
1.52273e-07
-6.359687e-07
1.089503e-07
-6.403014e-07
6.559767e-08
-6.417881e-07
2.223294e-08
-6.40444e-07
-2.11401e-08
-6.362526e-07
-6.452244e-08
-6.291666e-07
-1.079105e-07
-6.191099e-07
-1.51287e-07
-6.059807e-07
-1.946114e-07
-5.89657e-07
-2.378112e-07
-5.700034e-07
-2.807725e-07
-5.468796e-07
-3.233321e-07
-5.201514e-07
-3.652698e-07
-4.897036e-07
-4.063023e-07
-4.554553e-07
-4.460798e-07
-4.173759e-07
-4.841856e-07
-3.755026e-07
-5.201399e-07
-3.299574e-07
-5.534096e-07
-2.809612e-07
-5.834243e-07
-2.288451e-07
-6.095993e-07
-1.740537e-07
-6.313651e-07
-1.171414e-07
-6.482017e-07
-5.875766e-08
-6.596677e-07
-6.612175e-07
-6.424563e-08
7.240527e-07
-1.280075e-07
7.220628e-07
-1.900183e-07
7.089422e-07
-2.495184e-07
6.897328e-07
-3.058738e-07
6.649927e-07
-3.585922e-07
6.353745e-07
-4.073263e-07
6.015832e-07
-4.518651e-07
5.643312e-07
-4.921186e-07
5.243018e-07
-5.280961e-07
4.821219e-07
-5.598847e-07
4.383436e-07
-5.876262e-07
3.934354e-07
-6.114971e-07
3.477794e-07
-6.316899e-07
3.016743e-07
-6.483982e-07
2.553407e-07
-6.618045e-07
2.089311e-07
-6.720696e-07
1.625382e-07
-6.79326e-07
1.162067e-07
-6.836718e-07
6.994346e-08
-6.851671e-07
2.372825e-08
-6.83832e-07
-2.247526e-08
-6.796454e-07
-6.870905e-08
-6.725461e-07
-1.150098e-07
-6.624344e-07
-1.613986e-07
-6.491762e-07
-2.078697e-07
-6.32608e-07
-2.543794e-07
-6.125444e-07
-3.00836e-07
-5.887882e-07
-3.470884e-07
-5.611422e-07
-3.929158e-07
-5.294252e-07
-4.380193e-07
-4.934901e-07
-4.82015e-07
-4.532445e-07
-5.244311e-07
-4.086742e-07
-5.647102e-07
-3.598657e-07
-6.022181e-07
-3.070277e-07
-6.362623e-07
-2.505081e-07
-6.661189e-07
-1.908024e-07
-6.910708e-07
-1.285511e-07
-7.10453e-07
-6.452346e-08
-7.236954e-07
-7.25741e-07
-7.084772e-08
7.949004e-07
-1.4105e-07
7.922652e-07
-2.091115e-07
7.770037e-07
-2.741245e-07
7.547458e-07
-3.353529e-07
7.262211e-07
-3.922501e-07
6.922717e-07
-4.444582e-07
6.537913e-07
-4.917926e-07
6.116656e-07
-5.342169e-07
5.667262e-07
-5.718129e-07
5.197178e-07
-6.047495e-07
4.712802e-07
-6.332542e-07
4.2194e-07
-6.575865e-07
3.721118e-07
-6.780167e-07
3.221045e-07
-6.948075e-07
2.721315e-07
-7.082006e-07
2.223242e-07
-7.184069e-07
1.727444e-07
-7.255969e-07
1.233967e-07
-7.298958e-07
7.424235e-08
-7.313798e-07
2.521231e-08
-7.300745e-07
-2.378057e-08
-7.259538e-07
-7.282978e-08
-7.189406e-07
-1.220231e-07
-7.089086e-07
-1.714306e-07
-6.956855e-07
-2.210928e-07
-6.790581e-07
-2.710067e-07
-6.587811e-07
-3.21113e-07
-6.345877e-07
-3.712818e-07
-6.062023e-07
-4.213011e-07
-5.733591e-07
-4.708624e-07
-5.358241e-07
-5.195501e-07
-4.934208e-07
-5.668344e-07
-4.460608e-07
-6.120702e-07
-3.937748e-07
-6.545042e-07
-3.367435e-07
-6.932935e-07
-2.753241e-07
-7.275383e-07
-2.100665e-07
-7.563285e-07
-1.417145e-07
-7.788049e-07
-7.118812e-08
-7.942218e-07
-7.969291e-07
-7.853453e-08
8.734349e-07
-1.562009e-07
8.699316e-07
-2.312112e-07
8.520139e-07
-3.024703e-07
8.26005e-07
-3.691206e-07
7.928714e-07
-4.305605e-07
7.537115e-07
-4.864354e-07
7.096662e-07
-5.366106e-07
6.618409e-07
-5.811323e-07
6.112478e-07
-6.201842e-07
5.587698e-07
-6.540466e-07
5.051426e-07
-6.83058e-07
4.509514e-07
-7.07583e-07
3.966368e-07
-7.279863e-07
3.425078e-07
-7.446161e-07
2.887613e-07
-7.577862e-07
2.354943e-07
-7.677638e-07
1.827221e-07
-7.747629e-07
1.303957e-07
-7.789389e-07
7.841839e-08
-7.803863e-07
2.665974e-08
-7.791368e-07
-2.503009e-08
-7.751587e-07
-7.680791e-08
-7.683573e-07
-1.288244e-07
-7.585764e-07
-1.812115e-07
-7.456008e-07
-2.340684e-07
-7.291607e-07
-2.874468e-07
-7.089391e-07
-3.413347e-07
-6.845827e-07
-3.956382e-07
-6.557205e-07
-4.501633e-07
-6.219803e-07
-5.046026e-07
-5.830148e-07
-5.585156e-07
-5.385342e-07
-6.113149e-07
-4.883449e-07
-6.622595e-07
-4.32392e-07
-7.10457e-07
-3.70804e-07
-7.548816e-07
-3.039325e-07
-7.944097e-07
-2.323821e-07
-8.278789e-07
-1.570193e-07
-8.541676e-07
-7.895495e-08
-8.722862e-07
-8.75884e-07
-8.756995e-08
9.610049e-07
-1.739601e-07
9.563217e-07
-2.570019e-07
9.350557e-07
-3.353623e-07
9.043654e-07
-4.080416e-07
8.655508e-07
-4.743888e-07
8.200587e-07
-5.340781e-07
7.693554e-07
-5.870608e-07
7.148236e-07
-6.335068e-07
6.576938e-07
-6.737433e-07
5.990063e-07
-7.081987e-07
5.39598e-07
-7.37353e-07
4.801057e-07
-7.617014e-07
4.209851e-07
-7.8173e-07
3.625365e-07
-7.978874e-07
3.049187e-07
-8.105684e-07
2.481753e-07
-8.201044e-07
1.922581e-07
-8.267575e-07
1.370488e-07
-8.307165e-07
8.237744e-08
-8.320957e-07
2.803898e-08
-8.309336e-07
-2.619223e-08
-8.271925e-07
-8.054904e-08
-8.207587e-07
-1.352582e-07
-8.114433e-07
-1.905269e-07
-7.989835e-07
-2.465282e-07
-7.830458e-07
-3.033845e-07
-7.632319e-07
-3.611486e-07
-7.390881e-07
-4.19782e-07
-7.101208e-07
-4.791306e-07
-6.758252e-07
-5.388982e-07
-6.357103e-07
-5.986305e-07
-5.893348e-07
-6.576904e-07
-5.363579e-07
-7.152364e-07
-4.765969e-07
-7.70218e-07
-4.100897e-07
-8.213889e-07
-3.371562e-07
-8.673432e-07
-2.584486e-07
-9.065865e-07
-1.749769e-07
-9.376394e-07
-8.809414e-08
-9.591689e-07
-9.639782e-07
-9.831017e-08
1.059315e-06
-1.949956e-07
1.053007e-06
-2.873869e-07
1.027447e-06
-3.738476e-07
9.908261e-07
-4.532178e-07
9.44921e-07
-5.248157e-07
8.916566e-07
-5.883871e-07
8.329268e-07
-6.440257e-07
7.704622e-07
-6.920839e-07
7.05752e-07
-7.330871e-07
6.400095e-07
-7.676553e-07
5.741662e-07
-7.964504e-07
5.089008e-07
-8.201392e-07
4.446739e-07
-8.39348e-07
3.817453e-07
-8.546402e-07
3.202108e-07
-8.665019e-07
2.60037e-07
-8.75335e-07
2.010912e-07
-8.814533e-07
1.431671e-07
-8.850813e-07
8.600545e-08
-8.86354e-07
2.931161e-08
-8.853168e-07
-2.722936e-08
-8.819262e-07
-8.393966e-08
-8.760488e-07
-1.411356e-07
-8.67461e-07
-1.991146e-07
-8.558492e-07
-2.5814e-07
-8.408102e-07
-3.184236e-07
-8.218544e-07
-3.801044e-07
-7.984133e-07
-4.432231e-07
-7.698523e-07
-5.076916e-07
-7.354934e-07
-5.732571e-07
-6.946597e-07
-6.394642e-07
-6.467149e-07
-7.056352e-07
-5.911148e-07
-7.708365e-07
-5.274879e-07
-8.33845e-07
-4.557235e-07
-8.931532e-07
-3.760644e-07
-9.470023e-07
-2.891903e-07
-9.934606e-07
-1.962717e-07
-1.030558e-06
-9.897107e-08
-1.05647e-06
-1.062949e-06
-1.112457e-07
1.170561e-06
-2.202152e-07
1.161977e-06
-3.23574e-07
1.130806e-06
-4.192999e-07
1.086552e-06
-5.060636e-07
1.031685e-06
-5.831949e-07
9.68788e-07
-6.505844e-07
9.003163e-07
-7.085527e-07
8.284305e-07
-7.577172e-07
7.549165e-07
-7.988667e-07
6.81159e-07
-8.328758e-07
6.081754e-07
-8.606517e-07
5.366766e-07
-8.830599e-07
4.670821e-07
-9.008891e-07
3.995745e-07
-9.148314e-07
3.341532e-07
-9.254728e-07
2.706783e-07
-9.332894e-07
2.089079e-07
-9.386486e-07
1.485263e-07
-9.418105e-07
8.916737e-08
-9.429309e-07
3.043198e-08
-9.420625e-07
-2.809772e-08
-9.391559e-07
-8.684627e-08
-9.340583e-07
-1.462332e-07
-9.265118e-07
-2.066611e-07
-9.161505e-07
-2.685013e-07
-9.024977e-07
-3.320763e-07
-8.849654e-07
-3.976367e-07
-8.628561e-07
-4.653324e-07
-8.353724e-07
-5.351752e-07
-8.016359e-07
-6.069936e-07
-7.607218e-07
-6.803783e-07
-7.117323e-07
-7.546248e-07
-6.538538e-07
-8.287149e-07
-5.864412e-07
-9.012575e-07
-5.091475e-07
-9.704469e-07
-4.220616e-07
-1.034088e-06
-3.258448e-07
-1.089677e-06
-2.218359e-07
-1.134567e-06
-1.120901e-07
-1.166215e-06
-1.175039e-06
-1.270685e-07
1.297629e-06
-2.508749e-07
1.285783e-06
-3.672025e-07
1.247134e-06
-4.735397e-07
1.192889e-06
-5.684056e-07
1.126551e-06
-6.512269e-07
1.051609e-06
-7.221591e-07
9.712485e-07
-7.818758e-07
8.881472e-07
-8.313636e-07
8.044043e-07
-8.717685e-07
7.215639e-07
-9.043234e-07
6.407302e-07
-9.302236e-07
5.625768e-07
-9.505678e-07
4.874263e-07
-9.663278e-07
4.153345e-07
-9.783354e-07
3.461608e-07
-9.8728e-07
2.796229e-07
-9.937124e-07
2.153403e-07
-9.980515e-07
1.528654e-07
-1.000591e-06
9.170708e-08
-1.001506e-06
3.134713e-08
-1.000856e-06
-2.874761e-08
-9.98587e-07
-8.911573e-08
-9.945279e-07
-1.502924e-07
-9.883892e-07
-2.127998e-07
-9.797551e-07
-2.771355e-07
-9.680761e-07
-3.437553e-07
-9.526619e-07
-4.13051e-07
-9.326764e-07
-4.853179e-07
-9.071394e-07
-5.607123e-07
-8.749379e-07
-6.391951e-07
-8.348559e-07
-7.204603e-07
-7.856316e-07
-8.038491e-07
-7.260832e-07
-8.882633e-07
-6.55186e-07
-9.721547e-07
-5.722257e-07
-1.053407e-06
-4.770111e-07
-1.129303e-06
-3.700948e-07
-1.196594e-06
-2.529617e-07
-1.2517e-06
-1.281646e-07
-1.291012e-06
-1.303204e-06
-1.467818e-07
1.444411e-06
-2.887461e-07
1.427747e-06
-4.205305e-07
1.378918e-06
-5.390046e-07
1.311363e-06
-6.426161e-07
1.230162e-06
-7.310486e-07
1.140042e-06
-8.049175e-07
1.045117e-06
-8.654238e-07
9.486535e-07
-9.140596e-07
8.530402e-07
-9.525063e-07
7.600105e-07
-9.824278e-07
6.706518e-07
-1.005363e-06
5.85512e-07
-1.022676e-06
5.047389e-07
-1.035536e-06
4.281946e-07
-1.044918e-06
3.555434e-07
-1.051614e-06
2.863184e-07
-1.056241e-06
2.199679e-07
-1.059265e-06
1.558892e-07
-1.061007e-06
9.344891e-08
-1.061657e-06
3.199724e-08
-1.061281e-06
-2.912417e-08
-1.059819e-06
-9.057702e-08
-1.05709e-06
-1.530219e-07
-1.052776e-06
-2.171132e-07
-1.046421e-06
-2.834913e-07
-1.037407e-06
-3.527692e-07
-1.024946e-06
-4.255118e-07
-1.008061e-06
-5.022031e-07
-9.855737e-07
-5.831991e-07
-9.56107e-07
-6.686618e-07
-9.180984e-07
-7.584689e-07
-8.698494e-07
-8.520981e-07
-8.096307e-07
-9.48482e-07
-7.358942e-07
-1.045891e-06
-6.473792e-07
-1.141922e-06
-5.434109e-07
-1.233271e-06
-4.242626e-07
-1.315742e-06
-2.914762e-07
-1.384486e-06
-1.482324e-07
-1.434256e-06
-1.451436e-06
-1.718898e-07
1.616301e-06
-3.363808e-07
1.592238e-06
-4.867201e-07
1.529257e-06
-6.189892e-07
1.443632e-06
-7.317864e-07
1.342959e-06
-8.253403e-07
1.233596e-06
-9.010269e-07
1.120804e-06
-9.607855e-07
1.008412e-06
-1.006915e-06
8.991698e-07
-1.04177e-06
7.94865e-07
-1.067536e-06
6.964183e-07
-1.086149e-06
6.041252e-07
-1.099261e-06
5.178511e-07
-1.108244e-06
4.371773e-07
-1.114208e-06
3.615075e-07
-1.118032e-06
2.901417e-07
-1.120388e-06
2.223239e-07
-1.121772e-06
1.572737e-07
-1.122524e-06
9.420127e-08
-1.122844e-06
3.231683e-08
-1.122799e-06
-2.91689e-08
-1.122331e-06
-9.104529e-08
-1.121249e-06
-1.541039e-07
-1.119223e-06
-2.191395e-07
-1.115764e-06
-2.869495e-07
-1.110208e-06
-3.583258e-07
-1.10168e-06
-4.340396e-07
-1.089072e-06
-5.148116e-07
-1.071006e-06
-6.012643e-07
-1.04582e-06
-6.938484e-07
-1.011553e-06
-7.927361e-07
-9.65978e-07
-8.976727e-07
-9.066838e-07
-1.007776e-06
-8.312882e-07
-1.121287e-06
-7.377645e-07
-1.235446e-06
-6.246407e-07
-1.346395e-06
-4.916061e-07
-1.448777e-06
-3.400185e-07
-1.536074e-06
-1.738558e-07
-1.600419e-06
-1.625292e-06
-2.047345e-07
1.821035e-06
-3.975358e-07
1.78504e-06
-5.702709e-07
1.701992e-06
-7.179826e-07
1.591344e-06
-8.399526e-07
1.464929e-06
-9.374435e-07
1.331087e-06
-1.012983e-06
1.196343e-06
-1.069714e-06
1.065143e-06
-1.111041e-06
9.404971e-07
-1.140149e-06
8.239722e-07
-1.159838e-06
7.161074e-07
-1.172478e-06
6.167655e-07
-1.180013e-06
5.253864e-07
-1.184001e-06
4.411648e-07
-1.185662e-06
3.631683e-07
-1.185933e-06
2.904134e-07
-1.185518e-06
2.219081e-07
-1.184921e-06
1.56677e-07
-1.184485e-06
9.376497e-08
-1.184406e-06
3.22378e-08
-1.184752e-06
-2.882286e-08
-1.185466e-06
-9.033047e-08
-1.186365e-06
-1.532055e-07
-1.187117e-06
-2.183869e-07
-1.187229e-06
-2.868376e-07
-1.18601e-06
-3.595449e-07
-1.182532e-06
-4.375174e-07
-1.175582e-06
-5.217623e-07
-1.163602e-06
-6.132436e-07
-1.144643e-06
-7.128079e-07
-1.116312e-06
-8.21067e-07
-1.075765e-06
-9.382191e-07
-1.01975e-06
-1.063792e-06
-9.447576e-07
-1.196279e-06
-8.475016e-07
-1.332702e-06
-7.253097e-07
-1.468587e-06
-5.767708e-07
-1.597316e-06
-4.024851e-07
-1.71036e-06
-2.074775e-07
-1.795426e-06
-1.83277e-06
-2.491054e-07
2.070141e-06
-4.778651e-07
2.013799e-06
-6.776888e-07
1.901816e-06
-8.421384e-07
1.755794e-06
-9.72367e-07
1.595158e-06
-1.071407e-06
1.430127e-06
-1.143614e-06
1.268549e-06
-1.194026e-06
1.115556e-06
-1.227432e-06
9.739036e-07
-1.248015e-06
8.445549e-07
-1.259259e-06
7.273515e-07
-1.263972e-06
6.214788e-07
-1.26436e-06
5.25774e-07
-1.262118e-06
4.389224e-07
-1.258527e-06
3.595773e-07
-1.25454e-06
2.864263e-07
-1.250849e-06
2.182177e-07
-1.247936e-06
1.537641e-07
-1.246117e-06
9.194532e-08
-1.245572e-06
3.169278e-08
-1.246364e-06
-2.803004e-08
-1.248446e-06
-8.824932e-08
-1.251648e-06
-1.500033e-07
-1.25567e-06
-2.143646e-07
-1.260048e-06
-2.8246e-07
-1.264105e-06
-3.554879e-07
-1.266905e-06
-4.347173e-07
-1.267182e-06
-5.214853e-07
-1.263251e-06
-6.171744e-07
-1.25291e-06
-7.231495e-07
-1.233336e-06
-8.406406e-07
-1.201006e-06
-9.705487e-07
-1.151662e-06
-1.113136e-06
-1.080389e-06
-1.267553e-06
-9.819481e-07
-1.431143e-06
-8.517398e-07
-1.598795e-06
-6.864859e-07
-1.762569e-06
-4.847583e-07
-1.912087e-06
-2.530716e-07
-2.027113e-06
-2.085841e-06
-3.1151e-07
2.381651e-06
-5.860985e-07
2.288388e-06
-8.185273e-07
2.134245e-06
-9.999185e-07
1.937185e-06
-1.135803e-06
1.731043e-06
-1.231933e-06
1.526256e-06
-1.295971e-06
1.332588e-06
-1.335419e-06
1.155003e-06
-1.356773e-06
9.952582e-07
-1.365348e-06
8.531293e-07
-1.365317e-06
7.273212e-07
-1.359871e-06
6.160321e-07
-1.351388e-06
5.172917e-07
-1.341616e-06
4.291502e-07
-1.33182e-06
3.497816e-07
-1.322893e-06
2.774991e-07
-1.315447e-06
2.107718e-07
-1.309897e-06
1.482142e-07
-1.30651e-06
8.855748e-08
-1.305434e-06
3.06174e-08
-1.306725e-06
-2.673974e-08
-1.310343e-06
-8.463104e-08
-1.316155e-06
-1.441912e-07
-1.323913e-06
-2.06607e-07
-1.333221e-06
-2.731517e-07
-1.34349e-06
-3.452191e-07
-1.353853e-06
-4.243543e-07
-1.363069e-06
-5.122685e-07
-1.369419e-06
-6.108249e-07
-1.37054e-06
-7.220289e-07
-1.363248e-06
-8.479325e-07
-1.343344e-06
-9.904519e-07
-1.305446e-06
-1.151034e-06
-1.24291e-06
-1.330089e-06
-1.14799e-06
-1.526063e-06
-1.012622e-06
-1.734163e-06
-8.306485e-07
-1.944543e-06
-5.959416e-07
-2.146794e-06
-3.174832e-07
-2.305572e-06
-2.403325e-06
-4.02635e-07
2.784286e-06
-7.355237e-07
2.621276e-06
-1.006894e-06
2.405615e-06
-1.202915e-06
2.133207e-06
-1.338509e-06
1.866637e-06
-1.42437e-06
1.612117e-06
-1.473044e-06
1.381263e-06
-1.495141e-06
1.177099e-06
-1.499133e-06
9.992508e-07
-1.491478e-06
8.454741e-07
-1.476926e-06
7.127692e-07
-1.458888e-06
5.979938e-07
-1.439761e-06
4.981651e-07
-1.421205e-06
4.105944e-07
-1.404319e-06
3.328952e-07
-1.389826e-06
2.630058e-07
-1.378198e-06
1.991439e-07
-1.369736e-06
1.397528e-07
-1.364625e-06
8.34462e-08
-1.362964e-06
2.895684e-08
-1.364792e-06
-2.491268e-08
-1.370086e-06
-7.933666e-08
-1.378765e-06
-1.355124e-07
-1.390665e-06
-1.947072e-07
-1.405508e-06
-2.583085e-07
-1.42285e-06
-3.278766e-07
-1.442003e-06
-4.052021e-07
-1.461907e-06
-4.923639e-07
-1.480951e-06
-5.91781e-07
-1.496779e-06
-7.062007e-07
-1.506018e-06
-8.386937e-07
-1.503928e-06
-9.925422e-07
-1.48401e-06
-1.170951e-06
-1.437653e-06
-1.376446e-06
-1.353956e-06
-1.60976e-06
-1.219862e-06
-1.868257e-06
-1.023911e-06
-2.140494e-06
-7.499802e-07
-2.420725e-06
-4.121373e-07
-2.643414e-06
-2.815462e-06
-5.484131e-07
3.332699e-06
-9.485926e-07
3.021456e-06
-1.264701e-06
2.721723e-06
-1.466675e-06
2.335181e-06
-1.590288e-06
1.990249e-06
-1.654201e-06
1.67603e-06
-1.677163e-06
1.404225e-06
-1.673439e-06
1.173376e-06
-1.653508e-06
9.793194e-07
-1.624741e-06
8.167075e-07
-1.592157e-06
6.801847e-07
-1.559099e-06
5.64936e-07
-1.527697e-06
4.667635e-07
-1.499242e-06
3.821393e-07
-1.47451e-06
3.081636e-07
-1.453955e-06
2.424504e-07
-1.437828e-06
1.830166e-07
-1.426261e-06
1.281859e-07
-1.41932e-06
7.650515e-08
-1.417035e-06
2.667233e-08
-1.419421e-06
-2.252681e-08
-1.42648e-06
-7.227769e-08
-1.4382e-06
-1.23793e-07
-1.454535e-06
-1.783715e-07
-1.475381e-06
-2.374626e-07
-1.500519e-06
-3.02739e-07
-1.529538e-06
-3.761827e-07
-1.561717e-06
-4.601852e-07
-1.595834e-06
-5.576641e-07
-1.629845e-06
-6.721889e-07
-1.660491e-06
-8.080477e-07
-1.682828e-06
-9.702052e-07
-1.689512e-06
-1.164268e-06
-1.669987e-06
-1.39597e-06
-1.609695e-06
-1.670053e-06
-1.48925e-06
-1.988702e-06
-1.288924e-06
-2.34082e-06
-9.701061e-07
-2.739543e-06
-5.640394e-07
-3.049481e-06
-3.379501e-06
-7.53294e-07
4.085993e-06
-1.240868e-06
3.50903e-06
-1.616514e-06
3.097369e-06
-1.809115e-06
2.527782e-06
-1.901535e-06
2.082669e-06
-1.925877e-06
1.700372e-06
-1.908899e-06
1.387247e-06
-1.868644e-06
1.13312e-06
-1.817139e-06
9.278144e-07
-1.762053e-06
7.616224e-07
-1.708102e-06
6.262328e-07
-1.65791e-06
5.147446e-07
-1.612874e-06
4.217277e-07
-1.573682e-06
3.429464e-07
-1.540609e-06
2.750915e-07
-1.513712e-06
2.15553e-07
-1.492935e-06
1.622396e-07
-1.478186e-06
1.134373e-07
-1.469379e-06
6.769769e-08
-1.466455e-06
2.374812e-08
-1.469398e-06
-1.958316e-08
-1.47824e-06
-6.343573e-08
-1.493055e-06
-1.089782e-07
-1.513951e-06
-1.574761e-07
-1.541045e-06
-2.103677e-07
-1.574431e-06
-2.693539e-07
-1.614102e-06
-3.365115e-07
-1.659849e-06
-4.144377e-07
-1.711078e-06
-5.064356e-07
-1.766514e-06
-6.167524e-07
-1.823696e-06
-7.508666e-07
-1.878093e-06
-9.158076e-07
-1.922192e-06
-1.120169e-06
-1.944049e-06
-1.374114e-06
-1.925453e-06
-1.688649e-06
-1.838949e-06
-2.075206e-06
-1.651767e-06
-2.528002e-06
-1.274655e-06
-3.116655e-06
-7.834791e-07
-3.540657e-06
-4.16298e-06
-1.251433e-06
5.337426e-06
-1.769588e-06
4.027185e-06
-2.151518e-06
3.479299e-06
-2.264818e-06
2.641083e-06
-2.285331e-06
2.103182e-06
-2.242021e-06
1.657062e-06
-2.165742e-06
1.310967e-06
-2.076021e-06
1.043399e-06
-1.984914e-06
8.367072e-07
-1.898844e-06
6.755528e-07
-1.82077e-06
5.481586e-07
-1.751874e-06
4.458483e-07
-1.692396e-06
3.622505e-07
-1.642113e-06
2.926631e-07
-1.6006e-06
2.335789e-07
-1.567387e-06
1.823399e-07
-1.542036e-06
1.368881e-07
-1.524183e-06
9.558441e-08
-1.513562e-06
5.707661e-08
-1.510012e-06
2.019808e-08
-1.513484e-06
-1.61109e-08
-1.524039e-06
-5.288055e-08
-1.541851e-06
-9.116639e-08
-1.567204e-06
-1.321235e-07
-1.600484e-06
-1.770869e-07
-1.642167e-06
-2.276715e-07
-1.692774e-06
-2.859042e-07
-1.752807e-06
-3.544054e-07
-1.822601e-06
-4.366409e-07
-1.902079e-06
-5.372744e-07
-1.990287e-06
-6.626583e-07
-2.08459e-06
-8.215047e-07
-2.179015e-06
-1.025743e-06
-2.261918e-06
-1.291211e-06
-2.314198e-06
-1.636369e-06
-2.304118e-06
-2.085286e-06
-2.202878e-06
-2.629241e-06
-1.821371e-06
-3.498163e-06
-1.296892e-06
-4.065136e-06
-5.459872e-06
-1.660106e-06
6.997532e-06
-2.283102e-06
4.650182e-06
-2.723564e-06
3.919761e-06
-2.777515e-06
2.695033e-06
-2.721984e-06
2.047651e-06
-2.589094e-06
1.524172e-06
-2.435625e-06
1.157499e-06
-2.285593e-06
8.933671e-07
-2.148815e-06
6.999293e-07
-2.028453e-06
5.551905e-07
-1.924745e-06
4.444503e-07
-1.836689e-06
3.577922e-07
-1.762869e-06
2.884313e-07
-1.701847e-06
2.316405e-07
-1.652324e-06
1.840565e-07
-1.613212e-06
1.432271e-07
-1.583636e-06
1.073129e-07
-1.56294e-06
7.48878e-08
-1.550663e-06
4.47996e-08
-1.546535e-06
1.607074e-08
-1.550475e-06
-1.217106e-08
-1.562573e-06
-4.078329e-08
-1.583103e-06
-7.063625e-08
-1.612536e-06
-1.026902e-07
-1.65155e-06
-1.380733e-07
-1.701044e-06
-1.78177e-07
-1.762156e-06
-2.247919e-07
-1.836257e-06
-2.803049e-07
-1.924904e-06
-3.479939e-07
-2.029699e-06
-4.324796e-07
-2.151931e-06
-5.404263e-07
-2.291798e-06
-6.816376e-07
-2.446764e-06
-8.707777e-07
-2.607852e-06
-1.130123e-06
-2.751427e-06
-1.492793e-06
-2.820774e-06
-2.01594e-06
-2.792592e-06
-2.657424e-06
-2.367908e-06
-3.922846e-06
-1.779661e-06
-4.653383e-06
-7.239533e-06
-3.896241e-06
1.089377e-05
-4.021552e-06
4.775493e-06
-4.008533e-06
3.906742e-06
-3.669679e-06
2.356178e-06
-3.311319e-06
1.689291e-06
-2.988045e-06
1.200898e-06
-2.715556e-06
8.850099e-07
-2.487759e-06
6.655702e-07
-2.298605e-06
5.107746e-07
-2.142223e-06
3.988092e-07
-2.013266e-06
3.154934e-07
-1.907208e-06
2.517343e-07
-1.820378e-06
2.016004e-07
-1.749865e-06
1.611281e-07
-1.693404e-06
1.275957e-07
-1.649256e-06
9.907863e-08
-1.616114e-06
7.417087e-08
-1.593031e-06
5.180545e-08
-1.579367e-06
3.113509e-08
-1.574741e-06
1.144471e-08
-1.579059e-06
-7.852732e-09
-1.592421e-06
-2.742188e-08
-1.615196e-06
-4.786101e-08
-1.648031e-06
-6.98548e-08
-1.691881e-06
-9.422378e-08
-1.748066e-06
-1.219919e-07
-1.818356e-06
-1.545017e-07
-1.905076e-06
-1.935854e-07
-2.011238e-06
-2.418313e-07
-2.140707e-06
-3.030109e-07
-2.298359e-06
-3.827742e-07
-2.490221e-06
-4.897757e-07
-2.723737e-06
-6.372612e-07
-3.009098e-06
-8.447626e-07
-3.352651e-06
-1.14924e-06
-3.737844e-06
-1.630747e-06
-4.125669e-06
-2.269599e-06
-4.167942e-06
-3.880573e-06
-4.045795e-06
-4.775529e-06
-1.128533e-05
-4.767168e-06
1.566094e-05
-4.790269e-06
4.798594e-06
-4.673898e-06
3.790371e-06
-4.165732e-06
1.848013e-06
-3.658754e-06
1.182313e-06
-3.218968e-06
7.611122e-07
-2.851877e-06
5.179192e-07
-2.556867e-06
3.705602e-07
-2.321547e-06
2.754545e-07
-2.133521e-06
2.107835e-07
-1.982679e-06
1.646508e-07
-1.861277e-06
1.303323e-07
-1.763525e-06
1.038488e-07
-1.685133e-06
8.273558e-08
-1.622931e-06
6.539454e-08
-1.574593e-06
5.074068e-08
-1.538426e-06
3.800345e-08
-1.51323e-06
2.660963e-08
-1.498206e-06
1.611043e-08
-1.492892e-06
6.130655e-09
-1.497106e-06
-3.638266e-09
-1.511005e-06
-1.352256e-08
-1.535009e-06
-2.385743e-08
-1.56988e-06
-3.498368e-08
-1.616775e-06
-4.732898e-08
-1.677334e-06
-6.14327e-08
-1.753822e-06
-7.801328e-08
-1.84933e-06
-9.807826e-08
-1.968048e-06
-1.231134e-07
-2.115634e-06
-1.554241e-07
-2.299635e-06
-1.987737e-07
-2.529796e-06
-2.596149e-07
-2.817496e-06
-3.495613e-07
-3.171625e-06
-4.906333e-07
-3.59608e-06
-7.247846e-07
-4.082103e-06
-1.144724e-06
-4.562485e-06
-1.789216e-06
-4.669028e-06
-3.77403e-06
-4.582037e-06
-4.86252e-06
-1.586737e-05
1.566094e-05
2.045953e-05
2.42499e-05
2.609792e-05
2.728023e-05
2.804134e-05
2.855926e-05
2.892982e-05
2.920528e-05
2.941606e-05
2.958071e-05
2.971104e-05
2.981489e-05
2.989763e-05
2.996302e-05
3.001376e-05
3.005177e-05
3.007838e-05
3.009449e-05
3.010062e-05
3.009698e-05
3.008346e-05
3.00596e-05
3.002461e-05
2.997729e-05
2.991585e-05
2.983784e-05
2.973976e-05
2.961665e-05
2.946122e-05
2.926245e-05
2.900284e-05
2.865327e-05
2.816264e-05
2.743786e-05
2.629313e-05
2.450392e-05
2.072989e-05
1.586737e-05
)
;

boundaryField
{
    movingWall
    {
        type            calculated;
        value           uniform 0;
    }
    fixedWalls
    {
        type            calculated;
        value           uniform 0;
    }
    frontAndBack
    {
        type            empty;
    }
}


// ************************************************************************* //
