/*--------------------------------*- C++ -*----------------------------------*\
| =========                 |                                                 |
| \\      /  F ield         | OpenFOAM: The Open Source CFD Toolbox           |
|  \\    /   O peration     | Version:  2412                                  |
|   \\  /    A nd           | Website:  www.openfoam.com                      |
|    \\/     M anipulation  |                                                 |
\*---------------------------------------------------------------------------*/
FoamFile
{
    version     2.0;
    format      ascii;
    arch        "LSB;label=32;scalar=64";
    class       volVectorField;
    location    "0.4";
    object      U;
}
// * * * * * * * * * * * * * * * * * * * * * * * * * * * * * * * * * * * * * //

dimensions      [0 1 -1 0 0 0 0];

internalField   nonuniform List<vector> 
1600
(
(-4.302483e-06 4.297716e-06 0)
(-1.291001e-05 4.297612e-06 0)
(-2.146314e-05 4.242219e-06 0)
(-2.987659e-05 4.15956e-06 0)
(-3.809794e-05 4.050399e-06 0)
(-4.607491e-05 3.915653e-06 0)
(-5.375739e-05 3.756434e-06 0)
(-6.109763e-05 3.574019e-06 0)
(-6.805061e-05 3.36983e-06 0)
(-7.457427e-05 3.145407e-06 0)
(-8.062975e-05 2.902382e-06 0)
(-8.618152e-05 2.642457e-06 0)
(-9.119751e-05 2.367381e-06 0)
(-9.56492e-05 2.078932e-06 0)
(-9.951163e-05 1.778904e-06 0)
(-0.0001027634 1.469093e-06 0)
(-0.0001053869 1.15129e-06 0)
(-0.0001073677 8.272769e-07 0)
(-0.0001086953 4.988264e-07 0)
(-0.0001093626 1.677012e-07 0)
(-0.000109366 -1.643417e-07 0)
(-0.0001087054 -4.955467e-07 0)
(-0.0001073841 -8.24155e-07 0)
(-0.0001054093 -1.1484e-06 0)
(-0.0001027914 -1.466506e-06 0)
(-9.954438e-05 -1.776682e-06 0)
(-9.568597e-05 -2.077131e-06 0)
(-9.123742e-05 -2.366046e-06 0)
(-8.622359e-05 -2.641623e-06 0)
(-8.067297e-05 -2.902072e-06 0)
(-7.461757e-05 -3.145632e-06 0)
(-6.809292e-05 -3.370587e-06 0)
(-6.11379e-05 -3.575292e-06 0)
(-5.379461e-05 -3.758194e-06 0)
(-4.610816e-05 -3.917858e-06 0)
(-3.812636e-05 -4.052995e-06 0)
(-2.989948e-05 -4.162483e-06 0)
(-2.147991e-05 -4.245395e-06 0)
(-1.292023e-05 -4.30096e-06 0)
(-4.305912e-06 -4.301136e-06 0)
(-4.357885e-06 1.295433e-05 0)
(-1.307613e-05 1.295387e-05 0)
(-2.173904e-05 1.278677e-05 0)
(-3.026017e-05 1.253743e-05 0)
(-3.858633e-05 1.220816e-05 0)
(-4.666452e-05 1.180175e-05 0)
(-5.444394e-05 1.132155e-05 0)
(-6.187623e-05 1.077144e-05 0)
(-6.891581e-05 1.015573e-05 0)
(-7.552014e-05 9.479067e-06 0)
(-8.164996e-05 8.746391e-06 0)
(-8.726938e-05 7.96284e-06 0)
(-9.234606e-05 7.133696e-06 0)
(-9.685124e-05 6.264324e-06 0)
(-0.0001007598 5.360127e-06 0)
(-0.0001040502 4.426517e-06 0)
(-0.0001067047 3.468884e-06 0)
(-0.0001087089 2.492589e-06 0)
(-0.0001100521 1.50296e-06 0)
(-0.0001107272 5.052946e-07 0)
(-0.0001107307 -4.951284e-07 0)
(-0.0001100624 -1.493035e-06 0)
(-0.0001087257 -2.483141e-06 0)
(-0.0001067277 -3.460139e-06 0)
(-0.0001040789 -4.418687e-06 0)
(-0.0001007934 -5.353403e-06 0)
(-9.688897e-05 -6.258871e-06 0)
(-9.238702e-05 -7.129654e-06 0)
(-8.731257e-05 -7.960315e-06 0)
(-8.169432e-05 -8.745452e-06 0)
(-7.55646e-05 -9.479748e-06 0)
(-6.895925e-05 -1.015802e-05 0)
(-6.191759e-05 -1.07753e-05 0)
(-5.448218e-05 -1.132688e-05 0)
(-4.669867e-05 -1.180842e-05 0)
(-3.861553e-05 -1.221603e-05 0)
(-3.028368e-05 -1.254629e-05 0)
(-2.175627e-05 -1.279639e-05 0)
(-1.308663e-05 -1.296401e-05 0)
(-4.361408e-06 -1.296469e-05 0)
(-4.41389e-06 2.172494e-05 0)
(-1.324407e-05 2.172386e-05 0)
(-2.201784e-05 2.144323e-05 0)
(-3.064737e-05 2.102448e-05 0)
(-3.907864e-05 2.047154e-05 0)
(-4.725781e-05 1.978914e-05 0)
(-5.513336e-05 1.898297e-05 0)
(-6.265629e-05 1.805959e-05 0)
(-6.978051e-05 1.702626e-05 0)
(-7.646306e-05 1.589084e-05 0)
(-8.266435e-05 1.466166e-05 0)
(-8.834826e-05 1.334738e-05 0)
(-9.348231e-05 1.195686e-05 0)
(-9.803766e-05 1.049913e-05 0)
(-0.0001019891 8.983249e-06 0)
(-0.0001053153 7.41827e-06 0)
(-0.0001079982 5.813214e-06 0)
(-0.0001100238 4.177035e-06 0)
(-0.0001113813 2.518624e-06 0)
(-0.0001120637 8.468158e-07 0)
(-0.0001120673 -8.295913e-07 0)
(-0.0001113921 -2.501808e-06 0)
(-0.0001100414 -4.161026e-06 0)
(-0.0001080223 -5.798394e-06 0)
(-0.0001053453 -7.404998e-06 0)
(-0.0001020243 -8.971847e-06 0)
(-9.807717e-05 -1.048988e-05 0)
(-9.352522e-05 -1.195e-05 0)
(-8.839352e-05 -1.334308e-05 0)
(-8.271085e-05 -1.466006e-05 0)
(-7.650967e-05 -1.589198e-05 0)
(-6.982607e-05 -1.703013e-05 0)
(-6.269967e-05 -1.806612e-05 0)
(-5.517347e-05 -1.899201e-05 0)
(-4.729365e-05 -1.980046e-05 0)
(-3.910929e-05 -2.048487e-05 0)
(-3.067206e-05 -2.103949e-05 0)
(-2.203593e-05 -2.145954e-05 0)
(-1.32551e-05 -2.174106e-05 0)
(-4.417589e-06 -2.174252e-05 0)
(-4.498512e-06 3.063311e-05 0)
(-1.349781e-05 3.063107e-05 0)
(-2.243902e-05 3.023447e-05 0)
(-3.123227e-05 2.964276e-05 0)
(-3.982219e-05 2.886154e-05 0)
(-4.815373e-05 2.789759e-05 0)
(-5.617424e-05 2.675905e-05 0)
(-6.38338e-05 2.545527e-05 0)
(-7.10855e-05 2.399663e-05 0)
(-7.788577e-05 2.239432e-05 0)
(-8.419454e-05 2.066017e-05 0)
(-8.997537e-05 1.880646e-05 0)
(-9.519556e-05 1.684577e-05 0)
(-9.982618e-05 1.479082e-05 0)
(-0.000103842 1.265438e-05 0)
(-0.0001072217 1.044922e-05 0)
(-0.0001099474 8.187981e-06 0)
(-0.0001120049 5.883224e-06 0)
(-0.0001133838 3.547392e-06 0)
(-0.000114077 1.192836e-06 0)
(-0.0001140808 -1.16815e-06 0)
(-0.0001133953 -3.523289e-06 0)
(-0.0001120238 -5.860275e-06 0)
(-0.0001099731 -8.166733e-06 0)
(-0.0001072538 -1.043018e-05 0)
(-0.0001038796 -1.263803e-05 0)
(-9.986844e-05 -1.477754e-05 0)
(-9.524147e-05 -1.683591e-05 0)
(-9.00238e-05 -1.880029e-05 0)
(-8.424433e-05 -2.065785e-05 0)
(-7.793569e-05 -2.239594e-05 0)
(-7.113432e-05 -2.400217e-05 0)
(-6.38803e-05 -2.546462e-05 0)
(-5.621726e-05 -2.677199e-05 0)
(-4.819217e-05 -2.791382e-05 0)
(-3.985508e-05 -2.888067e-05 0)
(-3.125876e-05 -2.96643e-05 0)
(-2.245844e-05 -3.025789e-05 0)
(-1.350964e-05 -3.065577e-05 0)
(-4.502483e-06 -3.065834e-05 0)
(-4.612558e-06 3.973994e-05 0)
(-1.383976e-05 3.973645e-05 0)
(-2.300658e-05 3.922035e-05 0)
(-3.202031e-05 3.845047e-05 0)
(-4.08238e-05 3.743424e-05 0)
(-4.936031e-05 3.618062e-05 0)
(-5.757568e-05 3.470037e-05 0)
(-6.541871e-05 3.300585e-05 0)
(-7.284146e-05 3.111072e-05 0)
(-7.979952e-05 2.902971e-05 0)
(-8.625221e-05 2.677833e-05 0)
(-9.216267e-05 2.437263e-05 0)
(-9.749796e-05 2.182903e-05 0)
(-0.000102229 1.916408e-05 0)
(-0.0001063307 1.639435e-05 0)
(-0.0001097817 1.353632e-05 0)
(-0.0001125642 1.060633e-05 0)
(-0.0001146644 7.620539e-06 0)
(-0.0001160717 4.594914e-06 0)
(-0.0001167792 1.545296e-06 0)
(-0.0001167834 -1.512567e-06 0)
(-0.0001160842 -4.562954e-06 0)
(-0.0001146849 -7.590104e-06 0)
(-0.0001125923 -1.057815e-05 0)
(-0.0001098166 -1.351106e-05 0)
(-0.0001063717 -1.637263e-05 0)
(-0.0001022751 -1.914644e-05 0)
(-9.754797e-05 -2.181592e-05 0)
(-9.221546e-05 -2.43644e-05 0)
(-8.63065e-05 -2.677521e-05 0)
(-7.985399e-05 -2.903182e-05 0)
(-7.289475e-05 -3.111804e-05 0)
(-6.54695e-05 -3.301822e-05 0)
(-5.762268e-05 -3.471753e-05 0)
(-4.940232e-05 -3.620216e-05 0)
(-4.085976e-05 -3.745964e-05 0)
(-3.204928e-05 -3.847909e-05 0)
(-2.302782e-05 -3.925147e-05 0)
(-1.385271e-05 -3.976926e-05 0)
(-4.616904e-06 -3.977347e-05 0)
(-4.757058e-06 4.91051e-05 0)
(-1.427299e-05 4.909945e-05 0)
(-2.372554e-05 4.845918e-05 0)
(-3.301838e-05 4.750425e-05 0)
(-4.209204e-05 4.62441e-05 0)
(-5.08876e-05 4.469007e-05 0)
(-5.934901e-05 4.285581e-05 0)
(-6.742344e-05 4.075692e-05 0)
(-7.506164e-05 3.841063e-05 0)
(-8.221817e-05 3.583544e-05 0)
(-8.885161e-05 3.305079e-05 0)
(-9.492466e-05 3.007674e-05 0)
(-0.0001004041 2.693369e-05 0)
(-0.0001052609 2.364218e-05 0)
(-0.0001094698 2.022267e-05 0)
(-0.0001130097 1.669545e-05 0)
(-0.0001158631 1.308055e-05 0)
(-0.0001180164 9.397725e-06 0)
(-0.0001194591 5.666455e-06 0)
(-0.0001201844 1.906011e-06 0)
(-0.0001201891 -1.864468e-06 0)
(-0.0001194728 -5.625884e-06 0)
(-0.000118039 -9.359081e-06 0)
(-0.0001158941 -1.304475e-05 0)
(-0.0001130482 -1.666334e-05 0)
(-0.000109515 -2.019504e-05 0)
(-0.0001053117 -2.361972e-05 0)
(-0.0001004594 -2.691698e-05 0)
(-9.498309e-05 -3.006622e-05 0)
(-8.891174e-05 -3.304676e-05 0)
(-8.227852e-05 -3.583805e-05 0)
(-7.512073e-05 -3.841987e-05 0)
(-6.747979e-05 -4.077261e-05 0)
(-5.940119e-05 -4.287759e-05 0)
(-5.093428e-05 -4.471744e-05 0)
(-4.213201e-05 -4.627639e-05 0)
(-3.305059e-05 -4.754067e-05 0)
(-2.374916e-05 -4.849879e-05 0)
(-1.42874e-05 -4.914123e-05 0)
(-4.761892e-06 -4.914779e-05 0)
(-4.933343e-06 5.879077e-05 0)
(-1.480148e-05 5.878202e-05 0)
(-2.460244e-05 5.801163e-05 0)
(-3.423539e-05 5.686292e-05 0)
(-4.363799e-05 5.534753e-05 0)
(-5.27486e-05 5.347951e-05 0)
(-6.150883e-05 5.127569e-05 0)
(-6.986389e-05 4.875527e-05 0)
(-7.776294e-05 4.593937e-05 0)
(-8.515936e-05 4.285062e-05 0)
(-9.201091e-05 3.951269e-05 0)
(-9.827977e-05 3.59499e-05 0)
(-0.0001039325 3.218689e-05 0)
(-0.0001089401 2.824836e-05 0)
(-0.0001132775 2.415878e-05 0)
(-0.0001169238 1.994234e-05 0)
(-0.000119862 1.562277e-05 0)
(-0.0001220785 1.122341e-05 0)
(-0.0001235634 6.767203e-06 0)
(-0.0001243101 2.276773e-06 0)
(-0.0001243153 -2.225444e-06 0)
(-0.0001235788 -6.717069e-06 0)
(-0.0001221037 -1.117565e-05 0)
(-0.0001198965 -1.55785e-05 0)
(-0.0001169669 -1.990261e-05 0)
(-0.0001133281 -2.412458e-05 0)
(-0.000108997 -2.822052e-05 0)
(-0.0001039945 -3.216613e-05 0)
(-9.834524e-05 -3.593678e-05 0)
(-9.207834e-05 -3.950759e-05 0)
(-8.52271e-05 -4.285375e-05 0)
(-7.782931e-05 -4.595071e-05 0)
(-6.992722e-05 -4.877461e-05 0)
(-6.156752e-05 -5.130261e-05 0)
(-5.280112e-05 -5.351338e-05 0)
(-4.368299e-05 -5.538752e-05 0)
(-3.427168e-05 -5.690804e-05 0)
(-2.462906e-05 -5.806074e-05 0)
(-1.481772e-05 -5.883383e-05 0)
(-4.938792e-06 -5.884373e-05 0)
(-5.143083e-06 6.886212e-05 0)
(-1.54302e-05 6.884902e-05 0)
(-2.564544e-05 6.794114e-05 0)
(-3.568248e-05 6.658781e-05 0)
(-4.547544e-05 6.480323e-05 0)
(-5.495944e-05 6.260447e-05 0)
(-6.407326e-05 6.001196e-05 0)
(-7.275976e-05 5.704895e-05 0)
(-8.096628e-05 5.37409e-05 0)
(-8.864485e-05 5.011498e-05 0)
(-9.575234e-05 4.619948e-05 0)
(-0.0001022505 4.202334e-05 0)
(-0.0001081057 3.761574e-05 0)
(-0.000113289 3.30057e-05 0)
(-0.0001177758 2.82219e-05 0)
(-0.0001215457 2.329246e-05 0)
(-0.0001245821 1.824488e-05 0)
(-0.0001268719 1.310603e-05 0)
(-0.0001284057 7.902222e-06 0)
(-0.0001291771 2.659336e-06 0)
(-0.0001291829 -2.597027e-06 0)
(-0.000128423 -7.841353e-06 0)
(-0.0001269004 -1.304801e-05 0)
(-0.000124621 -1.819108e-05 0)
(-0.0001215943 -2.324415e-05 0)
(-0.0001178329 -2.818026e-05 0)
(-0.0001133533 -3.297176e-05 0)
(-0.0001081757 -3.759037e-05 0)
(-0.0001023245 -4.200725e-05 0)
(-9.582871e-05 -4.619313e-05 0)
(-8.872164e-05 -5.011863e-05 0)
(-8.104159e-05 -5.375456e-05 0)
(-7.283169e-05 -5.707237e-05 0)
(-6.413996e-05 -6.004464e-05 0)
(-5.501919e-05 -6.264565e-05 0)
(-4.552666e-05 -6.485191e-05 0)
(-3.572381e-05 -6.664279e-05 0)
(-2.567578e-05 -6.8001e-05 0)
(-1.544871e-05 -6.891221e-05 0)
(-5.149294e-06 -6.892672e-05 0)
(-5.388332e-06 7.938803e-05 0)
(-1.616529e-05 7.936895e-05 0)
(-2.686459e-05 7.831456e-05 0)
(-3.73733e-05 7.674344e-05 0)
(-4.762133e-05 7.467267e-05 0)
(-5.753986e-05 7.212283e-05 0)
(-6.706436e-05 6.91185e-05 0)
(-7.613496e-05 6.56875e-05 0)
(-8.469691e-05 6.186023e-05 0)
(-9.270078e-05 5.766892e-05 0)
(-0.0001001025 5.314698e-05 0)
(-0.0001068635 4.832839e-05 0)
(-0.0001129502 4.324716e-05 0)
(-0.0001183339 3.793697e-05 0)
(-0.0001229907 3.243082e-05 0)
(-0.0001269008 2.676088e-05 0)
(-0.0001300484 2.095839e-05 0)
(-0.0001324211 1.50537e-05 0)
(-0.0001340101 9.076381e-06 0)
(-0.0001348094 3.055398e-06 0)
(-0.000134816 -2.980671e-06 0)
(-0.0001340298 -9.003366e-06 0)
(-0.0001324535 -1.498408e-05 0)
(-0.0001300927 -2.089378e-05 0)
(-0.000126956 -2.670281e-05 0)
(-0.0001230557 -3.238071e-05 0)
(-0.0001184071 -3.789605e-05 0)
(-0.0001130299 -4.32165e-05 0)
(-0.000106948 -4.830883e-05 0)
(-0.0001001897 -5.313912e-05 0)
(-9.278852e-05 -5.767309e-05 0)
(-8.478305e-05 -6.187645e-05 0)
(-7.621731e-05 -6.57155e-05 0)
(-6.71408e-05 -6.915769e-05 0)
(-5.760839e-05 -7.217232e-05 0)
(-4.768012e-05 -7.473125e-05 0)
(-3.742077e-05 -7.680966e-05 0)
(-2.689944e-05 -7.838673e-05 0)
(-1.618656e-05 -7.944515e-05 0)
(-5.395473e-06 -7.946596e-05 0)
(-5.671588e-06 9.044192e-05 0)
(-1.701417e-05 9.041472e-05 0)
(-2.827203e-05 8.920294e-05 0)
(-3.932438e-05 8.739808e-05 0)
(-5.009606e-05 8.502063e-05 0)
(-6.051361e-05 8.209529e-05 0)
(-7.050859e-05 7.865142e-05 0)
(-8.001804e-05 7.472217e-05 0)
(-8.898486e-05 7.034355e-05 0)
(-9.73581e-05 6.555354e-05 0)
(-0.0001050929 6.039126e-05 0)
(-0.0001121503 5.489624e-05 0)
(-0.0001184971 4.910777e-05 0)
(-0.0001241053 4.306443e-05 0)
(-0.0001289519 3.680377e-05 0)
(-0.0001330182 3.036205e-05 0)
(-0.0001362893 2.377426e-05 0)
(-0.0001387539 1.707412e-05 0)
(-0.000140404 1.029429e-05 0)
(-0.0001412341 3.466574e-06 0)
(-0.0001412417 -3.377717e-06 0)
(-0.0001404264 -1.020745e-05 0)
(-0.0001387908 -1.699128e-05 0)
(-0.0001363398 -2.369732e-05 0)
(-0.0001330812 -3.029283e-05 0)
(-0.0001290262 -3.674393e-05 0)
(-0.0001241891 -4.301548e-05 0)
(-0.0001185885 -4.907097e-05 0)
(-0.0001122472 -5.487263e-05 0)
(-0.000105193 -6.038157e-05 0)
(-9.745897e-05 -6.555819e-05 0)
(-8.908401e-05 -7.036261e-05 0)
(-8.011293e-05 -7.475535e-05 0)
(-7.059677e-05 -7.869803e-05 0)
(-6.059274e-05 -8.215427e-05 0)
(-5.016401e-05 -8.509057e-05 0)
(-3.937929e-05 -8.747724e-05 0)
(-2.831237e-05 -8.928927e-05 0)
(-1.70388e-05 -9.050594e-05 0)
(-5.679857e-06 -9.053522e-05 0)
(-5.995865e-06 0.0001021027 0)
(-1.798583e-05 0.0001020646 0)
(-2.988246e-05 0.0001006823 0)
(-4.155562e-05 9.862455e-05 0)
(-5.292413e-05 9.591584e-05 0)
(-6.390907e-05 9.258579e-05 0)
(-7.443747e-05 8.866942e-05 0)
(-8.444283e-05 8.420607e-05 0)
(-9.386555e-05 7.923825e-05 0)
(-0.0001026531 7.381052e-05 0)
(-0.0001107598 6.796847e-05 0)
(-0.000118147 6.175779e-05 0)
(-0.000124782 5.522353e-05 0)
(-0.0001306379 4.840953e-05 0)
(-0.0001356931 4.135805e-05 0)
(-0.0001399303 3.410956e-05 0)
(-0.0001433363 2.67027e-05 0)
(-0.0001459011 1.917441e-05 0)
(-0.0001476177 1.156018e-05 0)
(-0.0001484814 3.89436e-06 0)
(-0.00014849 -3.78936e-06 0)
(-0.0001476433 -1.145753e-05 0)
(-0.0001459433 -1.907643e-05 0)
(-0.0001433942 -2.661162e-05 0)
(-0.0001400027 -3.402751e-05 0)
(-0.0001357783 -4.1287e-05 0)
(-0.0001307342 -4.835126e-05 0)
(-0.0001248871 -5.517957e-05 0)
(-0.0001182586 -6.172939e-05 0)
(-0.0001108753 -6.795654e-05 0)
(-0.0001027696 -7.381559e-05 0)
(-9.39802e-05 -7.926045e-05 0)
(-8.455272e-05 -8.424509e-05 0)
(-7.453972e-05 -8.872449e-05 0)
(-6.400094e-05 -9.265568e-05 0)
(-5.300309e-05 -9.599888e-05 0)
(-4.161948e-05 -9.871866e-05 0)
(-2.992941e-05 -0.0001007851 0)
(-1.801451e-05 -0.0001021733 0)
(-6.005495e-06 -0.0001022138 0)
(-6.364797e-06 0.0001144558 0)
(-1.909108e-05 0.0001144033 0)
(-3.171349e-05 0.0001128347 0)
(-4.409085e-05 0.000110501 0)
(-5.613481e-05 0.0001074317 0)
(-6.776003e-05 0.0001036621 0)
(-7.888832e-05 9.923406e-05 0)
(-8.944921e-05 9.419429e-05 0)
(-9.938041e-05 8.859288e-05 0)
(-0.0001086279 8.2482e-05 0)
(-0.0001171456 7.59146e-05 0)
(-0.0001248952 6.894328e-05 0)
(-0.0001318453 6.161941e-05 0)
(-0.0001379708 5.39925e-05 0)
(-0.0001432519 4.610972e-05 0)
(-0.0001476735 3.801577e-05 0)
(-0.0001512244 2.975285e-05 0)
(-0.0001538964 2.136086e-05 0)
(-0.000155684 1.287778e-05 0)
(-0.0001565837 4.340092e-06 0)
(-0.0001565936 -4.2166e-06 0)
(-0.0001557135 -1.275701e-05 0)
(-0.0001539449 -2.12455e-05 0)
(-0.0001512909 -2.96455e-05 0)
(-0.0001477566 -3.791892e-05 0)
(-0.0001433499 -4.602569e-05 0)
(-0.0001380817 -5.392338e-05 0)
(-0.0001319666 -6.156705e-05 0)
(-0.0001250241 -6.890918e-05 0)
(-0.0001172792 -7.589988e-05 0)
(-0.0001087629 -8.248737e-05 0)
(-9.95135e-05 -8.861853e-05 0)
(-8.957697e-05 -9.423992e-05 0)
(-7.900737e-05 -9.929882e-05 0)
(-6.786714e-05 -0.0001037445 0)
(-5.622699e-05 -0.0001075299 0)
(-4.416547e-05 -0.0001106125 0)
(-3.176839e-05 -0.0001129566 0)
(-1.912463e-05 -0.0001145323 0)
(-6.376067e-06 -0.0001145878 0)
(-6.782762e-06 0.0001275948 0)
(-2.034291e-05 0.0001275233 0)
(-3.378632e-05 0.0001257493 0)
(-4.695865e-05 0.000123112 0)
(-5.976306e-05 0.0001196468 0)
(-7.210666e-05 0.0001153962 0)
(-8.390526e-05 0.0001104101 0)
(-9.508402e-05 0.000104744 0)
(-0.0001055778 9.845708e-05 0)
(-0.0001153313 9.161029e-05 0)
(-0.0001242986 8.426505e-05 0)
(-0.0001324422 7.648179e-05 0)
(-0.0001397328 6.831887e-05 0)
(-0.0001461476 5.983185e-05 0)
(-0.0001516698 5.107305e-05 0)
(-0.0001562872 4.209138e-05 0)
(-0.0001599912 3.293241e-05 0)
(-0.0001627762 2.363866e-05 0)
(-0.0001646384 1.425013e-05 0)
(-0.0001655758 4.804885e-06 0)
(-0.0001655871 -4.660178e-06 0)
(-0.0001646722 -1.410856e-05 0)
(-0.0001628318 -2.350332e-05 0)
(-0.0001600676 -3.280631e-05 0)
(-0.0001563828 -4.197742e-05 0)
(-0.0001517828 -5.097393e-05 0)
(-0.0001462755 -5.975006e-05 0)
(-0.0001398729 -6.82566e-05 0)
(-0.0001325914 -7.644087e-05 0)
(-0.0001244535 -8.424687e-05 0)
(-0.0001154882 -9.161574e-05 0)
(-0.0001057328 -9.84865e-05 0)
(-9.523301e-05 -0.0001047972 0)
(-8.404434e-05 -0.000110486 0)
(-7.223198e-05 -0.0001154932 0)
(-5.987106e-05 -0.0001197626 0)
(-4.704619e-05 -0.0001232438 0)
(-3.385077e-05 -0.0001258935 0)
(-2.038233e-05 -0.000127676 0)
(-6.796005e-06 -0.0001277512 0)
(-7.255045e-06 0.0001416227 0)
(-2.175704e-05 0.0001415261 0)
(-3.612644e-05 0.0001395238 0)
(-5.019331e-05 0.0001365497 0)
(-6.385065e-05 0.0001326463 0)
(-7.699671e-05 0.0001278651 0)
(-8.954047e-05 0.0001222658 0)
(-0.0001014023 0.0001159146 0)
(-0.0001125142 0.0001088813 0)
(-0.0001228199 0.0001012374 0)
(-0.0001322741 9.30541e-05 0)
(-0.0001408414 8.440062e-05 0)
(-0.0001484953 7.534309e-05 0)
(-0.0001552166 6.594363e-05 0)
(-0.0001609923 5.625986e-05 0)
(-0.0001658141 4.634483e-05 0)
(-0.0001696771 3.624717e-05 0)
(-0.0001725787 2.601156e-05 0)
(-0.0001745178 1.567938e-05 0)
(-0.000175494 5.289562e-06 0)
(-0.000175507 -5.120504e-06 0)
(-0.0001745566 -1.551391e-05 0)
(-0.0001726426 -2.585322e-05 0)
(-0.000169765 -3.609943e-05 0)
(-0.0001659242 -4.621104e-05 0)
(-0.0001611226 -5.614318e-05 0)
(-0.0001553643 -6.584698e-05 0)
(-0.0001486574 -7.526909e-05 0)
(-0.0001410144 -8.435148e-05 0)
(-0.000132454 -9.303155e-05 0)
(-0.0001230025 -0.0001012426 0)
(-0.0001126949 -0.0001089148 0)
(-0.0001015764 -0.0001159762 0)
(-8.970339e-05 -0.0001223544 0)
(-7.71438e-05 -0.0001279789 0)
(-6.397762e-05 -0.0001327827 0)
(-5.029636e-05 -0.0001367052 0)
(-3.62024e-05 -0.0001396943 0)
(-2.180352e-05 -0.0001417069 0)
(-7.270668e-06 -0.0001418079 0)
(-7.788057e-06 0.0001566542 0)
(-2.335247e-05 0.0001565248 0)
(-3.87647e-05 0.0001542662 0)
(-5.383613e-05 0.0001509149 0)
(-6.844766e-05 0.0001465225 0)
(-8.248713e-05 0.0001411512 0)
(-9.58557e-05 0.0001348732 0)
(-0.0001084685 0.0001277674 0)
(-0.000120255 0.0001199166 0)
(-0.0001311586 0.0001114046 0)
(-0.0001411354 0.0001023141 0)
(-0.0001501532 9.272435e-05 0)
(-0.0001581897 8.271013e-05 0)
(-0.0001652308 7.234054e-05 0)
(-0.0001712686 6.167868e-05 0)
(-0.0001762999 5.078154e-05 0)
(-0.0001803245 3.970039e-05 0)
(-0.000183344 2.84814e-05 0)
(-0.0001853604 1.716651e-05 0)
(-0.0001863756 5.794559e-06 0)
(-0.0001863906 -5.597563e-06 0)
(-0.000185405 -1.697359e-05 0)
(-0.0001834174 -2.82966e-05 0)
(-0.0001804254 -3.952768e-05 0)
(-0.0001764266 -5.062477e-05 0)
(-0.0001714187 -6.154152e-05 0)
(-0.0001654014 -7.222644e-05 0)
(-0.0001583774 -8.262218e-05 0)
(-0.0001503539 -9.266526e-05 0)
(-0.0001413446 -0.000102286 0)
(-0.0001313715 -0.0001114091 0)
(-0.0001204663 -0.0001199543 0)
(-0.0001086726 -0.0001278383 0)
(-9.604703e-05 -0.0001349763 0)
(-8.266023e-05 -0.0001412844 0)
(-6.859737e-05 -0.0001466827 0)
(-5.395783e-05 -0.0001510982 0)
(-3.885452e-05 -0.0001544676 0)
(-2.340748e-05 -0.0001567387 0)
(-7.806554e-06 -0.0001568735 0)
(-8.389614e-06 0.0001728182 0)
(-2.515235e-05 0.0001726458 0)
(-4.173851e-05 0.0001700968 0)
(-5.793707e-05 0.0001663192 0)
(-7.361435e-05 0.000161376 0)
(-8.864598e-05 0.0001553432 0)
(-0.0001029243 0.0001483081 0)
(-0.0001163589 0.0001403654 0)
(-0.0001288769 0.0001316136 0)
(-0.0001404224 0.0001221512 0)
(-0.0001509544 0.0001120743 0)
(-0.0001604454 0.0001014737 0)
(-0.0001688791 9.043364e-05 0)
(-0.0001762481 7.903078e-05 0)
(-0.0001825513 6.733369e-05 0)
(-0.0001877924 5.540304e-05 0)
(-0.0001919773 4.329207e-05 0)
(-0.0001951126 3.104756e-05 0)
(-0.0001972047 1.871097e-05 0)
(-0.0001982581 6.319812e-06 0)
(-0.0001982752 -6.090798e-06 0)
(-0.0001972557 -1.848656e-05 0)
(-0.0001951967 -3.083232e-05 0)
(-0.0001920931 -4.309052e-05 0)
(-0.0001879381 -5.521959e-05 0)
(-0.0001827242 -6.717262e-05 0)
(-0.000176445 -7.88961e-05 0)
(-0.0001690962 -9.032907e-05 0)
(-0.0001606782 -0.0001014025 0)
(-0.0001511979 -0.0001120392 0)
(-0.0001406708 -0.0001221542 0)
(-0.0001291242 -0.0001316557 0)
(-0.0001165984 -0.0001404468 0)
(-0.0001031495 -0.0001484278 0)
(-8.885023e-05 -0.0001554989 0)
(-7.379139e-05 -0.0001615642 0)
(-5.808126e-05 -0.0001665352 0)
(-4.18451e-05 -0.0001703347 0)
(-2.52177e-05 -0.0001728988 0)
(-8.411595e-06 -0.0001730778 0)
(-9.069312e-06 0.0001902605 0)
(-2.718507e-05 0.0001900319 0)
(-4.509365e-05 0.0001871506 0)
(-6.255691e-05 0.0001828866 0)
(-7.942364e-05 0.0001773175 0)
(-9.555506e-05 0.0001705366 0)
(-0.0001108335 0.0001626503 0)
(-0.000125163 0.000153773 0)
(-0.0001384692 0.000144022 0)
(-0.0001506978 0.0001335137 0)
(-0.0001618129 0.0001223596 0)
(-0.0001717939 0.0001106639 0)
(-0.0001806327 9.852134e-05 0)
(-0.0001883308 8.601649e-05 0)
(-0.0001948964 7.322337e-05 0)
(-0.0002003415 6.020574e-05 0)
(-0.00020468 4.701798e-05 0)
(-0.0002079251 3.37063e-05 0)
(-0.0002100882 2.031028e-05 0)
(-0.0002111774 6.864616e-06 0)
(-0.0002111969 -6.598979e-06 0)
(-0.0002101465 -2.004979e-05 0)
(-0.0002080213 -3.34561e-05 0)
(-0.0002048127 -4.678317e-05 0)
(-0.0002005087 -5.999136e-05 0)
(-0.0001950952 -7.303434e-05 0)
(-0.0001885579 -8.585754e-05 0)
(-0.0001808838 -9.839688e-05 0)
(-0.000172064 -0.0001105779 0)
(-0.0001620963 -0.0001223155 0)
(-0.000150988 -0.000133514 0)
(-0.0001387589 -0.0001440684 0)
(-0.0001254447 -0.0001538659 0)
(-0.0001110991 -0.0001627888 0)
(-9.579668e-05 -0.0001707183 0)
(-7.963364e-05 -0.0001775383 0)
(-6.272832e-05 -0.000183141 0)
(-4.522057e-05 -0.0001874317 0)
(-2.726298e-05 -0.0001903315 0)
(-9.095535e-06 -0.0001905682 0)
(-9.839025e-06 0.0002091486 0)
(-2.94857e-05 0.0002088463 0)
(-4.888644e-05 0.0002055806 0)
(-6.777013e-05 0.0002007559 0)
(-8.596428e-05 0.0001944688 0)
(-0.0001033131 0.0001868346 0)
(-0.0001196879 0.0001779837 0)
(-0.0001349872 0.0001680549 0)
(-0.0001491362 0.0001571891 0)
(-0.0001620847 0.0001455236 0)
(-0.0001738041 0.0001331885 0)
(-0.0001842837 0.0001203028 0)
(-0.0001935265 0.000106973 0)
(-0.000201546 9.329197e-05 0)
(-0.0002083621 7.93388e-05 0)
(-0.0002139978 6.517957e-05 0)
(-0.0002184767 5.086856e-05 0)
(-0.0002218203 3.64499e-05 0)
(-0.0002240463 2.195954e-05 0)
(-0.0002251673 7.427455e-06 0)
(-0.0002251896 -7.120035e-06 0)
(-0.0002241128 -2.165783e-05 0)
(-0.0002219301 -3.615963e-05 0)
(-0.0002186284 -5.059545e-05 0)
(-0.0002141893 -6.492934e-05 0)
(-0.0002085904 -7.91171e-05 0)
(-0.0002018075 -9.310433e-05 0)
(-0.0001938166 -0.0001068247 0)
(-0.0001845969 -0.0001201986 0)
(-0.000174134 -0.0001331328 0)
(-0.0001624237 -0.0001455198 0)
(-0.000149476 -0.0001572394 0)
(-0.0001353188 -0.0001681603 0)
(-0.0001200019 -0.0001781435 0)
(-0.0001035997 -0.0001870462 0)
(-8.621413e-05 -0.0001947278 0)
(-6.797461e-05 -0.0002010559 0)
(-4.903817e-05 -0.000205913 0)
(-2.957896e-05 -0.0002092013 0)
(-9.870438e-06 -0.0002095136 0)
(-1.071358e-05 0.0002296759 0)
(-3.209791e-05 0.000229277 0)
(-5.318683e-05 0.0002255617 0)
(-7.366866e-05 0.0002200841 0)
(-9.334502e-05 0.0002129649 0)
(-0.0001120402 0.0002043483 0)
(-0.0001296132 0.0001943953 0)
(-0.0001459576 0.0001832753 0)
(-0.0001610005 0.0001711577 0)
(-0.0001746984 0.0001582056 0)
(-0.0001870338 0.0001445703 0)
(-0.0001980093 0.000130388 0)
(-0.0002076435 0.000115778 0)
(-0.000215965 0.0001008413 0)
(-0.0002230088 8.566166e-05 0)
(-0.0002288118 7.030623e-05 0)
(-0.0002334096 5.482754e-05 0)
(-0.0002368341 3.926569e-05 0)
(-0.0002391106 2.365081e-05 0)
(-0.000240257 8.005795e-06 0)
(-0.0002402822 -7.650864e-06 0)
(-0.0002391861 -2.330216e-05 0)
(-0.0002369589 -3.892962e-05 0)
(-0.0002335824 -5.451042e-05 0)
(-0.0002290303 -7.001448e-05 0)
(-0.0002232702 -8.540177e-05 0)
(-0.0002162655 -0.0001006197 0)
(-0.0002079781 -0.0001156009 0)
(-0.0001983721 -0.0001302615 0)
(-0.0001874174 -0.0001444996 0)
(-0.0001750946 -0.0001581952 0)
(-0.0001613994 -0.0001712109 0)
(-0.0001463488 -0.0001833938 0)
(-0.000129985 -0.0001945789 0)
(-0.000112381 -0.0002045944 0)
(-9.364329e-05 -0.0002132686 0)
(-7.391353e-05 -0.0002204377 0)
(-5.336898e-05 -0.0002259554 0)
(-3.221007e-05 -0.0002296985 0)
(-1.075139e-05 -0.0002301098 0)
(-1.171167e-05 0.0002520692 0)
(-3.507671e-05 0.000251543 0)
(-5.808243e-05 0.0002472958 0)
(-8.036691e-05 0.0002410491 0)
(-0.0001017001 0.0002329559 0)
(-0.0001218828 0.0002231977 0)
(-0.000140761 0.0002119748 0)
(-0.0001582248 0.0001994952 0)
(-0.0001742059 0.0001859636 0)
(-0.0001886722 0.0001715737 0)
(-0.0002016217 0.000156502 0)
(-0.0002130759 0.0001409039 0)
(-0.0002230732 0.0001249119 0)
(-0.0002316623 0.0001086355 0)
(-0.0002388972 9.216172e-05 0)
(-0.0002448319 7.555713e-05 0)
(-0.0002495172 5.887035e-05 0)
(-0.000252997 4.213493e-05 0)
(-0.0002553062 2.537244e-05 0)
(-0.000256469 8.595848e-06 0)
(-0.0002564975 -8.187119e-06 0)
(-0.0002553916 -2.49705e-05 0)
(-0.0002531384 -4.174665e-05 0)
(-0.0002497133 -5.850275e-05 0)
(-0.0002450806 -7.521739e-05 0)
(-0.0002391956 -9.18572e-05 0)
(-0.0002320067 -0.0001083737 0)
(-0.0002234584 -0.0001247002 0)
(-0.0002134955 -0.0001407496 0)
(-0.0002020677 -0.0001564118 0)
(-0.0001891351 -0.0001715536 0)
(-0.0001746746 -0.0001860182 0)
(-0.0001586868 -0.0001996272 0)
(-0.0001412025 -0.0002121847 0)
(-0.0001222894 -0.0002234832 0)
(-0.0001020575 -0.0002333117 0)
(-8.066141e-05 -0.0002414664 0)
(-5.830215e-05 -0.0002477626 0)
(-3.521228e-05 -0.0002520444 0)
(-1.175741e-05 -0.0002525862 0)
(-1.285715e-05 0.0002765967 0)
(-3.849204e-05 0.0002759024 0)
(-6.36841e-05 0.000271018 0)
(-8.800858e-05 0.0002638548 0)
(-0.0001111965 0.000254609 0)
(-0.0001330213 0.0002435113 0)
(-0.0001533156 0.0002308129 0)
(-0.0001719688 0.0002167702 0)
(-0.000188922 0.0002016317 0)
(-0.0002041601 0.0001856278 0)
(-0.0002177036 0.0001689639 0)
(-0.0002295994 0.0001518167 0)
(-0.0002399118 0.0001343329 0)
(-0.0002487152 0.000116629 0)
(-0.0002560872 9.879382e-05 0)
(-0.0002621031 8.089096e-05 0)
(-0.0002668318 6.296231e-05 0)
(-0.000270332 4.503159e-05 0)
(-0.0002726497 2.710841e-05 0)
(-0.0002738165 9.192345e-06 0)
(-0.0002738486 -8.723082e-06 0)
(-0.0002727456 -2.664638e-05 0)
(-0.0002704912 -4.458415e-05 0)
(-0.0002670532 -6.253707e-05 0)
(-0.0002623848 -8.049586e-05 0)
(-0.0002564265 -9.843717e-05 0)
(-0.0002491085 -0.0001163195 0)
(-0.000240354 -0.0001340793 0)
(-0.0002300837 -0.0001516279 0)
(-0.0002182215 -0.0001688484 0)
(-0.0002047009 -0.0001855934 0)
(-0.000189473 -0.0002016848 0)
(-0.0001725153 -0.0002169152 0)
(-0.0001538411 -0.0002310514 0)
(-0.000133508 -0.0002438417 0)
(-0.0001116264 -0.0002550256 0)
(-8.836449e-05 -0.0002643476 0)
(-6.395057e-05 -0.0002715726 0)
(-3.865685e-05 -0.0002765004 0)
(-1.291283e-05 -0.0002772146 0)
(-1.418082e-05 0.0003035805 0)
(-4.243392e-05 0.0003026626 0)
(-7.013368e-05 0.0002970048 0)
(-9.677589e-05 0.000288736 0)
(-0.0001220436 0.000278111 0)
(-0.0001456789 0.0002654259 0)
(-0.000167502 0.0002509981 0)
(-0.000187406 0.0002351456 0)
(-0.0002053484 0.0002181705 0)
(-0.00022134 0.0002003469 0)
(-0.0002354327 0.0001819135 0)
(-0.0002477069 0.0001630699 0)
(-0.0002582609 0.0001439764 0)
(-0.0002672014 0.0001247554 0)
(-0.0002746352 0.0001054948 0)
(-0.0002806634 8.625185e-05 0)
(-0.0002853766 6.705755e-05 0)
(-0.0002888509 4.79217e-05 0)
(-0.0002911455 2.883791e-05 0)
(-0.0002923005 9.788393e-06 0)
(-0.0002923362 -9.251438e-06 0)
(-0.0002912526 -2.830849e-05 0)
(-0.0002890291 -4.740756e-05 0)
(-0.000285625 -6.656681e-05 0)
(-0.0002809807 -8.579316e-05 0)
(-0.0002750192 -0.0001050774 0)
(-0.0002676488 -0.0001243892 0)
(-0.0002587669 -0.0001436721 0)
(-0.0002482646 -0.0001628381 0)
(-0.0002360331 -0.000181765 0)
(-0.0002219715 -0.0002002919 0)
(-0.0002059965 -0.0002182178 0)
(-0.0001880534 -0.000235302 0)
(-0.000168129 -0.0002512672 0)
(-0.0001462636 -0.000265807 0)
(-0.0001225633 -0.0002785985 0)
(-9.720837e-05 -0.0002893185 0)
(-7.045887e-05 -0.0002976651 0)
(-4.263566e-05 -0.0003033781 0)
(-1.424907e-05 -0.0003043214 0)
(-1.5723e-05 0.0003334119 0)
(-4.70198e-05 0.0003321947 0)
(-7.761476e-05 0.0003255845 0)
(-0.0001069023 0.0003159647 0)
(-0.0001345065 0.0003036702 0)
(-0.0001601342 0.000289085 0)
(-0.0001835959 0.000272613 0)
(-0.0002047964 0.0002546504 0)
(-0.0002237207 0.0002355649 0)
(-0.0002404171 0.0002156823 0)
(-0.0002549806 0.0001952784 0)
(-0.0002675365 0.0001745766 0)
(-0.0002782264 0.0001537498 0)
(-0.0002871968 0.0001329238 0)
(-0.0002945907 0.000112181 0)
(-0.0003005404 9.156697e-05 0)
(-0.000305162 7.109677e-05 0)
(-0.0003085516 5.076151e-05 0)
(-0.000310783 3.053418e-05 0)
(-0.0003119059 1.03751e-05 0)
(-0.0003119455 -9.762925e-06 0)
(-0.0003109017 -2.992967e-05 0)
(-0.0003087495 -5.017261e-05 0)
(-0.0003054388 -7.053196e-05 0)
(-0.0003008954 -9.103552e-05 0)
(-0.0002950226 -0.0001116931 0)
(-0.0002877031 -0.0001324907 0)
(-0.0002788029 -0.0001533839 0)
(-0.0002681766 -0.000174291 0)
(-0.0002556753 -0.0001950867 0)
(-0.0002411538 -0.0002155978 0)
(-0.0002244832 -0.0002355998 0)
(-0.0002055647 -0.0002548147 0)
(-0.0001843461 -0.0002729132 0)
(-0.0001608393 -0.0002895225 0)
(-0.0001351379 -0.0003042398 0)
(-0.0001074311 -0.000316654 0)
(-7.801447e-05 -0.0003263729 0)
(-4.726867e-05 -0.0003330539 0)
(-1.580736e-05 -0.0003343041 0)
(-1.753737e-05 0.0003665734 0)
(-5.24051e-05 0.0003649519 0)
(-8.636813e-05 0.0003571513 0)
(-0.0001186902 0.0003458576 0)
(-0.0001489233 0.0003315178 0)
(-0.0001767361 0.000314635 0)
(-0.0002019367 0.0002957265 0)
(-0.000224454 0.0002752875 0)
(-0.0002443164 0.0002537658 0)
(-0.0002616266 0.0002315468 0)
(-0.0002765384 0.0002089463 0)
(-0.0002892355 0.0001862123 0)
(-0.0002999138 0.0001635275 0)
(-0.0003087702 0.0001410146 0)
(-0.0003159921 0.0001187437 0)
(-0.0003217477 9.674246e-05 0)
(-0.0003261821 7.500418e-05 0)
(-0.0003294135 5.349555e-05 0)
(-0.0003315319 3.216346e-05 0)
(-0.0003325976 1.094117e-05 0)
(-0.000332641 -1.024611e-05 0)
(-0.0003316623 -3.147591e-05 0)
(-0.0003296314 -5.282339e-05 0)
(-0.0003264879 -7.435604e-05 0)
(-0.0003221419 -9.612806e-05 0)
(-0.0003164745 -0.0001181741 0)
(-0.0003093396 -0.0001405025 0)
(-0.0003005671 -0.0001630871 0)
(-0.0002899673 -0.0001858594 0)
(-0.0002773399 -0.0002086981 0)
(-0.0002624847 -0.0002314206 0)
(-0.0002452134 -0.0002537784 0)
(-0.0002253668 -0.0002754535 0)
(-0.0002028368 -0.0002960566 0)
(-0.0001775903 -0.000315134 0)
(-0.0001496949 -0.0003321822 0)
(-0.0001193414 -0.0003466741 0)
(-8.686351e-05 -0.0003580954 0)
(-5.271495e-05 -0.0003659882 0)
(-1.764264e-05 -0.0003676534 0)
(-1.969664e-05 0.0004036696 0)
(-5.879897e-05 0.0004014957 0)
(-9.671396e-05 0.0003921822 0)
(-0.0001325358 0.0003787846 0)
(-0.0001657291 0.000361908 0)
(-0.0001959255 0.0003422187 0)
(-0.0002229434 0.0003203828 0)
(-0.0002467571 0.0002970206 0)
(-0.0002674614 0.0002726758 0)
(-0.0002852366 0.0002478007 0)
(-0.0003003151 0.0002227546 0)
(-0.0003129553 0.0001978073 0)
(-0.0003234241 0.000173143 0)
(-0.0003319807 0.0001488716 0)
(-0.0003388628 0.0001250433 0)
(-0.0003442799 0.0001016599 0)
(-0.0003484089 7.868553e-05 0)
(-0.0003513924 5.605546e-05 0)
(-0.0003533374 3.368434e-05 0)
(-0.0003543155 1.147268e-05 0)
(-0.0003543626 -1.068721e-05 0)
(-0.000353479 -3.290584e-05 0)
(-0.0003516296 -5.52914e-05 0)
(-0.0003487434 -7.794435e-05 0)
(-0.0003447135 -0.0001009515 0)
(-0.000339397 -0.0001243794 0)
(-0.0003326161 -0.0001482662 0)
(-0.0003241598 -0.0001726124 0)
(-0.0003137876 -0.0001973705 0)
(-0.0003012364 -0.0002224325 0)
(-0.0002862341 -0.0002476161 0)
(-0.0002685161 -0.0002726515 0)
(-0.0002478429 -0.0002971777 0)
(-0.0002240266 -0.0003207384 0)
(-0.0001969649 -0.0003427829 0)
(-0.000166678 -0.0003626808 0)
(-0.0001333443 -0.0003797525 0)
(-9.733382e-05 -0.0003933167 0)
(-5.918892e-05 -0.0004027521 0)
(-1.982953e-05 -0.0004049849 0)
(-2.230155e-05 0.0004454712 0)
(-6.64881e-05 0.000442531 0)
(-0.0001090846 0.0004312606 0)
(-0.0001489644 0.0004151774 0)
(-0.0001854892 0.0003951149 0)
(-0.0002182613 0.0003719631 0)
(-0.0002471347 0.0003465843 0)
(-0.000272161 0.0003197543 0)
(-0.0002935363 0.0002921292 0)
(-0.0003115478 0.0002642361 0)
(-0.0003265318 0.0002364783 0)
(-0.000338847 0.0002091348 0)
(-0.0003488495 0.0001823781 0)
(-0.0003568699 0.0001562955 0)
(-0.0003632037 0.0001309056 0)
(-0.0003681055 0.0001061741 0)
(-0.0003717865 8.202645e-05 0)
(-0.0003744147 5.835899e-05 0)
(-0.0003761147 3.50472e-05 0)
(-0.0003769691 1.195288e-05 0)
(-0.0003770195 -1.107002e-05 0)
(-0.0003762665 -3.417028e-05 0)
(-0.0003746699 -5.749458e-05 0)
(-0.000372148 -8.118233e-05 0)
(-0.0003685769 -0.0001053599 0)
(-0.0003637891 -0.0001301335 0)
(-0.0003575726 -0.0001555805 0)
(-0.0003496715 -0.0001817387 0)
(-0.0003397874 -0.0002085931 0)
(-0.0003275855 -0.0002360602 0)
(-0.0003127037 -0.0002639706 0)
(-0.0002947751 -0.000292047 0)
(-0.0002734538 -0.0003198857 0)
(-0.0002484419 -0.0003469556 0)
(-0.0002195326 -0.0003725931 0)
(-0.0001866645 -0.0003960096 0)
(-0.0001499773 -0.0004163255 0)
(-0.0001098689 -0.0004326291 0)
(-6.698512e-05 -0.0004440636 0)
(-2.247163e-05 -0.000447085 0)
(-2.54954e-05 0.0004929799 0)
(-7.587398e-05 0.0004889559 0)
(-0.0001240734 0.0004751052 0)
(-0.0001686814 0.000455538 0)
(-0.0002089435 0.0004314231 0)
(-0.0002444561 0.000403959 0)
(-0.0002751522 0.0003742643 0)
(-0.0003012121 0.0003433053 0)
(-0.0003229795 0.0003118667 0)
(-0.0003408875 0.0002805592 0)
(-0.0003554165 0.0002498118 0)
(-0.0003670554 0.000219895 0)
(-0.0003762633 0.0001909548 0)
(-0.0003834532 0.0001630384 0)
(-0.0003889843 0.000136118 0)
(-0.0003931591 0.0001101101 0)
(-0.000396224 8.489117e-05 0)
(-0.0003983716 6.030936e-05 0)
(-0.0003997435 3.619396e-05 0)
(-0.0004004327 1.23621e-05 0)
(-0.0004004857 -1.137586e-05 0)
(-0.0003999036 -3.521202e-05 0)
(-0.0003986417 -5.933677e-05 0)
(-0.0003966087 -8.393445e-05 0)
(-0.0003936646 -0.0001091781 0)
(-0.0003896176 -0.0001352225 0)
(-0.0003842214 -0.0001621952 0)
(-0.0003771724 -0.0001901843 0)
(-0.0003681092 -0.0002192229 0)
(-0.0003566139 -0.0002492692 0)
(-0.0003422209 -0.0002801826 0)
(-0.0003244312 -0.0003116967 0)
(-0.0003027516 -0.0003433847 0)
(-0.0002767339 -0.0003746333 0)
(-0.0002460189 -0.0004046493 0)
(-0.0002104104 -0.0004324518 0)
(-0.0001699637 -0.0004568991 0)
(-0.0001250784 -0.0004767628 0)
(-7.651706e-05 -0.0004908388 0)
(-2.571674e-05 -0.0004949778 0)
(-2.948892e-05 0.0005475266 0)
(-8.753262e-05 0.0005419303 0)
(-0.0001425089 0.0005246074 0)
(-0.0001926464 0.0005004418 0)
(-0.0002370682 0.0004711076 0)
(-0.0002754201 0.0004382259 0)
(-0.0003077884 0.0004032464 0)
(-0.0003345587 0.0003673606 0)
(-0.0003562823 0.0003315081 0)
(-0.0003736027 0.0002963607 0)
(-0.000387196 0.0002623458 0)
(-0.000397704 0.0002297029 0)
(-0.0004057061 0.0001985254 0)
(-0.0004117067 0.0001687978 0)
(-0.0004161319 0.0001404264 0)
(-0.0004193323 0.000113263 0)
(-0.0004215873 8.712234e-05 0)
(-0.0004231119 6.179549e-05 0)
(-0.0004240619 3.705832e-05 0)
(-0.000424539 1.267782e-05 0)
(-0.0004245937 -1.158384e-05 0)
(-0.0004242274 -3.596626e-05 0)
(-0.0004233923 -6.070812e-05 0)
(-0.0004219893 -8.604415e-05 0)
(-0.000419865 -0.0001122011 0)
(-0.0004168062 -0.0001393918 0)
(-0.0004125344 -0.0001678061 0)
(-0.0004066992 -0.0001975983 0)
(-0.0003988723 -0.0002288693 0)
(-0.0003885453 -0.0002616426 0)
(-0.0003751313 -0.000295833 0)
(-0.0003579772 -0.000331209 0)
(-0.0003363903 -0.0003673487 0)
(-0.0003097065 -0.0004035817 0)
(-0.0002773511 -0.0004389607 0)
(-0.0002389143 -0.0004722773 0)
(-0.0001942884 -0.0005020526 0)
(-0.0001438157 -0.0005266238 0)
(-8.837968e-05 -0.0005442626 0)
(-2.978303e-05 -0.0005500274 0)
(-3.46052e-05 0.0006109271 0)
(-0.0001023137 0.0006029709 0)
(-0.0001655689 0.0005808771 0)
(-0.0002221812 0.0005505301 0)
(-0.0002711593 0.0005143928 0)
(-0.0003123172 0.0004746541 0)
(-0.0003460174 0.0004331778 0)
(-0.0003729504 0.0003914353 0)
(-0.0003939795 0.0003505071 0)
(-0.0004100498 0.0003110805 0)
(-0.0004220742 0.0002735469 0)
(-0.0004308758 0.0002380737 0)
(-0.0004371684 0.0002046654 0)
(-0.0004415522 0.0001732137 0)
(-0.0004445191 0.0001435349 0)
(-0.0004464632 0.0001153977 0)
(-0.0004476915 8.854246e-05 0)
(-0.0004484356 6.269339e-05 0)
(-0.0004488612 3.756669e-05 0)
(-0.0004490748 1.287491e-05 0)
(-0.0004491298 -1.167121e-05 0)
(-0.0004490279 -3.636167e-05 0)
(-0.0004487196 -6.148667e-05 0)
(-0.0004481017 -8.733554e-05 0)
(-0.0004470122 -0.0001141951 0)
(-0.0004452225 -0.0001423453 0)
(-0.0004424279 -0.0001720516 0)
(-0.0004382357 -0.0002035528 0)
(-0.0004321534 -0.0002370418 0)
(-0.0004235776 -0.0002726381 0)
(-0.0004117873 -0.0003103495 0)
(-0.0003959469 -0.0003500215 0)
(-0.0003751243 -0.0003912741 0)
(-0.000348346 -0.0004334275 0)
(-0.0003147145 -0.0004753994 0)
(-0.0002735024 -0.0005156995 0)
(-0.0002243104 -0.0005524281 0)
(-0.0001672964 -0.0005833401 0)
(-0.0001034536 -0.0006058867 0)
(-3.500647e-05 -0.0006141005 0)
(-4.136543e-05 0.0006857317 0)
(-0.0001215107 0.0006740795 0)
(-0.0001949575 0.0006452953 0)
(-0.0002591307 0.0006064759 0)
(-0.0003129442 0.0005613766 0)
(-0.000356635 0.0005129059 0)
(-0.0003910071 0.0004634507 0)
(-0.0004172294 0.0004147992 0)
(-0.0004366371 0.0003680906 0)
(-0.0004505629 0.0003239722 0)
(-0.0004602028 0.0002827334 0)
(-0.0004665855 0.0002444097 0)
(-0.0004705661 0.0002088677 0)
(-0.0004728372 0.0001758676 0)
(-0.0004739479 0.0001451076 0)
(-0.0004743247 0.0001162534 0)
(-0.0004742917 8.895732e-05 0)
(-0.0004740877 6.286916e-05 0)
(-0.0004738804 3.764048e-05 0)
(-0.0004737769 1.292653e-05 0)
(-0.0004738302 -1.161432e-05 0)
(-0.0004740429 -3.632281e-05 0)
(-0.0004743661 -6.154151e-05 0)
(-0.0004746977 -8.761706e-05 0)
(-0.0004748747 -0.0001149011 0)
(-0.0004746627 -0.0001437483 0)
(-0.000473742 -0.000174513 0)
(-0.0004716894 -0.0002075382 0)
(-0.0004679576 -0.0002431372 0)
(-0.0004618529 -0.0002815644 0)
(-0.0004525147 -0.0003229708 0)
(-0.0004389018 -0.0003673407 0)
(-0.0004197964 -0.0004144053 0)
(-0.0003938319 -0.0004635341 0)
(-0.0003596231 -0.0005135972 0)
(-0.000315943 -0.0005627937 0)
(-0.0002619291 -0.0006086922 0)
(-0.0001972834 -0.0006483135 0)
(-0.0001230841 -0.0006777611 0)
(-4.193181e-05 -0.0006898283 0)
(-5.065757e-05 0.000775685 0)
(-0.0001471589 0.000757914 0)
(-0.000233181 0.0007195678 0)
(-0.0003060998 0.0006688935 0)
(-0.0003647293 0.0006118882 0)
(-0.0004102431 0.0005522529 0)
(-0.000444124 0.0004930906 0)
(-0.0004683105 0.0004363717 0)
(-0.0004848065 0.0003831958 0)
(-0.000495407 0.0003340617 0)
(-0.0005016367 0.0002890539 0)
(-0.0005047415 0.0002479929 0)
(-0.0005057105 0.0002105434 0)
(-0.0005053123 0.0001762884 0)
(-0.0005041333 0.0001447763 0)
(-0.0005026134 0.0001155509 0)
(-0.0005010758 8.816502e-05 0)
(-0.0004997525 6.218663e-05 0)
(-0.0004988038 3.720047e-05 0)
(-0.0004983296 1.280545e-05 0)
(-0.0004983791 -1.139003e-05 0)
(-0.000498955 -3.577456e-05 0)
(-0.0005000138 -6.074055e-05 0)
(-0.0005014613 -8.669081e-05 0)
(-0.0005031435 -0.0001140435 0)
(-0.0005048345 -0.0001432354 0)
(-0.0005062178 -0.0001747205 0)
(-0.0005068598 -0.0002089646 0)
(-0.0005061796 -0.0002464327 0)
(-0.0005034112 -0.0002875603 0)
(-0.0004975637 -0.0003327061 0)
(-0.0004873814 -0.0003820786 0)
(-0.0004713177 -0.0004356263 0)
(-0.0004475379 -0.0004928839 0)
(-0.0004139742 -0.0005527776 0)
(-0.0003685975 -0.0006133459 0)
(-0.0003098303 -0.0006714372 0)
(-0.0002363757 -0.0007232715 0)
(-0.000149398 -0.0007626076 0)
(-5.149305e-05 -0.000781086 0)
(-6.411338e-05 0.0008861701 0)
(-0.0001826146 0.0008579036 0)
(-0.000283987 0.0008057379 0)
(-0.0003668102 0.0007381309 0)
(-0.0004295846 0.0006652027 0)
(-0.0004754326 0.000591405 0)
(-0.0005068884 0.0005205675 0)
(-0.0005271241 0.0004546034 0)
(-0.0005389471 0.0003943955 0)
(-0.0005447048 0.0003401082 0)
(-0.0005462716 0.0002914734 0)
(-0.000545096 0.0002479861 0)
(-0.0005422706 0.0002090319 0)
(-0.0005386044 0.0001739654 0)
(-0.0005346855 0.0001421574 0)
(-0.000530936 0.0001130101 0)
(-0.0005276559 8.596728e-05 0)
(-0.0005250522 6.051353e-05 0)
(-0.0005232616 3.617005e-05 0)
(-0.0005223674 1.248508e-05 0)
(-0.0005224103 -1.097673e-05 0)
(-0.0005233934 -3.464537e-05 0)
(-0.0005252824 -5.895675e-05 0)
(-0.0005280007 -8.436393e-05 0)
(-0.0005314193 -0.000111348 0)
(-0.0005353397 -0.0001404284 0)
(-0.0005394711 -0.0001721675 0)
(-0.0005434016 -0.0002071733 0)
(-0.0005465533 -0.0002460896 0)
(-0.0005481263 -0.000289583 0)
(-0.000547033 -0.0003382976 0)
(-0.000541822 -0.000392778 0)
(-0.0005306017 -0.0004533425 0)
(-0.0005109832 -0.000519884 0)
(-0.0004800852 -0.0005915768 0)
(-0.0004346029 -0.0006665481 0)
(-0.0003718547 -0.0007409556 0)
(-0.0002884662 -0.0008102746 0)
(-0.0001859131 -0.0008639441 0)
(-6.541296e-05 -0.0008935108 0)
(-8.460897e-05 0.001028059 0)
(-0.0002332884 0.0009789584 0)
(-0.0003529628 0.0009063339 0)
(-0.0004466354 0.0008138341 0)
(-0.0005114549 0.0007196613 0)
(-0.0005548783 0.0006281712 0)
(-0.0005809256 0.0005435535 0)
(-0.0005944825 0.0004673327 0)
(-0.0005993017 0.0003998228 0)
(-0.0005983291 0.000340578 0)
(-0.0005937589 0.0002887763 0)
(-0.000587183 0.0002434507 0)
(-0.0005797312 0.0002036257 0)
(-0.0005721868 0.000168382 0)
(-0.0005650886 0.0001368791 0)
(-0.0005588036 0.0001083666 0)
(-0.0005535724 8.217992e-05 0)
(-0.0005495497 5.772876e-05 0)
(-0.0005468322 3.448e-05 0)
(-0.0005454764 1.194118e-05 0)
(-0.0005455096 -1.035605e-05 0)
(-0.0005469351 -3.287209e-05 0)
(-0.0005497324 -5.607547e-05 0)
(-0.0005538526 -8.04592e-05 0)
(-0.0005592079 -0.0001065576 0)
(-0.0005656539 -0.0001349635 0)
(-0.0005729627 -0.0001663459 0)
(-0.0005807819 -0.0002014641 0)
(-0.0005885893 -0.0002411725 0)
(-0.0005956192 -0.0002864138 0)
(-0.0006007587 -0.0003381972 0)
(-0.0006024263 -0.0003975408 0)
(-0.0005984236 -0.000465337 0)
(-0.0005857722 -0.0005421223 0)
(-0.0005606383 -0.0006276899 0)
(-0.0005179766 -0.0007206147 0)
(-0.0004535564 -0.0008167567 0)
(-0.0003593798 -0.0009118219 0)
(-0.0002383689 -0.0009867231 0)
(-8.67825e-05 -0.001038266 0)
(-0.0001198008 0.001200882 0)
(-0.0003109462 0.001121988 0)
(-0.0004491175 0.001022409 0)
(-0.000553485 0.0008936718 0)
(-0.0006152469 0.0007720214 0)
(-0.0006515405 0.0006588852 0)
(-0.0006677268 0.0005586174 0)
(-0.0006708548 0.000471625 0)
(-0.0006657019 0.000397116 0)
(-0.0006557513 0.0003336479 0)
(-0.0006433989 0.0002795955 0)
(-0.0006302466 0.0002333993 0)
(-0.0006173394 0.0001936341 0)
(-0.000605351 0.0001590571 0)
(-0.0005947009 0.0001286071 0)
(-0.0005856352 0.0001013905 0)
(-0.0005782937 7.665041e-05 0)
(-0.0005727522 5.373626e-05 0)
(-0.0005690492 3.207669e-05 0)
(-0.0005672034 1.115461e-05 0)
(-0.0005672235 -9.515294e-06 0)
(-0.0005691128 -3.04079e-05 0)
(-0.0005728695 -5.200822e-05 0)
(-0.0005784828 -7.483276e-05 0)
(-0.0005859236 -9.94524e-05 0)
(-0.000595128 -0.0001265177 0)
(-0.0006059717 -0.0001567874 0)
(-0.0006182281 -0.0001911599 0)
(-0.000631503 -0.0002307067 0)
(-0.000645151 -0.0002766913 0)
(-0.00065816 -0.0003305758 0)
(-0.0006689618 -0.0003939778 0)
(-0.0006751831 -0.0004686133 0)
(-0.0006733361 -0.0005560565 0)
(-0.0006585775 -0.0006572799 0)
(-0.0006236703 -0.0007720836 0)
(-0.0005630595 -0.0008962509 0)
(-0.0004584552 -0.001028996 0)
(-0.0003190074 -0.001131978 0)
(-0.0001235987 -0.00121668 0)
(-0.0001712035 0.001502485 0)
(-0.0004195346 0.001315161 0)
(-0.0005812745 0.001169346 0)
(-0.0006970335 0.0009760186 0)
(-0.0007462402 0.0008173978 0)
(-0.000768283 0.0006782122 0)
(-0.0007681858 0.0005610526 0)
(-0.0007559839 0.0004637189 0)
(-0.0007372788 0.0003834289 0)
(-0.0007158497 0.0003172627 0)
(-0.0006940076 0.0002625342 0)
(-0.0006731444 0.0002169061 0)
(-0.0006540735 0.0001784453 0)
(-0.0006372139 0.0001455877 0)
(-0.0006227551 0.0001170821 0)
(-0.0006107602 9.192065e-05 0)
(-0.0006012266 6.92811e-05 0)
(-0.0005941234 4.847934e-05 0)
(-0.0005894139 2.893002e-05 0)
(-0.0005870684 1.011396e-05 0)
(-0.0005870721 -8.449859e-06 0)
(-0.000589428 -2.723006e-05 0)
(-0.0005941572 -4.670674e-05 0)
(-0.0006012968 -6.739706e-05 0)
(-0.0006108929 -8.988358e-05 0)
(-0.000622989 -0.0001148472 0)
(-0.0006376048 -0.0001431074 0)
(-0.0006547011 -0.0001756706 0)
(-0.0006741207 -0.0002137912 0)
(-0.0006954882 -0.0002590447 0)
(-0.0007180452 -0.0003133938 0)
(-0.0007404638 -0.0003792341 0)
(-0.0007605023 -0.0004593628 0)
(-0.0007744387 -0.0005568687 0)
(-0.0007766648 -0.0006748187 0)
(-0.0007569491 -0.0008158223 0)
(-0.000710458 -0.0009776869 0)
(-0.0005951462 -0.001177156 0)
(-0.0004338654 -0.001328078 0)
(-0.0001793424 -0.001524053 0)
(-0.0003166156 0.001704315 0)
(-0.0006537247 0.001453797 0)
(-0.0007881831 0.001278862 0)
(-0.0009054511 0.001030437 0)
(-0.0009130406 0.0008397693 0)
(-0.0009078851 0.0006754127 0)
(-0.0008822196 0.0005435388 0)
(-0.0008484784 0.0004385909 0)
(-0.0008121581 0.0003554785 0)
(-0.0007766461 0.0002893873 0)
(-0.0007437556 0.000236341 0)
(-0.0007143355 0.0001932079 0)
(-0.0006886578 0.0001576045 0)
(-0.0006667142 0.0001277212 0)
(-0.000648368 0.0001021759 0)
(-0.0006334362 7.990023e-05 0)
(-0.000621735 6.005326e-05 0)
(-0.0006131032 4.19561e-05 0)
(-0.0006074146 2.504223e-05 0)
(-0.0006045833 8.818743e-06 0)
(-0.0006045676 -7.165208e-06 0)
(-0.0006073697 -2.334733e-05 0)
(-0.0006130365 -4.017701e-05 0)
(-0.0006216597 -5.814346e-05 0)
(-0.0006333738 -7.780763e-05 0)
(-0.0006483518 -9.984103e-05 0)
(-0.000666795 -0.0001250756 0)
(-0.0006889119 -0.0001545698 0)
(-0.000714877 -0.0001896967 0)
(-0.0007447536 -0.0002322613 0)
(-0.0007783493 -0.0002846543 0)
(-0.0008149308 -0.0003500422 0)
(-0.000852818 -0.0004324898 0)
(-0.0008887927 -0.0005370008 0)
(-0.0009175318 -0.0006689828 0)
(-0.0009265522 -0.0008344174 0)
(-0.0009243738 -0.001026983 0)
(-0.00080897 -0.001284908 0)
(-0.0006754605 -0.001463216 0)
(-0.0003292765 -0.001744699 0)
(-0.0004320353 0.00269145 0)
(-0.0008570385 0.001835387 0)
(-0.001004558 0.00156028 0)
(-0.001136322 0.001106881 0)
(-0.001101278 0.0008538074 0)
(-0.001064526 0.0006487341 0)
(-0.00100501 0.0005012275 0)
(-0.000944045 0.000392213 0)
(-0.0008864826 0.000310589 0)
(-0.0008349872 0.0002483959 0)
(-0.0007901869 0.0002000935 0)
(-0.0007518808 0.0001618403 0)
(-0.0007195601 0.0001309307 0)
(-0.0006926424 0.0001054316 0)
(-0.000670576 8.393789e-05 0)
(-0.0006528828 6.540673e-05 0)
(-0.0006391706 4.904463e-05 0)
(-0.0006291343 3.422882e-05 0)
(-0.0006225511 2.045142e-05 0)
(-0.0006192757 7.278355e-06 0)
(-0.000619238 -5.680908e-06 0)
(-0.0006224396 -1.880892e-05 0)
(-0.0006289532 -3.249478e-05 0)
(-0.0006389272 -4.716686e-05 0)
(-0.0006525903 -6.33248e-05 0)
(-0.0006702568 -8.157972e-05 0)
(-0.0006923334 -0.0001027094 0)
(-0.000719322 -0.0001277366 0)
(-0.000751812 -0.0001580421 0)
(-0.0007904456 -0.0001955329 0)
(-0.0008358257 -0.0002428923 0)
(-0.0008882988 -0.0003039606 0)
(-0.0009474598 -0.0003843361 0)
(-0.001010928 -0.0004922452 0)
(-0.001074066 -0.0006398472 0)
(-0.001114935 -0.0008473415 0)
(-0.001160736 -0.001104433 0)
(-0.001031516 -0.001572222 0)
(-0.000904063 -0.001862865 0)
(-0.0004730586 -0.002751192 0)
(-0.001188001 0.002714563 0)
(-0.001802741 0.001787104 0)
(-0.001515287 0.001491634 0)
(-0.001611862 0.001008026 0)
(-0.001370954 0.0007569291 0)
(-0.001260392 0.0005552685 0)
(-0.001138678 0.0004156356 0)
(-0.001039055 0.0003167626 0)
(-0.0009559089 0.0002455717 0)
(-0.0008870713 0.0001931323 0)
(-0.0008302375 0.0001535732 0)
(-0.000783422 0.0001229906 0)
(-0.000744988 9.875926e-05 0)
(-0.0007136269 7.908286e-05 0)
(-0.0006883113 6.270587e-05 0)
(-0.0006682467 4.872809e-05 0)
(-0.0006528291 3.648449e-05 0)
(-0.0006416116 2.546604e-05 0)
(-0.0006342793 1.526601e-05 0)
(-0.000630629 5.541935e-06 0)
(-0.0006305674 -4.013782e-06 0)
(-0.0006340953 -1.369051e-05 0)
(-0.0006413052 -2.379371e-05 0)
(-0.0006523995 -3.465882e-05 0)
(-0.0006676953 -4.668143e-05 0)
(-0.0006876439 -6.03541e-05 0)
(-0.0007128579 -7.63181e-05 0)
(-0.0007441488 -9.544015e-05 0)
(-0.0007825752 -0.0001189293 0)
(-0.0008295028 -0.0001485181 0)
(-0.0008866723 -0.0001867462 0)
(-0.000956265 -0.0002374032 0)
(-0.001040988 -0.0003062082 0)
(-0.001144187 -0.0004018697 0)
(-0.001272519 -0.0005365792 0)
(-0.001391186 -0.0007339568 0)
(-0.001649086 -0.0009722927 0)
(-0.001568519 -0.00147534 0)
(-0.001869872 -0.001745212 0)
(-0.001234108 -0.002840818 0)
(-0.00152651 0.006370558 0)
(-0.002147639 0.002144926 0)
(-0.001793359 0.001731801 0)
(-0.001856646 0.0009146977 0)
(-0.001529384 0.0006161989 0)
(-0.001375421 0.0004141955 0)
(-0.001209834 0.000291128 0)
(-0.00107845 0.0002127023 0)
(-0.0009731827 0.0001602653 0)
(-0.0008891908 0.0001236691 0)
(-0.0008219156 9.709105e-05 0)
(-0.0007678207 7.708358e-05 0)
(-0.0007242372 6.152642e-05 0)
(-0.00068918 4.906385e-05 0)
(-0.0006611803 3.879482e-05 0)
(-0.000639155 3.009688e-05 0)
(-0.0006223105 2.252286e-05 0)
(-0.0006100755 1.573762e-05 0)
(-0.0006020547 9.477708e-06 0)
(-0.0005979985 3.523727e-06 0)
(-0.0005977796 -2.322142e-06 0)
(-0.0006013928 -8.239627e-06 0)
(-0.0006089526 -1.441968e-05 0)
(-0.0006206926 -2.107675e-05 0)
(-0.0006369927 -2.846423e-05 0)
(-0.0006584054 -3.690126e-05 0)
(-0.0006857017 -4.681104e-05 0)
(-0.0007199372 -5.878082e-05 0)
(-0.0007625467 -7.366092e-05 0)
(-0.0008154711 -9.27363e-05 0)
(-0.000881319 -0.0001180353 0)
(-0.0009635276 -0.0001529023 0)
(-0.00106645 -0.0002030793 0)
(-0.001193872 -0.0002788243 0)
(-0.001355463 -0.0003978622 0)
(-0.001494084 -0.0005999755 0)
(-0.001835239 -0.0008948334 0)
(-0.001712396 -0.001737873 0)
(-0.00215318 -0.002218628 0)
(-0.00135235 -0.00657546 0)
(0.007017275 0.005584107 0)
(0.006081032 0.001550915 0)
(0.009796135 0.001178258 0)
(0.009911334 0.000517756 0)
(0.01076572 0.0003028402 0)
(0.01107307 0.0001802693 0)
(0.01132499 0.0001155875 0)
(0.01150017 7.950766e-05 0)
(0.0116282 5.768806e-05 0)
(0.01172491 4.353888e-05 0)
(0.01179973 3.375352e-05 0)
(0.01185859 2.660865e-05 0)
(0.01190534 2.115516e-05 0)
(0.01194261 1.683683e-05 0)
(0.01197221 1.330621e-05 0)
(0.01199542 1.033297e-05 0)
(0.01201315 7.755979e-06 0)
(0.01202607 5.456603e-06 0)
(0.0120346 3.342787e-06 0)
(0.01203905 1.338742e-06 0)
(0.01203954 -6.222806e-07 0)
(0.01203611 -2.605447e-06 0)
(0.01202863 -4.671438e-06 0)
(0.01201686 -6.893196e-06 0)
(0.0120004 -9.356495e-06 0)
(0.01197866 -1.216937e-05 0)
(0.01195078 -1.547642e-05 0)
(0.01191558 -1.948229e-05 0)
(0.01187137 -2.449433e-05 0)
(0.01181574 -3.100621e-05 0)
(0.01174504 -3.987077e-05 0)
(0.01165371 -5.266815e-05 0)
(0.01153264 -7.250226e-05 0)
(0.01136765 -0.0001058052 0)
(0.01112221 -0.0001662697 0)
(0.01085406 -0.0002860597 0)
(0.009962537 -0.0004838453 0)
(0.009957993 -0.001151691 0)
(0.006125949 -0.001500875 0)
(0.007154899 -0.005524017 0)
)
;

boundaryField
{
    movingWall
    {
        type            fixedValue;
        value           uniform (1 0 0);
    }
    fixedWalls
    {
        type            fixedValue;
        value           uniform (0 0 0);
    }
    frontAndBack
    {
        type            empty;
    }
}


// ************************************************************************* //
