/*--------------------------------*- C++ -*----------------------------------*\
| =========                 |                                                 |
| \\      /  F ield         | OpenFOAM: The Open Source CFD Toolbox           |
|  \\    /   O peration     | Version:  2412                                  |
|   \\  /    A nd           | Website:  www.openfoam.com                      |
|    \\/     M anipulation  |                                                 |
\*---------------------------------------------------------------------------*/
FoamFile
{
    version     2.0;
    format      ascii;
    arch        "LSB;label=32;scalar=64";
    class       volVectorField;
    location    "0.4";
    object      vorticity;
}
// * * * * * * * * * * * * * * * * * * * * * * * * * * * * * * * * * * * * * //

dimensions      [0 0 -1 0 0 0 0];

internalField   nonuniform List<vector> 
1600
(
(0 -0 0.0003451139)
(0 -0 0.0005186129)
(0 -0 0.0008612826)
(0 -0 0.001198899)
(0 -0 0.001528807)
(0 -0 0.001848909)
(0 -0 0.002157194)
(0 -0 0.002451745)
(0 -0 0.002730756)
(0 -0 0.002992539)
(0 -0 0.003235535)
(0 -0 0.003458318)
(0 -0 0.003659601)
(0 -0 0.003838239)
(0 -0 0.003993232)
(0 -0 0.00412372)
(0 -0 0.004228996)
(0 -0 0.004308483)
(0 -0 0.004361756)
(0 -0 0.004388533)
(0 -0 0.004388669)
(0 -0 0.00436216)
(0 -0 0.004309139)
(0 -0 0.004229893)
(0 -0 0.00412484)
(0 -0 0.003994543)
(0 -0 0.003839712)
(0 -0 0.003661199)
(0 -0 0.003460003)
(0 -0 0.003237266)
(0 -0 0.002994273)
(0 -0 0.00273245)
(0 -0 0.002453358)
(0 -0 0.002158684)
(0 -0 0.001850241)
(0 -0 0.001529945)
(0 -0 0.001199815)
(0 -0 0.0008619541)
(0 -0 0.0005190224)
(0 -0 0.0003453883)
(0 -0 0.0005203921)
(0 -0 3.33e-06)
(0 -0 2.7652e-06)
(0 -0 3.8434e-06)
(0 -0 4.9004e-06)
(0 -0 5.9258e-06)
(0 -0 6.9132e-06)
(0 -0 7.8568e-06)
(0 -0 8.75054e-06)
(0 -0 9.58902e-06)
(0 -0 1.036746e-05)
(0 -0 1.10809e-05)
(0 -0 1.172568e-05)
(0 -0 1.229782e-05)
(0 -0 1.279326e-05)
(0 -0 1.321314e-05)
(0 -0 1.354744e-05)
(0 -0 1.380352e-05)
(0 -0 1.397411e-05)
(0 -0 1.406023e-05)
(0 -0 1.405941e-05)
(0 -0 1.397375e-05)
(0 -0 1.380392e-05)
(0 -0 1.354908e-05)
(0 -0 1.321272e-05)
(0 -0 1.279472e-05)
(0 -0 1.229898e-05)
(0 -0 1.172712e-05)
(0 -0 1.108264e-05)
(0 -0 1.036894e-05)
(0 -0 9.59064e-06)
(0 -0 8.75196e-06)
(0 -0 7.8582e-06)
(0 -0 6.9148e-06)
(0 -0 5.9268e-06)
(0 -0 4.9012e-06)
(0 -0 3.8444e-06)
(0 -0 2.766e-06)
(0 -0 3.3314e-06)
(0 -0 0.0005208075)
(0 -0 0.0008717885)
(0 -0 2.7994e-06)
(0 -0 1.2e-08)
(0 -0 8.2e-09)
(0 -0 1.04e-08)
(0 -0 1.28e-08)
(0 -0 1.5e-08)
(0 -0 1.72e-08)
(0 -0 1.88e-08)
(0 -0 2.06e-08)
(0 -0 2.24e-08)
(0 -0 2.38e-08)
(0 -0 2.5e-08)
(0 -0 2.658e-08)
(0 -0 2.68e-08)
(0 -0 2.93e-08)
(0 -0 2.93e-08)
(0 -0 2.82e-08)
(0 -0 2.9616e-08)
(0 -0 3.1694e-08)
(0 -0 2.9524e-08)
(0 -0 2.9306e-08)
(0 -0 3.028e-08)
(0 -0 2.856e-08)
(0 -0 2.894e-08)
(0 -0 2.636e-08)
(0 -0 2.634e-08)
(0 -0 2.5e-08)
(0 -0 2.34e-08)
(0 -0 2.22e-08)
(0 -0 2.04e-08)
(0 -0 1.86e-08)
(0 -0 1.66e-08)
(0 -0 1.48e-08)
(0 -0 1.28e-08)
(0 -0 1.04e-08)
(0 -0 8.2e-09)
(0 -0 1.2e-08)
(0 -0 2.8006e-06)
(0 -0 0.0008724931)
(0 -0 0.001229257)
(0 -0 3.941e-06)
(0 -0 8.6e-09)
(0 -0 2e-10)
(0 -0 -2e-10)
(0 -0 2e-10)
(0 -0 0)
(0 -0 4.269046e-19)
(0 -0 4.336809e-19)
(0 -0 -2.032879e-19)
(0 -0 1.084202e-19)
(0 -0 2e-10)
(0 -0 2e-10)
(0 -0 -1e-09)
(0 -0 3.659182e-19)
(0 -0 2e-11)
(0 -0 8e-11)
(0 -0 2.2e-10)
(0 -0 2.4e-10)
(0 -0 -8.4e-10)
(0 -0 -5e-10)
(0 -0 -5e-10)
(0 -0 1.12e-09)
(0 -0 1.9e-09)
(0 -0 6e-11)
(0 -0 8e-10)
(0 -0 1e-09)
(0 -0 3.117081e-19)
(0 -0 3.117081e-19)
(0 -0 6.369688e-19)
(0 -0 -3.117081e-19)
(0 -0 -4.201283e-19)
(0 -0 2e-10)
(0 -0 2e-10)
(0 -0 -2e-10)
(0 -0 -2e-10)
(0 -0 -4.235165e-19)
(0 -0 8.4e-09)
(0 -0 3.9432e-06)
(0 -0 0.001230268)
(0 -0 0.001594699)
(0 -0 5.1118e-06)
(0 -0 1.08e-08)
(0 -0 0)
(0 -0 2.168404e-19)
(0 -0 4.201283e-19)
(0 -0 -2.168404e-19)
(0 -0 -2e-10)
(0 -0 2.168404e-19)
(0 -0 2e-10)
(0 -0 -2e-10)
(0 -0 -2e-10)
(0 -0 -2e-10)
(0 -0 8e-10)
(0 -0 8e-10)
(0 -0 -4e-10)
(0 -0 -1.62e-09)
(0 -0 1.68e-09)
(0 -0 1.14e-09)
(0 -0 -1.62e-09)
(0 -0 1e-09)
(0 -0 -7.4e-10)
(0 -0 8e-11)
(0 -0 8.8e-10)
(0 -0 -1.6e-09)
(0 -0 4e-10)
(0 -0 -6e-10)
(0 -0 -6e-10)
(0 -0 -9.486769e-20)
(0 -0 -2e-10)
(0 -0 -1.273938e-18)
(0 -0 2e-10)
(0 -0 2.032879e-19)
(0 -0 -2e-10)
(0 -0 0)
(0 -0 -2.100642e-19)
(0 -0 4.201283e-19)
(0 -0 1.1e-08)
(0 -0 5.1152e-06)
(0 -0 0.001596043)
(0 -0 0.001970507)
(0 -0 6.316e-06)
(0 -0 1.32e-08)
(0 -0 -4.201283e-19)
(0 -0 2e-10)
(0 -0 -4.201283e-19)
(0 -0 4.201283e-19)
(0 -0 -2.168404e-19)
(0 -0 8.538092e-19)
(0 -0 2.168404e-19)
(0 -0 2.032879e-19)
(0 -0 0)
(0 -0 -4e-10)
(0 -0 1.6e-09)
(0 -0 1.4e-09)
(0 -0 -4e-10)
(0 -0 1.5e-09)
(0 -0 1e-10)
(0 -0 -2.8e-10)
(0 -0 -4.6e-10)
(0 -0 1e-10)
(0 -0 -2.6e-10)
(0 -0 -1.32e-09)
(0 -0 -1.18e-09)
(0 -0 2e-10)
(0 -0 4e-10)
(0 -0 -8e-10)
(0 -0 6e-10)
(0 -0 1.897354e-19)
(0 -0 2e-10)
(0 -0 -6.369688e-19)
(0 -0 4.201283e-19)
(0 -0 6.369688e-19)
(0 -0 2e-10)
(0 -0 0)
(0 -0 0)
(0 -0 -2.100642e-19)
(0 -0 1.36e-08)
(0 -0 6.3202e-06)
(0 -0 0.001972218)
(0 -0 0.002359176)
(0 -0 7.5614e-06)
(0 -0 1.6e-08)
(0 -0 -2.100642e-19)
(0 -0 -2e-10)
(0 -0 0)
(0 -0 2e-10)
(0 -0 -4.336809e-19)
(0 -0 -2e-10)
(0 -0 -6.234162e-19)
(0 -0 2e-10)
(0 -0 8e-10)
(0 -0 1.2e-09)
(0 -0 -2e-10)
(0 -0 -4e-10)
(0 -0 -2e-10)
(0 -0 1.4e-09)
(0 -0 -1.34e-09)
(0 -0 -7.4e-10)
(0 -0 1.06e-09)
(0 -0 -8.4e-10)
(0 -0 -1.2e-10)
(0 -0 -6.2e-10)
(0 -0 -1.2e-09)
(0 -0 4e-10)
(0 -0 -2e-10)
(0 -0 1e-09)
(0 -0 8e-10)
(0 -0 -1e-09)
(0 -0 0)
(0 -0 -1.490778e-18)
(0 -0 4.201283e-19)
(0 -0 1.477225e-18)
(0 -0 -8.538092e-19)
(0 -0 -4.201283e-19)
(0 -0 -2e-10)
(0 -0 2.100642e-19)
(0 -0 1.66e-08)
(0 -0 7.5664e-06)
(0 -0 0.002361299)
(0 -0 0.002763323)
(0 -0 8.8566e-06)
(0 -0 1.88e-08)
(0 -0 -2.168404e-19)
(0 -0 2.168404e-19)
(0 -0 -2e-10)
(0 -0 2e-10)
(0 -0 2e-10)
(0 -0 4.065758e-19)
(0 -0 4.336809e-19)
(0 -0 -1e-09)
(0 -0 -2e-10)
(0 -0 1.2e-09)
(0 -0 -8e-10)
(0 -0 -8e-10)
(0 -0 -4e-10)
(0 -0 -6e-10)
(0 -0 -1.16e-09)
(0 -0 1.2e-10)
(0 -0 1.02e-09)
(0 -0 2.2e-10)
(0 -0 3.4e-10)
(0 -0 1.46e-09)
(0 -0 1.2e-09)
(0 -0 -1.6e-09)
(0 -0 -2e-10)
(0 -0 -2e-10)
(0 -0 -1.8e-09)
(0 -0 -2.168404e-19)
(0 -0 -4e-10)
(0 -0 -2e-10)
(0 -0 4.336809e-19)
(0 -0 2e-10)
(0 -0 -4.336809e-19)
(0 -0 -4.201283e-19)
(0 -0 -2e-10)
(0 -0 0)
(0 -0 1.92e-08)
(0 -0 8.8624e-06)
(0 -0 0.002765912)
(0 -0 0.00318571)
(0 -0 1.021e-05)
(0 -0 2.16e-08)
(0 -0 2e-10)
(0 -0 2e-10)
(0 -0 0)
(0 -0 0)
(0 -0 2e-10)
(0 -0 0)
(0 -0 -1.246832e-18)
(0 -0 6e-10)
(0 -0 -4e-10)
(0 -0 -4e-10)
(0 -0 -8e-10)
(0 -0 2e-10)
(0 -0 1.4e-09)
(0 -0 4e-10)
(0 -0 -1.8e-10)
(0 -0 -4e-11)
(0 -0 -1.04e-09)
(0 -0 7.2e-10)
(0 -0 -1.8e-10)
(0 -0 -2.8e-10)
(0 -0 1.4e-09)
(0 -0 -6e-10)
(0 -0 1.2e-09)
(0 -0 2e-10)
(0 -0 4e-10)
(0 -0 1.6e-09)
(0 -0 6e-10)
(0 -0 -2.114194e-18)
(0 -0 2e-10)
(0 -0 1.246832e-18)
(0 -0 -2e-10)
(0 -0 -2e-10)
(0 -0 2e-10)
(0 -0 0)
(0 -0 2.2e-08)
(0 -0 1.02172e-05)
(0 -0 0.003188833)
(0 -0 0.003629283)
(0 -0 1.16312e-05)
(0 -0 2.46e-08)
(0 -0 2e-10)
(0 -0 2e-10)
(0 -0 0)
(0 -0 -2e-10)
(0 -0 -4.065758e-19)
(0 -0 2e-10)
(0 -0 6e-10)
(0 -0 0)
(0 -0 2e-10)
(0 -0 -2e-10)
(0 -0 4.336809e-19)
(0 -0 4e-10)
(0 -0 -2e-10)
(0 -0 -6e-10)
(0 -0 6e-10)
(0 -0 1.08e-09)
(0 -0 -1.4e-10)
(0 -0 -4.8e-10)
(0 -0 -1.26e-09)
(0 -0 -1.4e-09)
(0 -0 -1e-09)
(0 -0 1.8e-09)
(0 -0 -1e-09)
(0 -0 1.2e-09)
(0 -0 1e-09)
(0 -0 4.065758e-19)
(0 -0 8e-10)
(0 -0 8e-10)
(0 -0 -2e-10)
(0 -0 -2e-10)
(0 -0 -8.402567e-19)
(0 -0 2e-10)
(0 -0 0)
(0 -0 2e-10)
(0 -0 2.54e-08)
(0 -0 1.164e-05)
(0 -0 0.003633024)
(0 -0 0.00409721)
(0 -0 1.31302e-05)
(0 -0 2.82e-08)
(0 -0 2e-10)
(0 -0 -2e-10)
(0 -0 -4.336809e-19)
(0 -0 2e-10)
(0 -0 4.336809e-19)
(0 -0 -4.065758e-19)
(0 -0 4e-10)
(0 -0 -6e-10)
(0 -0 -8e-10)
(0 -0 -1.2e-09)
(0 -0 4e-10)
(0 -0 6e-10)
(0 -0 -1e-09)
(0 -0 -1e-09)
(0 -0 -4e-10)
(0 -0 -1e-09)
(0 -0 1.2e-09)
(0 -0 2e-10)
(0 -0 6e-10)
(0 -0 2e-10)
(0 -0 4e-10)
(0 -0 4e-10)
(0 -0 -1e-09)
(0 -0 6e-10)
(0 -0 -6e-10)
(0 -0 -1.4e-09)
(0 -0 8.402567e-19)
(0 -0 4e-10)
(0 -0 -2e-10)
(0 -0 0)
(0 -0 2e-10)
(0 -0 2e-10)
(0 -0 8.402567e-19)
(0 -0 -8e-10)
(0 -0 2.76e-08)
(0 -0 1.31426e-05)
(0 -0 0.004101666)
(0 -0 0.00459292)
(0 -0 1.47196e-05)
(0 -0 3.12e-08)
(0 -0 6e-10)
(0 -0 6e-10)
(0 -0 -1e-09)
(0 -0 -4e-10)
(0 -0 2e-10)
(0 -0 -8e-10)
(0 -0 -1.6e-09)
(0 -0 1.6e-09)
(0 -0 2e-10)
(0 -0 4e-10)
(0 -0 2e-10)
(0 -0 -6e-10)
(0 -0 6e-10)
(0 -0 -2e-10)
(0 -0 6e-10)
(0 -0 -1.36e-09)
(0 -0 4e-10)
(0 -0 -4e-11)
(0 -0 0)
(0 -0 2e-10)
(0 -0 -4e-10)
(0 -0 -1.8e-09)
(0 -0 8e-10)
(0 -0 -1.2e-09)
(0 -0 2.927346e-18)
(0 -0 -6e-10)
(0 -0 2e-10)
(0 -0 -1e-09)
(0 -0 1e-09)
(0 -0 8.673617e-19)
(0 -0 8e-10)
(0 -0 -8e-10)
(0 -0 -6e-10)
(0 -0 2e-10)
(0 -0 3.12e-08)
(0 -0 1.47324e-05)
(0 -0 0.004598212)
(0 -0 0.005120167)
(0 -0 1.64092e-05)
(0 -0 3.3e-08)
(0 -0 -8e-10)
(0 -0 8e-10)
(0 -0 -4e-10)
(0 -0 -1e-09)
(0 -0 1.4e-09)
(0 -0 1.6e-09)
(0 -0 -6e-10)
(0 -0 1.301043e-18)
(0 -0 4e-10)
(0 -0 1.2e-09)
(0 -0 -4e-10)
(0 -0 -1.4e-09)
(0 -0 -8e-10)
(0 -0 -4e-10)
(0 -0 4e-10)
(0 -0 5e-10)
(0 -0 -1.6e-10)
(0 -0 -9e-10)
(0 -0 -8.4e-10)
(0 -0 -1e-09)
(0 -0 2.764716e-18)
(0 -0 -4e-10)
(0 -0 1.2e-09)
(0 -0 -1.4e-09)
(0 -0 -2e-10)
(0 -0 6e-10)
(0 -0 -1.4e-09)
(0 -0 -6e-10)
(0 -0 -1.2e-09)
(0 -0 -1.4e-09)
(0 -0 4e-10)
(0 -0 1.2e-09)
(0 -0 6e-10)
(0 -0 -2e-10)
(0 -0 3.62e-08)
(0 -0 1.64238e-05)
(0 -0 0.005126436)
(0 -0 0.005683082)
(0 -0 1.82132e-05)
(0 -0 3.96e-08)
(0 -0 -4e-10)
(0 -0 -8.402567e-19)
(0 -0 -6e-10)
(0 -0 -1.2e-09)
(0 -0 -4e-10)
(0 -0 0)
(0 -0 2e-09)
(0 -0 4e-10)
(0 -0 -2e-10)
(0 -0 -1.8e-09)
(0 -0 -6e-10)
(0 -0 -4.228388e-18)
(0 -0 2e-10)
(0 -0 6e-10)
(0 -0 2e-10)
(0 -0 4e-11)
(0 -0 -1.68e-09)
(0 -0 5.6e-10)
(0 -0 1.68e-09)
(0 -0 1.6e-09)
(0 -0 -4e-10)
(0 -0 1e-09)
(0 -0 -8e-10)
(0 -0 -2e-10)
(0 -0 4.662069e-18)
(0 -0 8e-10)
(0 -0 -4e-10)
(0 -0 1e-09)
(0 -0 -2e-09)
(0 -0 -2e-10)
(0 -0 -2e-10)
(0 -0 -1e-09)
(0 -0 2e-10)
(0 -0 8e-10)
(0 -0 4.1e-08)
(0 -0 1.8231e-05)
(0 -0 0.005690507)
(0 -0 0.006286271)
(0 -0 2.01462e-05)
(0 -0 4.34e-08)
(0 -0 1.2e-09)
(0 -0 -4.336809e-19)
(0 -0 -6e-10)
(0 -0 6e-10)
(0 -0 8.131516e-19)
(0 -0 -2e-09)
(0 -0 0)
(0 -0 1e-09)
(0 -0 6e-10)
(0 -0 -2e-10)
(0 -0 1e-09)
(0 -0 2.547875e-18)
(0 -0 2e-10)
(0 -0 1.2e-09)
(0 -0 4e-10)
(0 -0 1.18e-09)
(0 -0 5.4e-10)
(0 -0 1.02e-09)
(0 -0 1.26e-09)
(0 -0 2e-10)
(0 -0 -1.4e-09)
(0 -0 1.2e-09)
(0 -0 -1.4e-09)
(0 -0 8e-10)
(0 -0 -4e-10)
(0 -0 -4e-10)
(0 -0 1.2e-09)
(0 -0 -1.680513e-18)
(0 -0 2e-09)
(0 -0 -8.131516e-19)
(0 -0 2e-10)
(0 -0 6e-10)
(0 -0 -6e-10)
(0 -0 8.402567e-19)
(0 -0 4.4e-08)
(0 -0 2.01656e-05)
(0 -0 0.006295063)
(0 -0 0.006934905)
(0 -0 2.2224e-05)
(0 -0 4.7e-08)
(0 -0 -4e-10)
(0 -0 -4e-10)
(0 -0 6e-10)
(0 -0 8.673617e-19)
(0 -0 0)
(0 -0 0)
(0 -0 -2e-09)
(0 -0 0)
(0 -0 8e-10)
(0 -0 1.6e-09)
(0 -0 1e-09)
(0 -0 1.2e-09)
(0 -0 -4e-10)
(0 -0 4e-10)
(0 -0 -2.818926e-18)
(0 -0 1.04e-09)
(0 -0 6.4e-10)
(0 -0 -1.44e-09)
(0 -0 -4.4e-10)
(0 -0 -1.2e-09)
(0 -0 6e-10)
(0 -0 4.336809e-19)
(0 -0 -2e-10)
(0 -0 1e-09)
(0 -0 8.673617e-19)
(0 -0 -6e-10)
(0 -0 1.680513e-18)
(0 -0 -1.680513e-18)
(0 -0 8.131516e-19)
(0 -0 0)
(0 -0 -6e-10)
(0 -0 1e-09)
(0 -0 -6e-10)
(0 -0 -2e-10)
(0 -0 4.9e-08)
(0 -0 2.2248e-05)
(0 -0 0.006945312)
(0 -0 0.007634836)
(0 -0 2.4469e-05)
(0 -0 5.26e-08)
(0 -0 -8e-10)
(0 -0 -1.4e-09)
(0 -0 -1.6e-09)
(0 -0 -8.131516e-19)
(0 -0 -8.131516e-19)
(0 -0 -8.131516e-19)
(0 -0 -2e-09)
(0 -0 -2e-09)
(0 -0 8e-10)
(0 -0 -2e-10)
(0 -0 -1.4e-09)
(0 -0 1e-09)
(0 -0 2e-10)
(0 -0 -8e-10)
(0 -0 -2.276825e-18)
(0 -0 -1.68e-09)
(0 -0 -1.18e-09)
(0 -0 -1.2e-10)
(0 -0 -4.2e-10)
(0 -0 4e-10)
(0 -0 8e-10)
(0 -0 6e-10)
(0 -0 4e-10)
(0 -0 -8e-10)
(0 -0 8e-10)
(0 -0 1.6e-09)
(0 -0 8.673617e-19)
(0 -0 -8.673617e-19)
(0 -0 -2e-09)
(0 -0 0)
(0 -0 -2.493665e-18)
(0 -0 -6e-10)
(0 -0 8e-10)
(0 -0 -1e-09)
(0 -0 5.14e-08)
(0 -0 2.44952e-05)
(0 -0 0.007647171)
(0 -0 0.008392783)
(0 -0 2.68968e-05)
(0 -0 5.56e-08)
(0 -0 -1e-09)
(0 -0 1.6e-09)
(0 -0 8e-10)
(0 -0 -8.131516e-19)
(0 -0 2.547875e-18)
(0 -0 8.131516e-19)
(0 -0 1.680513e-18)
(0 -0 2e-09)
(0 -0 -2e-09)
(0 -0 -6e-10)
(0 -0 3.035766e-18)
(0 -0 1.301043e-18)
(0 -0 1.2e-09)
(0 -0 -1.4e-09)
(0 -0 -4e-10)
(0 -0 -9e-10)
(0 -0 5e-10)
(0 -0 3e-10)
(0 -0 1e-10)
(0 -0 -4e-10)
(0 -0 -2e-10)
(0 -0 -1e-09)
(0 -0 2e-10)
(0 -0 2.493665e-18)
(0 -0 6e-10)
(0 -0 -8.673617e-19)
(0 -0 -2e-09)
(0 -0 -1.734723e-18)
(0 -0 3.415237e-18)
(0 -0 1.680513e-18)
(0 -0 -2.547875e-18)
(0 -0 4e-10)
(0 -0 -1e-09)
(0 -0 2e-10)
(0 -0 6.02e-08)
(0 -0 2.69298e-05)
(0 -0 0.008407415)
(0 -0 0.009216511)
(0 -0 2.95362e-05)
(0 -0 6.18e-08)
(0 -0 -4e-10)
(0 -0 4e-10)
(0 -0 2e-09)
(0 -0 2e-09)
(0 -0 -1.734723e-18)
(0 -0 8.673617e-19)
(0 -0 2e-09)
(0 -0 0)
(0 -0 -2e-09)
(0 -0 -3.361027e-18)
(0 -0 -8e-10)
(0 -0 6e-10)
(0 -0 -4e-10)
(0 -0 -8e-10)
(0 -0 -6e-10)
(0 -0 1e-10)
(0 -0 5.2e-10)
(0 -0 -1.1e-09)
(0 -0 8.8e-10)
(0 -0 8e-10)
(0 -0 8e-10)
(0 -0 -1e-09)
(0 -0 -4e-10)
(0 -0 1.4e-09)
(0 -0 1.734723e-18)
(0 -0 -2e-09)
(0 -0 -8.673617e-19)
(0 -0 2e-09)
(0 -0 -3.469447e-18)
(0 -0 8.131516e-19)
(0 -0 1.680513e-18)
(0 -0 -3.415237e-18)
(0 -0 1.4e-09)
(0 -0 1.246832e-18)
(0 -0 6.36e-08)
(0 -0 2.95784e-05)
(0 -0 0.009233905)
(0 -0 0.01011512)
(0 -0 3.24146e-05)
(0 -0 6.74e-08)
(0 -0 4e-10)
(0 -0 1.6e-09)
(0 -0 0)
(0 -0 -2e-09)
(0 -0 1.626303e-18)
(0 -0 8.673617e-19)
(0 -0 2e-09)
(0 -0 2.602085e-18)
(0 -0 2.602085e-18)
(0 -0 -2e-09)
(0 -0 4e-10)
(0 -0 6e-10)
(0 -0 -1.4e-09)
(0 -0 8.673617e-19)
(0 -0 -2e-10)
(0 -0 3.6e-10)
(0 -0 -1.18e-09)
(0 -0 1.04e-09)
(0 -0 -6.2e-10)
(0 -0 1e-09)
(0 -0 1.2e-09)
(0 -0 1e-09)
(0 -0 -2e-10)
(0 -0 -2.602085e-18)
(0 -0 -4.228388e-18)
(0 -0 8.673617e-19)
(0 -0 2e-09)
(0 -0 -2e-09)
(0 -0 5.09575e-18)
(0 -0 -3.361027e-18)
(0 -0 2e-09)
(0 -0 8.673617e-19)
(0 -0 -1.8e-09)
(0 -0 1.2e-09)
(0 -0 7.18e-08)
(0 -0 3.24636e-05)
(0 -0 0.01013584)
(0 -0 0.01109936)
(0 -0 3.55702e-05)
(0 -0 7.3e-08)
(0 -0 -4e-10)
(0 -0 8.131516e-19)
(0 -0 -1.680513e-18)
(0 -0 -2e-09)
(0 -0 2.493665e-18)
(0 -0 2e-09)
(0 -0 1.734723e-18)
(0 -0 -2e-09)
(0 -0 4.228388e-18)
(0 -0 2.602085e-18)
(0 -0 4e-10)
(0 -0 -8e-10)
(0 -0 -2e-10)
(0 -0 6e-10)
(0 -0 2.168404e-19)
(0 -0 1.1e-09)
(0 -0 1.6e-10)
(0 -0 -5e-10)
(0 -0 -1.36e-09)
(0 -0 2e-10)
(0 -0 -2e-10)
(0 -0 -2.493665e-18)
(0 -0 -8e-10)
(0 -0 -6e-10)
(0 -0 2e-09)
(0 -0 0)
(0 -0 -2e-09)
(0 -0 -2.602085e-18)
(0 -0 2e-09)
(0 -0 4.228388e-18)
(0 -0 -1.734723e-18)
(0 -0 -1.680513e-18)
(0 -0 -2e-09)
(0 -0 -8e-10)
(0 -0 7.84e-08)
(0 -0 3.56276e-05)
(0 -0 0.01112413)
(0 -0 0.01218218)
(0 -0 3.90412e-05)
(0 -0 8.12e-08)
(0 -0 -1.6e-09)
(0 -0 -2e-09)
(0 -0 -2.493665e-18)
(0 -0 -3.361027e-18)
(0 -0 -3.469447e-18)
(0 -0 -3.361027e-18)
(0 -0 -3.469447e-18)
(0 -0 -3.361027e-18)
(0 -0 -2.493665e-18)
(0 -0 2e-09)
(0 -0 0)
(0 -0 -1e-09)
(0 -0 1e-09)
(0 -0 1e-09)
(0 -0 -8e-10)
(0 -0 -1.4e-10)
(0 -0 1.04e-09)
(0 -0 3.4e-10)
(0 -0 -4.4e-10)
(0 -0 -4e-10)
(0 -0 -3.469447e-18)
(0 -0 2e-10)
(0 -0 1.2e-09)
(0 -0 -2e-09)
(0 -0 -3.361027e-18)
(0 -0 -4.336809e-18)
(0 -0 -2.493665e-18)
(0 -0 2e-09)
(0 -0 2e-09)
(0 -0 -3.361027e-18)
(0 -0 -4.228388e-18)
(0 -0 -5.09575e-18)
(0 -0 -1.680513e-18)
(0 -0 2e-10)
(0 -0 8.6e-08)
(0 -0 3.91104e-05)
(0 -0 0.01221188)
(0 -0 0.01337926)
(0 -0 4.28756e-05)
(0 -0 8.9e-08)
(0 -0 2e-10)
(0 -0 3.361027e-18)
(0 -0 1.626303e-18)
(0 -0 2e-09)
(0 -0 -2e-09)
(0 -0 -2e-09)
(0 -0 2e-09)
(0 -0 -8.673617e-19)
(0 -0 7.589415e-19)
(0 -0 2e-09)
(0 -0 -2.493665e-18)
(0 -0 1.4e-09)
(0 -0 1.4e-09)
(0 -0 8e-10)
(0 -0 2e-10)
(0 -0 -2e-10)
(0 -0 -1e-10)
(0 -0 6e-10)
(0 -0 3e-10)
(0 -0 2e-10)
(0 -0 -2e-10)
(0 -0 1.2e-09)
(0 -0 2.4e-09)
(0 -0 8.673617e-19)
(0 -0 -2e-09)
(0 -0 -2e-09)
(0 -0 -7.589415e-18)
(0 -0 2e-09)
(0 -0 -1.626303e-18)
(0 -0 -3.361027e-18)
(0 -0 -1.734723e-18)
(0 -0 2e-09)
(0 -0 2e-09)
(0 -0 -1.4e-09)
(0 -0 9.48e-08)
(0 -0 4.29618e-05)
(0 -0 0.01341503)
(0 -0 0.01470998)
(0 -0 4.71414e-05)
(0 -0 9.8e-08)
(0 -0 -8.673617e-19)
(0 -0 1.626303e-18)
(0 -0 0)
(0 -0 1.734723e-18)
(0 -0 -5.09575e-18)
(0 -0 -1.734723e-18)
(0 -0 1.734723e-18)
(0 -0 -8.456777e-18)
(0 -0 2.493665e-18)
(0 -0 -6.830474e-18)
(0 -0 2e-09)
(0 -0 -8e-10)
(0 -0 -4e-10)
(0 -0 -2e-10)
(0 -0 1.6e-09)
(0 -0 4e-10)
(0 -0 6e-10)
(0 -0 4e-10)
(0 -0 4e-10)
(0 -0 -6e-10)
(0 -0 -1.4e-09)
(0 -0 8e-10)
(0 -0 -8e-10)
(0 -0 5.09575e-18)
(0 -0 0)
(0 -0 -8.673617e-19)
(0 -0 -2e-09)
(0 -0 -4.98733e-18)
(0 -0 5.09575e-18)
(0 -0 -5.09575e-18)
(0 -0 -3.361027e-18)
(0 -0 1.734723e-18)
(0 -0 5.09575e-18)
(0 -0 1.734723e-18)
(0 -0 1.05e-07)
(0 -0 4.7245e-05)
(0 -0 0.01475328)
(0 -0 0.01619859)
(0 -0 5.1912e-05)
(0 -0 1.074e-07)
(0 -0 0)
(0 -0 1.734723e-18)
(0 -0 1.734723e-18)
(0 -0 -2e-09)
(0 -0 5.09575e-18)
(0 -0 -1.734723e-18)
(0 -0 3.469447e-18)
(0 -0 4.98733e-18)
(0 -0 -2e-09)
(0 -0 -8.673617e-19)
(0 -0 8.673617e-19)
(0 -0 -2e-09)
(0 -0 6e-10)
(0 -0 -8e-10)
(0 -0 2e-10)
(0 -0 4e-10)
(0 -0 -1e-09)
(0 -0 -4e-10)
(0 -0 2e-10)
(0 -0 -2e-10)
(0 -0 -3.252607e-19)
(0 -0 -1e-09)
(0 -0 -2e-09)
(0 -0 4.228388e-18)
(0 -0 2e-09)
(0 -0 -3.252607e-18)
(0 -0 3.469447e-18)
(0 -0 3.469447e-18)
(0 -0 2e-09)
(0 -0 2e-09)
(0 -0 -2e-09)
(0 -0 -2e-09)
(0 -0 3.469447e-18)
(0 -0 5.09575e-18)
(0 -0 1.158e-07)
(0 -0 5.20394e-05)
(0 -0 0.01625132)
(0 -0 0.01787602)
(0 -0 5.72882e-05)
(0 -0 1.168e-07)
(0 -0 -2e-09)
(0 -0 2e-09)
(0 -0 -3.361027e-18)
(0 -0 0)
(0 -0 -2e-09)
(0 -0 -2e-09)
(0 -0 -3.252607e-18)
(0 -0 2e-09)
(0 -0 -2e-09)
(0 -0 -2e-09)
(0 -0 3.252607e-18)
(0 -0 2e-09)
(0 -0 1e-09)
(0 -0 -2e-10)
(0 -0 -1e-09)
(0 -0 -2e-10)
(0 -0 -4e-10)
(0 -0 -1.2e-09)
(0 -0 8e-10)
(0 -0 1e-09)
(0 -0 -4e-10)
(0 -0 -1.4e-09)
(0 -0 0)
(0 -0 2e-09)
(0 -0 -8.456777e-18)
(0 -0 2e-09)
(0 -0 5.20417e-18)
(0 -0 -4.98733e-18)
(0 -0 0)
(0 -0 2e-09)
(0 -0 -2e-09)
(0 -0 4.98733e-18)
(0 -0 1.01915e-17)
(0 -0 -2e-09)
(0 -0 1.296e-07)
(0 -0 5.74448e-05)
(0 -0 0.01794072)
(0 -0 0.01978246)
(0 -0 6.33964e-05)
(0 -0 1.28e-07)
(0 -0 -2e-09)
(0 -0 -1.734723e-18)
(0 -0 3.469447e-18)
(0 -0 0)
(0 -0 2e-09)
(0 -0 -2e-09)
(0 -0 0)
(0 -0 -8.456777e-18)
(0 -0 1.734723e-18)
(0 -0 -1.105886e-17)
(0 -0 1.279359e-17)
(0 -0 -2e-09)
(0 -0 -6e-10)
(0 -0 1.2e-09)
(0 -0 -2e-10)
(0 -0 -1.2e-09)
(0 -0 1.6e-09)
(0 -0 1.6e-09)
(0 -0 -2e-10)
(0 -0 -6e-10)
(0 -0 -6e-10)
(0 -0 1e-09)
(0 -0 -8.456777e-18)
(0 -0 -2.602085e-18)
(0 -0 6.722053e-18)
(0 -0 -1.843144e-17)
(0 -0 2e-09)
(0 -0 2e-09)
(0 -0 1.734723e-18)
(0 -0 -2e-09)
(0 -0 -2.0383e-17)
(0 -0 -1.192622e-17)
(0 -0 -8.456777e-18)
(0 -0 2e-09)
(0 -0 1.42e-07)
(0 -0 6.35912e-05)
(0 -0 0.01986256)
(0 -0 0.02197133)
(0 -0 7.04104e-05)
(0 -0 1.4e-07)
(0 -0 1.517883e-18)
(0 -0 -2e-09)
(0 -0 -2e-09)
(0 -0 -2e-09)
(0 -0 -1.734723e-18)
(0 -0 2e-09)
(0 -0 5.20417e-18)
(0 -0 -2e-09)
(0 -0 1.734723e-18)
(0 -0 -3.469447e-18)
(0 -0 -2.602085e-18)
(0 -0 4.119968e-18)
(0 -0 8e-10)
(0 -0 -2e-10)
(0 -0 -4e-10)
(0 -0 6e-10)
(0 -0 -1.2e-09)
(0 -0 4e-10)
(0 -0 4e-10)
(0 -0 2e-10)
(0 -0 4e-10)
(0 -0 -1e-09)
(0 -0 -2e-09)
(0 -0 -8.673617e-19)
(0 -0 2e-09)
(0 -0 -2e-09)
(0 -0 -4.98733e-18)
(0 -0 1.517883e-17)
(0 -0 6.722053e-18)
(0 -0 3.252607e-18)
(0 -0 2e-09)
(0 -0 -1.734723e-18)
(0 -0 2e-09)
(0 -0 4e-09)
(0 -0 1.6e-07)
(0 -0 7.06588e-05)
(0 -0 0.02207159)
(0 -0 0.02451549)
(0 -0 7.85616e-05)
(0 -0 1.56e-07)
(0 -0 -5.20417e-18)
(0 -0 0)
(0 -0 -2e-09)
(0 -0 -2e-09)
(0 -0 -6.722053e-18)
(0 -0 5.20417e-18)
(0 -0 -1.734723e-18)
(0 -0 -3.252607e-18)
(0 -0 -1.734723e-18)
(0 -0 -4.98733e-18)
(0 -0 4.336809e-18)
(0 -0 -9.324139e-18)
(0 -0 -8e-10)
(0 -0 1.8e-09)
(0 -0 6e-10)
(0 -0 4e-10)
(0 -0 8.673617e-19)
(0 -0 -1.6e-09)
(0 -0 8e-10)
(0 -0 -1.4e-09)
(0 -0 -6e-10)
(0 -0 -1.2e-09)
(0 -0 -7.589415e-18)
(0 -0 2e-09)
(0 -0 -2.602085e-18)
(0 -0 6.722053e-18)
(0 -0 -2e-09)
(0 -0 -1.517883e-18)
(0 -0 1.691355e-17)
(0 -0 2e-09)
(0 -0 2e-09)
(0 -0 1.01915e-17)
(0 -0 1.864828e-17)
(0 -0 2e-09)
(0 -0 1.82e-07)
(0 -0 7.88804e-05)
(0 -0 0.02464272)
(0 -0 0.02751727)
(0 -0 8.8176e-05)
(0 -0 1.7e-07)
(0 -0 -2e-09)
(0 -0 -1.734723e-18)
(0 -0 -1.170938e-17)
(0 -0 -2e-09)
(0 -0 0)
(0 -0 0)
(0 -0 1.517883e-18)
(0 -0 3.469447e-18)
(0 -0 -5.20417e-18)
(0 -0 -4.98733e-18)
(0 -0 -5.854692e-18)
(0 -0 4.119968e-18)
(0 -0 -1.6e-09)
(0 -0 1.2e-09)
(0 -0 1.2e-09)
(0 -0 -6e-10)
(0 -0 3.252607e-18)
(0 -0 -8e-10)
(0 -0 -1.8e-09)
(0 -0 -1e-09)
(0 -0 2e-10)
(0 -0 1.2e-09)
(0 -0 2e-09)
(0 -0 5.854692e-18)
(0 -0 -2e-09)
(0 -0 -9.97466e-18)
(0 -0 -3.252607e-18)
(0 -0 2e-09)
(0 -0 4.98733e-18)
(0 -0 -6.938894e-18)
(0 -0 -2.0383e-17)
(0 -0 2e-09)
(0 -0 2e-09)
(0 -0 2e-09)
(0 -0 2.08e-07)
(0 -0 8.8592e-05)
(0 -0 0.02768152)
(0 -0 0.03112694)
(0 -0 9.9734e-05)
(0 -0 1.8e-07)
(0 -0 -2e-09)
(0 -0 -4e-09)
(0 -0 1.344411e-17)
(0 -0 2e-09)
(0 -0 -2e-09)
(0 -0 -1.734723e-18)
(0 -0 1.691355e-17)
(0 -0 0)
(0 -0 1.864828e-17)
(0 -0 4.98733e-18)
(0 -0 2e-09)
(0 -0 2e-09)
(0 -0 4e-10)
(0 -0 -1.4e-09)
(0 -0 -1e-09)
(0 -0 4e-10)
(0 -0 3.035766e-18)
(0 -0 1.8e-09)
(0 -0 -4e-10)
(0 -0 1e-09)
(0 -0 1e-09)
(0 -0 2e-10)
(0 -0 3.252607e-18)
(0 -0 -2e-09)
(0 -0 -3.252607e-18)
(0 -0 -6.722053e-18)
(0 -0 6.938894e-18)
(0 -0 -8.456777e-18)
(0 -0 1.691355e-17)
(0 -0 1.344411e-17)
(0 -0 -6.938894e-18)
(0 -0 2e-09)
(0 -0 6e-09)
(0 -0 1.170938e-17)
(0 -0 2.48e-07)
(0 -0 0.00010029)
(0 -0 0.03134349)
(0 -0 0.0355605)
(0 -0 0.000113946)
(0 -0 1.82e-07)
(0 -0 8e-09)
(0 -0 -6e-09)
(0 -0 3.035766e-18)
(0 -0 0)
(0 -0 -9.97466e-18)
(0 -0 -1.734723e-18)
(0 -0 -3.469447e-18)
(0 -0 2e-09)
(0 -0 1.734723e-18)
(0 -0 -1.517883e-17)
(0 -0 1.170938e-17)
(0 -0 -1.01915e-17)
(0 -0 1.6e-09)
(0 -0 6e-10)
(0 -0 -6e-10)
(0 -0 -1e-09)
(0 -0 4e-10)
(0 -0 1e-09)
(0 -0 1.6e-09)
(0 -0 8e-10)
(0 -0 1e-09)
(0 -0 -1.4e-09)
(0 -0 -2e-09)
(0 -0 -8.673617e-19)
(0 -0 9.324139e-18)
(0 -0 -1.864828e-17)
(0 -0 -6.938894e-18)
(0 -0 -3.469447e-18)
(0 -0 -1.734723e-18)
(0 -0 -2e-09)
(0 -0 -1.344411e-17)
(0 -0 -2.0383e-17)
(0 -0 6e-09)
(0 -0 -8e-09)
(0 -0 3.12e-07)
(0 -0 0.000114694)
(0 -0 0.03585489)
(0 -0 0.0412541)
(0 -0 0.00013213)
(0 -0 1.24e-07)
(0 -0 4.4e-08)
(0 -0 -1.2e-08)
(0 -0 2e-09)
(0 -0 -2e-09)
(0 -0 0)
(0 -0 2e-09)
(0 -0 -1.734723e-18)
(0 -0 -1.734723e-18)
(0 -0 -1.366095e-17)
(0 -0 2e-09)
(0 -0 -1.604619e-17)
(0 -0 -3.469447e-18)
(0 -0 4e-10)
(0 -0 -8e-10)
(0 -0 1.6e-09)
(0 -0 4e-10)
(0 -0 -1e-09)
(0 -0 -1.4e-09)
(0 -0 -4e-10)
(0 -0 -2e-10)
(0 -0 -6e-10)
(0 -0 -1.301043e-18)
(0 -0 4.336809e-18)
(0 -0 2.385245e-18)
(0 -0 -2e-09)
(0 -0 1.691355e-17)
(0 -0 -1.864828e-17)
(0 -0 1.691355e-17)
(0 -0 3.035766e-18)
(0 -0 -2e-09)
(0 -0 -6.505213e-18)
(0 -0 -2e-09)
(0 -0 1.2e-08)
(0 -0 -4.8e-08)
(0 -0 4.52e-07)
(0 -0 0.000133004)
(0 -0 0.0416635)
(0 -0 0.04818929)
(0 -0 0.000155464)
(0 -0 -9e-08)
(0 -0 2.1e-07)
(0 -0 -2.6e-08)
(0 -0 1.4e-08)
(0 -0 2.0383e-17)
(0 -0 6.505213e-18)
(0 -0 8.673617e-18)
(0 -0 2e-09)
(0 -0 2e-09)
(0 -0 5.20417e-18)
(0 -0 2e-09)
(0 -0 2e-09)
(0 -0 -2e-09)
(0 -0 -1.8e-09)
(0 -0 -8e-10)
(0 -0 -4e-10)
(0 -0 1e-09)
(0 -0 3.2e-10)
(0 -0 -2e-10)
(0 -0 -5.2e-10)
(0 -0 -1.2e-09)
(0 -0 4e-10)
(0 -0 1.2e-09)
(0 -0 2e-09)
(0 -0 -2e-09)
(0 -0 -2e-09)
(0 -0 8.456777e-18)
(0 -0 -2e-09)
(0 -0 -1.994932e-17)
(0 -0 3.469447e-18)
(0 -0 2.385245e-17)
(0 -0 -2e-09)
(0 -0 -1.2e-08)
(0 -0 3e-08)
(0 -0 -2.16e-07)
(0 -0 7.86e-07)
(0 -0 0.00015625)
(0 -0 0.04882436)
(0 -0 0.06028922)
(0 -0 0.00019279)
(0 -0 -1.536e-06)
(0 -0 3.58e-07)
(0 -0 -2.54e-07)
(0 -0 -1.2e-08)
(0 -0 -1e-08)
(0 -0 -2e-09)
(0 -0 -5.20417e-18)
(0 -0 2e-09)
(0 -0 2e-09)
(0 -0 4.98733e-18)
(0 -0 -5.20417e-18)
(0 -0 7.589415e-18)
(0 -0 1e-09)
(0 -0 1.301043e-18)
(0 -0 -2e-10)
(0 -0 -1.6e-09)
(0 -0 4e-10)
(0 -0 4.2e-10)
(0 -0 1.6e-09)
(0 -0 3.8e-10)
(0 -0 -3.144186e-18)
(0 -0 1.2e-09)
(0 -0 1.2e-09)
(0 -0 -4e-10)
(0 -0 -2e-09)
(0 -0 -7.589415e-18)
(0 -0 -2e-09)
(0 -0 3.469447e-18)
(0 -0 -2e-09)
(0 -0 8.673617e-18)
(0 -0 6e-09)
(0 -0 1.4e-08)
(0 -0 1.4e-08)
(0 -0 2.74e-07)
(0 -0 -3.88e-07)
(0 -0 2.474e-06)
(0 -0 0.000191122)
(0 -0 0.06115618)
(0 -0 0.06837888)
(0 -0 0.000241018)
(0 -0 -1.53e-06)
(0 -0 3.916e-06)
(0 -0 2.7e-07)
(0 -0 2.5e-07)
(0 -0 4.8e-08)
(0 -0 1.6e-08)
(0 -0 4e-09)
(0 -0 -6.938894e-18)
(0 -0 -2e-09)
(0 -0 -2e-09)
(0 -0 -2e-09)
(0 -0 -2e-09)
(0 -0 -1.4e-09)
(0 -0 -8e-10)
(0 -0 -2.6e-09)
(0 -0 -2.6e-09)
(0 -0 -3.14e-09)
(0 -0 -2.76e-09)
(0 -0 -3.46e-09)
(0 -0 -4.04e-09)
(0 -0 -2.6e-09)
(0 -0 -4.4e-09)
(0 -0 -3.4e-09)
(0 -0 -3.4e-09)
(0 -0 -3.4e-09)
(0 -0 -4e-09)
(0 -0 -4e-09)
(0 -0 -4e-09)
(0 -0 -8e-09)
(0 -0 -1e-08)
(0 -0 -2.2e-08)
(0 -0 -7.4e-08)
(0 -0 -3.08e-07)
(0 -0 -2.86e-07)
(0 -0 -4.252e-06)
(0 -0 2.736e-06)
(0 -0 0.000208132)
(0 -0 0.07003262)
(0 -0 0.1079644)
(0 -0 0.000356926)
(0 -0 -2.8042e-05)
(0 -0 -1.234e-06)
(0 -0 -4.67e-06)
(0 -0 -1.46e-06)
(0 -0 -1.254e-06)
(0 -0 -1.238e-06)
(0 -0 -1.326e-06)
(0 -0 -1.406e-06)
(0 -0 -1.474e-06)
(0 -0 -1.526e-06)
(0 -0 -1.57e-06)
(0 -0 -1.6022e-06)
(0 -0 -1.6314e-06)
(0 -0 -1.6552e-06)
(0 -0 -1.6762e-06)
(0 -0 -1.6962e-06)
(0 -0 -1.7153e-06)
(0 -0 -1.73256e-06)
(0 -0 -1.7495e-06)
(0 -0 -1.76544e-06)
(0 -0 -1.7848e-06)
(0 -0 -1.8044e-06)
(0 -0 -1.8272e-06)
(0 -0 -1.85e-06)
(0 -0 -1.8796e-06)
(0 -0 -1.916e-06)
(0 -0 -1.962e-06)
(0 -0 -2.02e-06)
(0 -0 -2.094e-06)
(0 -0 -2.192e-06)
(0 -0 -2.292e-06)
(0 -0 -2.336e-06)
(0 -0 -2.182e-06)
(0 -0 9.6e-07)
(0 -0 -3.366e-06)
(0 -0 2.234e-05)
(0 -0 0.00030883)
(0 -0 0.1103778)
(0 -0 0.1119228)
(0 -0 0.00135343)
(0 -0 0.00019446)
(0 -0 -0.000287618)
(0 -0 -0.00049303)
(0 -0 -0.00060797)
(0 -0 -0.000673638)
(0 -0 -0.000713178)
(0 -0 -0.000738604)
(0 -0 -0.000755898)
(0 -0 -0.00076826)
(0 -0 -0.0007774808)
(0 -0 -0.0007846128)
(0 -0 -0.0007903158)
(0 -0 -0.0007950094)
(0 -0 -0.0007989836)
(0 -0 -0.000802443)
(0 -0 -0.0008055456)
(0 -0 -0.0008084101)
(0 -0 -0.0008111398)
(0 -0 -0.0008138169)
(0 -0 -0.0008165346)
(0 -0 -0.0008193782)
(0 -0 -0.0008224464)
(0 -0 -0.0008258576)
(0 -0 -0.0008297614)
(0 -0 -0.000834355)
(0 -0 -0.00083992)
(0 -0 -0.000846865)
(0 -0 -0.000855828)
(0 -0 -0.000867836)
(0 -0 -0.000884664)
(0 -0 -0.000909526)
(0 -0 -0.00094854)
(0 -0 -0.001013802)
(0 -0 -0.00113129)
(0 -0 -0.001337604)
(0 -0 -0.001840786)
(0 -0 -0.00232722)
(0 -0 0.1093064)
(0 -0 0.00620416)
(0 -0 -0.2504506)
(0 -0 -0.250833)
(0 -0 -0.252776)
(0 -0 -0.2527435)
(0 -0 -0.2531707)
(0 -0 -0.2533032)
(0 -0 -0.2534018)
(0 -0 -0.2534628)
(0 -0 -0.2535031)
(0 -0 -0.2535311)
(0 -0 -0.2535515)
(0 -0 -0.253567)
(0 -0 -0.2535794)
(0 -0 -0.2535898)
(0 -0 -0.2535988)
(0 -0 -0.2536068)
(0 -0 -0.2536145)
(0 -0 -0.2536219)
(0 -0 -0.2536296)
(0 -0 -0.2536374)
(0 -0 -0.2536461)
(0 -0 -0.2536554)
(0 -0 -0.2536661)
(0 -0 -0.2536784)
(0 -0 -0.253693)
(0 -0 -0.2537103)
(0 -0 -0.2537316)
(0 -0 -0.253758)
(0 -0 -0.2537923)
(0 -0 -0.2538376)
(0 -0 -0.2539004)
(0 -0 -0.253991)
(0 -0 -0.2541324)
(0 -0 -0.2543176)
(0 -0 -0.2548443)
(0 -0 -0.2549904)
(0 -0 -0.2570061)
(0 -0 -0.2566682)
(0 -0 0.00810162)
(0 -0 -39.74748)
(0 -0 -40.00945)
(0 -0 -39.86061)
(0 -0 -39.85641)
(0 -0 -39.82202)
(0 -0 -39.80979)
(0 -0 -39.79971)
(0 -0 -39.79272)
(0 -0 -39.78762)
(0 -0 -39.78376)
(0 -0 -39.78078)
(0 -0 -39.77844)
(0 -0 -39.77657)
(0 -0 -39.77509)
(0 -0 -39.77391)
(0 -0 -39.77299)
(0 -0 -39.77228)
(0 -0 -39.77177)
(0 -0 -39.77143)
(0 -0 -39.77126)
(0 -0 -39.77124)
(0 -0 -39.77139)
(0 -0 -39.77169)
(0 -0 -39.77217)
(0 -0 -39.77284)
(0 -0 -39.77372)
(0 -0 -39.77484)
(0 -0 -39.77627)
(0 -0 -39.77805)
(0 -0 -39.7803)
(0 -0 -39.78316)
(0 -0 -39.78685)
(0 -0 -39.79174)
(0 -0 -39.7984)
(0 -0 -39.80827)
(0 -0 -39.81915)
(0 -0 -39.85477)
(0 -0 -39.85543)
(0 -0 -40.00799)
(0 -0 -39.74345)
)
;

boundaryField
{
    movingWall
    {
        type            calculated;
        value           nonuniform List<vector> 
40
(
(0 -0 -79.29592)
(0 -0 -79.60163)
(0 -0 -79.23697)
(0 -0 -79.2246)
(0 -0 -79.14549)
(0 -0 -79.1179)
(0 -0 -79.09602)
(0 -0 -79.08114)
(0 -0 -79.07046)
(0 -0 -79.06249)
(0 -0 -79.05636)
(0 -0 -79.05156)
(0 -0 -79.04777)
(0 -0 -79.04475)
(0 -0 -79.04235)
(0 -0 -79.04048)
(0 -0 -79.03905)
(0 -0 -79.038)
(0 -0 -79.03731)
(0 -0 -79.03696)
(0 -0 -79.03692)
(0 -0 -79.03719)
(0 -0 -79.0378)
(0 -0 -79.03874)
(0 -0 -79.04007)
(0 -0 -79.04183)
(0 -0 -79.04408)
(0 -0 -79.04693)
(0 -0 -79.05052)
(0 -0 -79.05505)
(0 -0 -79.06083)
(0 -0 -79.06836)
(0 -0 -79.07845)
(0 -0 -79.09246)
(0 -0 -79.11383)
(0 -0 -79.13803)
(0 -0 -79.22031)
(0 -0 -79.2237)
(0 -0 -79.59737)
(0 -0 -79.28711)
)
;
    }
    fixedWalls
    {
        type            calculated;
        value           nonuniform List<vector> 
120
(
(0 -0 0.0005170246)
(0 -0 0.001038575)
(0 -0 0.001740808)
(0 -0 0.002454622)
(0 -0 0.003184366)
(0 -0 0.003934824)
(0 -0 0.004710982)
(0 -0 0.005518069)
(0 -0 0.006361613)
(0 -0 0.007247504)
(0 -0 0.00818208)
(0 -0 0.009172202)
(0 -0 0.01022539)
(0 -0 0.01134992)
(0 -0 0.01255503)
(0 -0 0.01385108)
(0 -0 0.01524983)
(0 -0 0.01676477)
(0 -0 0.01841152)
(0 -0 0.02020841)
(0 -0 0.02217712)
(0 -0 0.02434376)
(0 -0 0.02674008)
(0 -0 0.02940534)
(0 -0 0.03238885)
(0 -0 0.03575367)
(0 -0 0.03958214)
(0 -0 0.04398432)
(0 -0 0.0491117)
(0 -0 0.05517958)
(0 -0 0.06250976)
(0 -0 0.07157264)
(0 -0 0.08335847)
(0 -0 0.09780245)
(0 -0 0.1241351)
(0 -0 0.1415618)
(0 -0 0.2327437)
(0 -0 0.2390545)
(0 -0 0.3455391)
(0 -0 -39.44346)
(0 -0 0.0005174373)
(0 -0 0.001039409)
(0 -0 0.001742223)
(0 -0 0.002456653)
(0 -0 0.003187066)
(0 -0 0.003938261)
(0 -0 0.004715246)
(0 -0 0.005523271)
(0 -0 0.006367888)
(0 -0 0.007255018)
(0 -0 0.008191028)
(0 -0 0.009182834)
(0 -0 0.01023799)
(0 -0 0.01136484)
(0 -0 0.0125727)
(0 -0 0.013872)
(0 -0 0.01527463)
(0 -0 0.01679421)
(0 -0 0.01844652)
(0 -0 0.02025012)
(0 -0 0.022227)
(0 -0 0.0244036)
(0 -0 0.0268122)
(0 -0 0.02949272)
(0 -0 0.03249537)
(0 -0 0.03588454)
(0 -0 0.03974445)
(0 -0 0.04418799)
(0 -0 0.04937102)
(0 -0 0.055516)
(0 -0 0.0629565)
(0 -0 0.07218665)
(0 -0 0.08422499)
(0 -0 0.0991856)
(0 -0 0.1260378)
(0 -0 0.1454502)
(0 -0 0.238192)
(0 -0 0.2448513)
(0 -0 0.3582567)
(0 -0 -39.44203)
(0 -0 0.0005161052)
(0 -0 0.001031691)
(0 -0 0.00171429)
(0 -0 0.002386291)
(0 -0 0.003042957)
(0 -0 0.003680113)
(0 -0 0.004293759)
(0 -0 0.004880078)
(0 -0 0.005435477)
(0 -0 0.005956593)
(0 -0 0.006440321)
(0 -0 0.006883822)
(0 -0 0.00728453)
(0 -0 0.007640166)
(0 -0 0.007948734)
(0 -0 0.00820852)
(0 -0 0.008418116)
(0 -0 0.008576367)
(0 -0 0.008682432)
(0 -0 0.008735745)
(0 -0 0.008736015)
(0 -0 0.008683236)
(0 -0 0.008577671)
(0 -0 0.008419897)
(0 -0 0.008210746)
(0 -0 0.007951338)
(0 -0 0.00764309)
(0 -0 0.007287704)
(0 -0 0.006887167)
(0 -0 0.006443757)
(0 -0 0.005960035)
(0 -0 0.00543884)
(0 -0 0.00488328)
(0 -0 0.004296717)
(0 -0 0.003682757)
(0 -0 0.003045216)
(0 -0 0.00238811)
(0 -0 0.001715623)
(0 -0 0.001032504)
(0 -0 0.0005165149)
)
;
    }
    frontAndBack
    {
        type            empty;
    }
}


// ************************************************************************* //
