/*--------------------------------*- C++ -*----------------------------------*\
| =========                 |                                                 |
| \\      /  F ield         | OpenFOAM: The Open Source CFD Toolbox           |
|  \\    /   O peration     | Version:  2412                                  |
|   \\  /    A nd           | Website:  www.openfoam.com                      |
|    \\/     M anipulation  |                                                 |
\*---------------------------------------------------------------------------*/
FoamFile
{
    version     2.0;
    format      ascii;
    arch        "LSB;label=32;scalar=64";
    class       volScalarField;
    location    "0.5";
    object      p;
}
// * * * * * * * * * * * * * * * * * * * * * * * * * * * * * * * * * * * * * //

dimensions      [0 2 -2 0 0 0 0];

internalField   nonuniform List<scalar> 
1600
(
5.053043e-12
5.306394e-07
1.598152e-06
3.195091e-06
5.311246e-06
7.933049e-06
1.104375e-05
1.462356e-05
1.864977e-05
2.309698e-05
2.793727e-05
3.314038e-05
3.867394e-05
4.450369e-05
5.05937e-05
5.690657e-05
6.340369e-05
7.004541e-05
7.679131e-05
8.360041e-05
9.043133e-05
9.724262e-05
0.0001039928
0.0001106409
0.0001171463
0.0001234691
0.0001295705
0.0001354128
0.0001409598
0.0001461769
0.0001510313
0.0001554925
0.0001595323
0.0001631248
0.000166247
0.0001688789
0.0001710035
0.0001726069
0.0001736789
0.0001742117
-5.290027e-07
4.978772e-09
1.079224e-06
2.686213e-06
4.815651e-06
7.453862e-06
1.058396e-05
1.418599e-05
1.82371e-05
2.271168e-05
2.758162e-05
3.281644e-05
3.838358e-05
4.424855e-05
5.037521e-05
5.672595e-05
6.326192e-05
6.994327e-05
7.672936e-05
8.357899e-05
9.045058e-05
9.730244e-05
0.000104093
0.0001107808
0.0001173252
0.0001236861
0.0001298243
0.0001357021
0.000141283
0.0001465321
0.0001514165
0.0001559054
0.0001599704
0.0001635854
0.0001667273
0.0001693758
0.0001715138
0.0001731275
0.0001742062
0.0001747425
-1.602323e-06
-1.061541e-06
2.637936e-08
1.653786e-06
3.81021e-06
6.481748e-06
9.651241e-06
1.329842e-05
1.740006e-05
2.19302e-05
2.686031e-05
3.21595e-05
3.779477e-05
4.37312e-05
4.99322e-05
5.635972e-05
6.297448e-05
6.973618e-05
7.660375e-05
8.353556e-05
9.048959e-05
9.742372e-05
0.0001042959
0.0001110644
0.0001176879
0.000124126
0.0001303391
0.0001362889
0.0001419385
0.0001472526
0.0001521978
0.0001567429
0.000160859
0.0001645197
0.0001677015
0.0001703838
0.0001725492
0.0001741836
0.0001752762
0.0001758194
-3.225039e-06
-2.673952e-06
-1.565321e-06
9.300551e-08
2.290293e-06
5.012288e-06
8.241411e-06
1.195691e-05
1.613503e-05
2.074922e-05
2.577033e-05
3.116686e-05
3.690513e-05
4.294957e-05
4.926292e-05
5.580646e-05
6.254025e-05
6.942334e-05
7.641399e-05
8.346992e-05
9.054847e-05
9.760687e-05
0.0001046024
0.0001114927
0.0001182358
0.0001247905
0.0001311168
0.0001371754
0.0001429289
0.0001483412
0.0001533784
0.0001580085
0.000162202
0.000165932
0.0001691742
0.0001719077
0.0001741146
0.0001757803
0.0001768939
0.0001774476
-5.407759e-06
-4.842774e-06
-3.706213e-06
-2.006194e-06
2.461841e-07
3.03619e-06
6.345668e-06
1.015321e-05
1.443432e-05
1.916167e-05
2.430528e-05
2.983276e-05
3.570958e-05
4.189926e-05
4.836364e-05
5.506311e-05
6.195684e-05
6.900301e-05
7.6159e-05
8.338165e-05
9.062747e-05
9.785279e-05
0.0001050141
0.000112068
0.0001189718
0.0001256834
0.0001321616
0.0001383667
0.0001442599
0.0001498045
0.0001549655
0.0001597101
0.0001640079
0.000167831
0.0001711548
0.0001739572
0.00017622
0.000177928
0.0001790701
0.0001796378
-8.164595e-06
-7.581996e-06
-6.410037e-06
-4.657187e-06
-2.335018e-06
5.411226e-07
3.952338e-06
7.876363e-06
1.228778e-05
1.715822e-05
2.245666e-05
2.814962e-05
3.420141e-05
4.057445e-05
4.722944e-05
5.412564e-05
6.122111e-05
6.847292e-05
7.583737e-05
8.327023e-05
9.072691e-05
9.816269e-05
0.0001055329
0.0001127932
0.0001198997
0.0001268092
0.0001334794
0.0001398692
0.0001459391
0.0001516508
0.0001569684
0.0001618577
0.0001662875
0.0001702287
0.0001736556
0.0001765455
0.0001788791
0.0001806408
0.0001818188
0.0001824044
-1.151344e-05
-1.090935e-05
-9.694207e-06
-7.876916e-06
-5.469642e-06
-2.488506e-06
1.046671e-06
5.112565e-06
9.682587e-06
1.472713e-05
2.021384e-05
2.610789e-05
3.237223e-05
3.896788e-05
4.585417e-05
5.298901e-05
6.032911e-05
6.783023e-05
7.544735e-05
8.313497e-05
9.084719e-05
9.853803e-05
0.0001061615
0.0001136721
0.0001210244
0.0001281739
0.0001350771
0.0001416914
0.0001479758
0.0001538907
0.0001593987
0.0001644643
0.0001690547
0.0001731398
0.0001766924
0.0001796889
0.0001821089
0.0001839361
0.000185158
0.0001857655
-1.547614e-05
-1.484648e-05
-1.357996e-05
-1.168602e-05
-9.177564e-06
-6.071651e-06
-2.389236e-06
1.845069e-06
6.603254e-06
1.18542e-05
1.756397e-05
2.369611e-05
3.021194e-05
3.707082e-05
4.423048e-05
5.164721e-05
5.927616e-05
6.707155e-05
7.498685e-05
8.297504e-05
9.098878e-05
9.898058e-05
0.000106903
0.0001147089
0.0001223515
0.0001297847
0.0001369633
0.0001438431
0.0001503814
0.000156537
0.0001622706
0.0001675452
0.0001723264
0.0001765823
0.0001802844
0.0001834076
0.0001859305
0.0001878356
0.0001891097
0.0001897432
-2.007867e-05
-1.94191e-05
-1.809252e-05
-1.610901e-05
-1.348236e-05
-1.023076e-05
-6.376551e-06
-1.945886e-06
3.031525e-06
8.522756e-06
1.449199e-05
2.090086e-05
2.770874e-05
3.487311e-05
4.234979e-05
5.009324e-05
5.80568e-05
6.619294e-05
7.445341e-05
8.278951e-05
9.115221e-05
9.949237e-05
0.0001077609
0.0001159088
0.0001238878
0.0001316498
0.0001391478
0.0001463358
0.0001531691
0.0001596045
0.0001656008
0.0001711189
0.0001761223
0.0001805775
0.0001844542
0.0001877254
0.0001903685
0.0001923648
0.0001937
0.000194364
-2.535139e-05
-2.46573e-05
-2.326136e-05
-2.117448e-05
-1.841148e-05
-1.499194e-05
-1.093984e-05
-6.283174e-06
-1.053679e-06
4.713585e-06
1.09806e-05
1.770674e-05
2.484918e-05
3.236316e-05
4.020236e-05
4.831916e-05
5.666485e-05
6.518994e-05
7.384427e-05
8.257727e-05
9.133806e-05
0.0001000757
0.0001087391
0.0001172776
0.0001256407
0.0001337785
0.000141642
0.0001491828
0.0001563541
0.0001631105
0.0001694083
0.0001752063
0.0001804656
0.0001851503
0.0001892281
0.0001926702
0.0001954521
0.0001975535
0.0001989594
0.0001996586
-3.132939e-05
-3.059578e-05
-2.912048e-05
-2.691535e-05
-2.399649e-05
-2.038514e-05
-1.61072e-05
-1.11929e-05
-5.676336e-06
4.049083e-07
7.010237e-06
1.409645e-05
2.161812e-05
2.9528e-05
3.777733e-05
4.631612e-05
5.509344e-05
6.405759e-05
7.315636e-05
8.23371e-05
9.154696e-05
0.0001007329
0.000109842
0.0001188214
0.0001276186
0.0001361814
0.0001444583
0.0001523989
0.0001599535
0.0001670743
0.000173715
0.0001798315
0.0001853822
0.0001903289
0.0001946364
0.0001982738
0.0002012144
0.0002034364
0.0002049233
0.0002056627
-3.805281e-05
-3.727425e-05
-3.570871e-05
-3.336919e-05
-3.027333e-05
-2.644434e-05
-2.191045e-05
-1.67045e-05
-1.08634e-05
-4.427666e-06
2.559106e-06
1.005072e-05
1.799883e-05
2.635333e-05
3.506273e-05
4.407443e-05
5.333503e-05
6.279049e-05
7.23863e-05
8.206766e-05
9.177956e-05
0.0001014669
0.0001110745
0.0001205473
0.0001298305
0.0001388696
0.0001476106
0.0001560003
0.0001639862
0.0001715176
0.000178545
0.0001850214
0.000190902
0.0001961453
0.0002007135
0.0002045726
0.0002076938
0.0002100529
0.0002116318
0.0002124172
-4.55673e-05
-4.473784e-05
-4.307012e-05
-4.057855e-05
-3.72826e-05
-3.320785e-05
-2.838531e-05
-2.28509e-05
-1.664487e-05
-9.811163e-06
-2.396843e-06
5.548455e-06
1.397304e-05
2.282361e-05
3.204562e-05
4.158364e-05
5.138155e-05
6.138279e-05
7.153046e-05
8.176745e-05
9.203651e-05
0.0001022803
0.0001124414
0.0001224625
0.0001322863
0.0001418557
0.0001511139
0.0001600048
0.000168473
0.0001764641
0.0001839253
0.000190806
0.0001970578
0.0002026356
0.000207498
0.0002116079
0.0002149333
0.0002174478
0.0002191311
0.0002199685
-5.392456e-05
-5.30376e-05
-5.125451e-05
-4.859139e-05
-4.506992e-05
-4.071854e-05
-3.557158e-05
-2.966864e-05
-2.305387e-05
-1.577524e-05
-7.883851e-06
5.667349e-07
9.521034e-06
1.892216e-05
2.871221e-05
3.883264e-05
4.922444e-05
5.982836e-05
7.058501e-05
8.14349e-05
9.231848e-05
0.0001031761
0.0001139481
0.0001245748
0.0001349962
0.0001451526
0.0001549842
0.0001644317
0.0001734362
0.0001819396
0.0001898853
0.0001972184
0.0002038863
0.0002098398
0.0002150333
0.0002194257
0.0002229817
0.0002256717
0.0002274731
0.0002283694
-6.318297e-05
-6.223116e-05
-6.031798e-05
-5.746158e-05
-5.368637e-05
-4.90242e-05
-4.351341e-05
-3.719797e-05
-3.012667e-05
-2.235218e-05
-1.393027e-05
-4.919009e-06
4.621827e-06
1.463135e-05
2.504799e-05
3.580981e-05
4.685476e-05
5.812079e-05
6.954594e-05
8.106831e-05
9.262606e-05
0.0001041573
0.0001156
0.000126892
0.0001379708
0.0001487738
0.0001592382
0.0001693011
0.0001788998
0.0001879722
0.000196457
0.0002042948
0.000211428
0.0002178025
0.0002233677
0.0002280781
0.0002318938
0.0002347818
0.0002367166
0.0002376793
-7.340838e-05
-7.238343e-05
-7.032357e-05
-6.724951e-05
-6.318894e-05
-5.817789e-05
-5.22595e-05
-4.548304e-05
-3.790273e-05
-2.95768e-05
-2.056641e-05
-1.093482e-05
-7.466304e-07
9.932834e-06
2.103798e-05
3.250327e-05
4.426344e-05
5.625359e-05
6.840917e-05
8.066593e-05
9.295978e-05
0.0001052266
0.0001174022
0.000129422
0.000141221
0.0001527335
0.0001638934
0.0001746343
0.0001848893
0.0001945915
0.000203675
0.0002120745
0.0002197272
0.0002265727
0.000232555
0.0002376227
0.0002417311
0.0002448425
0.0002469279
0.0002479658
-8.467507e-05
-8.356754e-05
-8.134213e-05
-7.802273e-05
-7.364107e-05
-6.82383e-05
-6.186339e-05
-5.457192e-05
-4.642466e-05
-3.748632e-05
-2.782436e-05
-1.750795e-05
-6.607145e-06
4.807828e-06
1.666701e-05
2.890107e-05
4.144142e-05
5.422029e-05
6.717063e-05
8.022595e-05
9.332006e-05
0.0001063869
0.00011936
0.0001321727
0.0001447573
0.0001570454
0.0001689674
0.000180453
0.0001914309
0.0002018291
0.0002115759
0.0002206
0.0002288319
0.0002362044
0.0002426544
0.0002481242
0.0002525624
0.000255926
0.0002581818
0.0002593047
-9.706685e-05
-9.586589e-05
-9.345326e-05
-8.985683e-05
-8.511336e-05
-7.927025e-05
-7.238365e-05
-6.451675e-05
-5.573813e-05
-4.612017e-05
-3.573764e-05
-2.466649e-05
-1.298288e-05
-7.624571e-07
1.192014e-05
2.49916e-05
3.837998e-05
5.201472e-05
6.582642e-05
7.974656e-05
9.370714e-05
0.0001076403
0.0001214779
0.0001351511
0.0001485899
0.0001617231
0.0001744777
0.0001867793
0.0001985517
0.0002097175
0.0002201986
0.0002299166
0.0002387943
0.0002467565
0.0002537318
0.0002596542
0.0002644648
0.0002681139
0.0002705628
0.0002717821
-0.0001106786
-0.0001093716
-0.0001067465
-0.0001028364
-9.768422e-05
-9.134517e-05
-8.388417e-05
-7.537371e-05
-6.589171e-05
-5.551964e-05
-4.434078e-05
-3.243883e-05
-1.989681e-05
-6.796285e-06
6.783123e-06
2.076399e-05
3.507108e-05
4.963122e-05
6.437292e-05
7.922599e-05
9.412104e-05
0.0001089889
0.0001237599
0.0001383636
0.000152728
0.0001667791
0.0001804408
0.0001936344
0.0002062787
0.0002182902
0.0002295835
0.0002400724
0.0002496706
0.0002582933
0.0002658593
0.0002722925
0.0002775248
0.0002814979
0.0002841664
0.0002854954
-0.0001256179
-0.00012419
-0.000121323
-0.0001170563
-0.0001114408
-0.0001045416
-9.643434e-05
-8.720291e-05
-7.69365e-05
-6.572736e-05
-5.366867e-05
-4.0853e-05
-2.737101e-05
-1.33107e-05
1.243052e-06
1.620869e-05
3.150785e-05
4.706501e-05
6.280705e-05
7.866263e-05
9.456147e-05
0.0001104336
0.0001262087
0.0001418151
0.0001571791
0.0001722245
0.0001868721
0.0002010389
0.0002146384
0.0002275806
0.0002397723
0.0002511179
0.0002615207
0.0002708847
0.0002791165
0.000286128
0.0002918393
0.0002961817
0.0002991009
0.0003005555
-0.0001420075
-0.0001404409
-0.0001372968
-0.0001326229
-0.0001264801
-0.0001189457
-0.0001101092
-0.0001000682
-8.892571e-05
-7.678664e-05
-6.375577e-05
-4.993574e-05
-3.542572e-05
-2.032065e-05
-4.710808e-06
1.131819e-05
2.768512e-05
4.431261e-05
6.112652e-05
7.805503e-05
9.502777e-05
0.0001119749
0.0001288258
0.0001455085
0.0001619485
0.0001780677
0.0001937841
0.0002090106
0.0002236555
0.0002376215
0.0002508067
0.0002631051
0.000274408
0.0002846057
0.0002935905
0.0003012592
0.0003075173
0.0003122827
0.0003154901
0.0003170889
-0.0001599879
-0.0001582612
-0.0001547978
-0.0001496559
-0.0001429096
-0.000134652
-0.0001249894
-0.0001140369
-0.0001019138
-8.874043e-05
-7.46349e-05
-5.97113e-05
-4.407819e-05
-2.783783e-05
-1.108599e-05
6.087871e-06
2.360015e-05
4.137235e-05
5.933011e-05
7.740211e-05
9.551886e-05
0.0001136115
0.0001316105
0.0001494443
0.0001670384
0.0001843137
0.0002011859
0.0002175644
0.0002333517
0.0002484433
0.0002627278
0.0002760873
0.000288399
0.0002995373
0.0003093768
0.0003177959
0.0003246816
0.0003299345
0.0003334752
0.0003352413
-0.0001797212
-0.0001778082
-0.0001739739
-0.0001682905
-0.0001608492
-0.0001517635
-0.0001411612
-0.0001291787
-0.0001159555
-0.0001016299
-8.633573e-05
-7.019985e-05
-5.334103e-05
-3.586922e-05
-1.788566e-05
5.168727e-07
1.925322e-05
3.824473e-05
5.741794e-05
7.670318e-05
9.60331e-05
0.0001153411
0.0001345598
0.0001536196
0.0001724469
0.0001909627
0.0002090815
0.0002267095
0.0002437439
0.0002600727
0.000275574
0.0002901168
0.0003035621
0.0003157653
0.0003265795
0.0003358601
0.0003434708
0.00034929
0.0003532193
0.0003551808
-0.0002013958
-0.0001992639
-0.0001949948
-0.0001886796
-0.0001804323
-0.0001703926
-0.0001587157
-0.0001455649
-0.0001311039
-0.0001154926
-9.888271e-05
-8.141538e-05
-6.32204e-05
-4.441574e-05
-2.510748e-05
-5.390846e-06
1.464857e-05
3.493322e-05
5.539192e-05
7.595815e-05
9.656819e-05
0.0001171593
0.0001376678
0.0001580274
0.000178167
0.0001980092
0.0002174683
0.0002364484
0.0002548424
0.0002725304
0.0002893795
0.000305244
0.0003199665
0.00033338
0.0003453114
0.0003555875
0.0003640422
0.0003705247
0.0003749116
0.0003771039
-0.0002252326
-0.0002228405
-0.0002180564
-0.0002109972
-0.0002018071
-0.0001906606
-0.0001777482
-0.0001632663
-0.0001474085
-0.0001303598
-0.0001122923
-9.336324e-05
-7.371415e-05
-5.347032e-05
-3.274179e-05
-1.162497e-05
9.795575e-06
3.144503e-05
5.325628e-05
7.516771e-05
9.712107e-05
0.0001190593
0.0001409244
0.0001626552
0.0001841851
0.0002054397
0.000226335
0.0002467745
0.0002666477
0.0002858278
0.0003041706
0.0003215141
0.00033768
0.0003524748
0.0003656942
0.000377129
0.0003865746
0.0003938419
0.0003987735
0.0004012417
-0.0002514939
-0.0002487882
-0.0002433866
-0.0002354413
-0.0002251383
-0.000212698
-0.0001983562
-0.0001823509
-0.0001649116
-0.0001462528
-0.0001265698
-0.0001060376
-8.480891e-05
-6.301534e-05
-4.07695e-05
-1.81672e-05
4.709962e-06
2.779203e-05
5.101806e-05
7.433352e-05
9.768782e-05
0.0001210318
0.0001443153
0.0001674844
0.0001904793
0.0002132311
0.0002356594
0.0002576692
0.0002791482
0.0002999642
0.0003199623
0.0003389634
0.0003567653
0.0003731442
0.0003878574
0.0004006513
0.0004112717
0.0004194784
0.0004250669
0.0004278696
-0.0002804945
-0.0002774045
-0.0002712522
-0.0002622387
-0.0002506082
-0.0002366426
-0.0002206364
-0.0002028792
-0.0001836436
-0.0001631783
-0.0001417056
-0.0001194174
-9.647661e-05
-7.301979e-05
-4.915982e-05
-2.49895e-05
-5.848302e-07
2.399165e-05
4.868772e-05
7.34585e-05
9.826356e-05
0.0001230642
0.0001478204
0.0001724886
0.0001970181
0.0002213482
0.0002454052
0.0002690981
0.0002923156
0.000314922
0.0003367532
0.0003576142
0.0003772761
0.0003954794
0.0004119367
0.0004263385
0.0004383664
0.000447712
0.0004541046
0.0004573204
-0.0003126186
-0.0003090478
-0.0003019685
-0.0002916488
-0.0002784173
-0.0002626376
-0.0002446802
-0.0002248986
-0.0002036165
-0.0001811239
-0.0001576692
-0.000133461
-0.0001086705
-8.343605e-05
-5.786776e-05
-3.205208e-05
-6.056214e-06
2.006789e-05
4.627977e-05
7.254707e-05
9.884236e-05
0.0001251401
0.0001514137
0.0001776324
0.000203758
0.0002297414
0.0002555188
0.0002810072
0.0003060999
0.000330661
0.0003545202
0.0003774674
0.0003992488
0.0004195632
0.0004380698
0.0004543909
0.0004681249
0.0004788721
0.0004862648
0.0004900024
-0.0003483432
-0.0003441549
-0.0003359115
-0.0003239686
-0.000308783
-0.0002908257
-0.0002705658
-0.0002484339
-0.0002248176
-0.000200049
-0.0001744029
-0.0001481015
-0.0001213206
-9.41963e-05
-6.68313e-05
-3.930143e-05
-1.1661e-05
1.605234e-05
4.381334e-05
7.16054e-05
9.94172e-05
0.0001272395
0.000155062
0.0001828703
0.0002106421
0.0002383439
0.0002659262
0.0002933185
0.0003204238
0.0003471111
0.0003732086
0.0003984951
0.0004226928
0.0004454601
0.00046639
0.000485023
0.0005008502
0.0005133511
0.0005220107
0.0005264261
-0.0003882745
-0.0003832646
-0.0003735334
-0.0003595361
-0.0003419362
-0.0003213408
-0.0002983451
-0.0002734777
-0.0002471966
-0.0002198756
-0.0001918128
-0.0001632391
-0.0001343287
-0.0001052087
-7.596871e-05
-4.666831e-05
-1.734404e-05
1.198504e-05
4.131276e-05
7.064171e-05
9.997996e-05
0.0001293378
0.0001587246
0.0001881456
0.0002175985
0.0002470697
0.0002765291
0.0003059248
0.0003351758
0.0003641637
0.0003927223
0.0004206264
0.0004475792
0.0004732003
0.0004970141
0.0005184571
0.0005368836
0.0005516215
0.0005619157
0.0005672458
-0.000433198
-0.000427048
-0.000415383
-0.0003987296
-0.000378112
-0.0003542912
-0.0003280286
-0.000299973
-0.0002706509
-0.0002404752
-0.0002097595
-0.0001787344
-0.0001475625
-0.0001163536
-8.517587e-05
-5.406602e-05
-2.303705e-05
7.915262e-06
3.88079e-05
6.966642e-05
0.0001005215
0.0001314062
0.0001623526
0.0001933894
0.0002245386
0.0002558109
0.0002872017
0.0003186846
0.0003502034
0.0003816618
0.0004129107
0.0004437319
0.0004738204
0.0005027633
0.0005300209
0.0005549093
0.0005766012
0.0005942552
0.0006066967
0.0006133186
-0.0004842101
-0.0004763616
-0.0004621368
-0.00044196
-0.0004175318
-0.0003897296
-0.0003595619
-0.0003277891
-0.0002950062
-0.0002616539
-0.0002280468
-0.0001943999
-0.000160851
-0.0001274801
-9.432412e-05
-6.13892e-05
-2.865857e-05
3.900974e-06
3.633393e-05
6.86922e-05
0.0001010321
0.000133412
0.00016589
0.0001985216
0.0002313567
0.0002644364
0.0002977878
0.0003314178
0.0003653053
0.0003993892
0.0004335525
0.0004676024
0.0005012436
0.0005340478
0.0005654169
0.0005945637
0.0006203968
0.0006419522
0.0006572659
0.0006658468
-0.0005425566
-0.0005321944
-0.0005145952
-0.0004896377
-0.0004603609
-0.000427627
-0.0003927853
-0.0003566904
-0.0003199922
-0.0002831348
-0.0002464093
-0.0002099928
-0.0001739789
-0.0001384029
-0.0001032598
-6.851501e-05
-3.411447e-05
9.119552e-09
3.393156e-05
6.773408e-05
0.0001015012
0.000135319
0.000169274
0.000203451
0.000237932
0.0002727927
0.0003080993
0.0003439017
0.000380225
0.0004170589
0.0004543393
0.0004919236
0.0005295567
0.000566826
0.0006030999
0.000637513
0.0006686353
0.0006955381
0.0007146901
0.0007262708
-0.0006116134
-0.0005963003
-0.0005740534
-0.0005421366
-0.0005066629
-0.0004678065
-0.0004273827
-0.0003862962
-0.0003452131
-0.0003045382
-0.0002645006
-0.0002252071
-0.0001866839
-0.0001489045
-0.000111806
-7.530337e-05
-3.929842e-05
-3.68528e-06
3.164635e-05
6.680935e-05
0.0001019181
0.0001370881
0.0001724355
0.000208077
0.0002441288
0.0002807059
0.0003179188
0.0003558698
0.0003946455
0.0004343037
0.000474857
0.0005162479
0.0005583057
0.0006006869
0.0006427801
0.0006837086
0.0007215613
0.0007562915
0.0007807448
0.0007981521
-0.0006856357
-0.0006661512
-0.0006394976
-0.0005991873
-0.0005562134
-0.0005097964
-0.0004627878
-0.0004160195
-0.0003701118
-0.000325362
-0.0002818812
-0.0002396715
-0.0001986611
-0.0001587369
-0.0001197645
-8.159956e-05
-4.409439e-05
-7.100942e-06
2.95277e-05
6.593718e-05
0.0001022724
0.0001386785
0.000175302
0.000212292
0.0002498008
0.0002879846
0.0003270034
0.000367019
0.0004081906
0.0004506669
0.0004945689
0.0005399595
0.0005868114
0.0006349297
0.0006838069
0.0007327137
0.0007786471
0.0008230965
0.0008526423
0.0008766137
-0.0008039101
-0.0007599194
-0.0007241508
-0.0006640389
-0.0006098407
-0.0005531751
-0.0004982605
-0.0004450742
-0.000393956
-0.0003449654
-0.0002980231
-0.0002529591
-0.0002095663
-0.0001676261
-0.0001269205
-8.723899e-05
-4.838048e-05
-1.015307e-05
2.762714e-05
6.513815e-05
0.0001025544
0.0001400498
0.0001778003
0.0002159862
0.0002547957
0.0002944269
0.0003350912
0.0003770147
0.0004204388
0.0004656181
0.0005128132
0.0005622738
0.0006142
0.0006686872
0.0007256433
0.0007855104
0.0008436019
0.0009100859
0.0009507042
0.001001107
-0.0008855915
-0.0008370316
-0.000795656
-0.0007237404
-0.0006613555
-0.000594839
-0.0005318519
-0.0004720636
-0.000415699
-0.0003625614
-0.000312316
-0.0002645926
-0.0002190282
-0.0001752848
-0.0001330539
-9.205575e-05
-5.203532e-05
-1.275795e-05
2.599541e-05
6.443284e-05
0.0001027557
0.0001411636
0.0001798595
0.0002190524
0.0002589631
0.0002998295
0.0003419127
0.0003855028
0.0004309261
0.00047855
0.0005287857
0.0005820808
0.0006388907
0.0006995902
0.0007641162
0.0008333913
0.000898188
0.000979755
0.001023696
0.001091133
-0.001144067
-0.0009823074
-0.0009273976
-0.0008009679
-0.0007218946
-0.0006370511
-0.0005634816
-0.0004961356
-0.0004344069
-0.0003773231
-0.0003240953
-0.0002740588
-0.0002266565
-0.0001814184
-0.0001379436
-9.588561e-05
-5.493972e-05
-1.483313e-05
2.468378e-05
6.384466e-05
0.0001028729
0.000141988
0.0001814186
0.000221396
0.0002621681
0.0003040067
0.0003472165
0.0003921467
0.0004392058
0.0004888812
0.000541767
0.000598605
0.0006603558
0.0007284845
0.0008039832
0.0008933788
0.000977478
0.001118353
0.001186217
0.001368915
-0.001220423
-0.001063418
-0.0009910128
-0.0008528737
-0.0007625124
-0.0006679589
-0.0005871648
-0.0005142285
-0.0004483911
-0.0003882516
-0.0003327244
-0.0002809273
-0.0002321488
-0.0001858103
-0.0001414338
-9.861813e-05
-5.701859e-05
-1.633244e-05
2.371328e-05
6.33715e-05
0.0001028841
0.0001424871
0.000182417
0.0002229255
0.0002642808
0.0003067789
0.0003507555
0.0003966016
0.0004447832
0.000495867
0.0005505537
0.000609716
0.000674414
0.0007459044
0.0008244189
0.000920221
0.001001741
0.001161524
0.001215324
0.00144233
-0.001931135
-0.001227455
-0.001150266
-0.0009122799
-0.0008024326
-0.0006931804
-0.0006029778
-0.0005251417
-0.0004562532
-0.0003941394
-0.000337259
-0.0002844864
-0.0002349731
-0.0001880595
-0.0001432182
-0.0001000152
-5.808353e-05
-1.710432e-05
2.320768e-05
6.311534e-05
0.0001028687
0.0001427137
0.0001828946
0.000223669
0.000265315
0.000308141
0.0003524997
0.0003988059
0.0004475635
0.000499406
0.0005551607
0.000615958
0.0006834067
0.000760073
0.000848846
0.0009624815
0.001071339
0.001337996
0.001445614
0.002218146
)
;

boundaryField
{
    movingWall
    {
        type            zeroGradient;
    }
    fixedWalls
    {
        type            zeroGradient;
    }
    frontAndBack
    {
        type            empty;
    }
}


// ************************************************************************* //
