/*--------------------------------*- C++ -*----------------------------------*\
| =========                 |                                                 |
| \\      /  F ield         | OpenFOAM: The Open Source CFD Toolbox           |
|  \\    /   O peration     | Version:  2412                                  |
|   \\  /    A nd           | Website:  www.openfoam.com                      |
|    \\/     M anipulation  |                                                 |
\*---------------------------------------------------------------------------*/
FoamFile
{
    version     2.0;
    format      ascii;
    arch        "LSB;label=32;scalar=64";
    class       surfaceScalarField;
    location    "0.5";
    object      phi;
}
// * * * * * * * * * * * * * * * * * * * * * * * * * * * * * * * * * * * * * //

dimensions      [0 3 -1 0 0 0 0];

oriented        oriented;

internalField   nonuniform List<scalar> 
3120
(
-2.676019e-08
2.676019e-08
-5.356293e-08
2.680274e-08
-8.002066e-08
2.645773e-08
-1.059631e-07
2.594248e-08
-1.312251e-07
2.526193e-08
-1.556469e-07
2.442184e-08
-1.79076e-07
2.342913e-08
-2.013678e-07
2.229178e-08
-2.223865e-07
2.101865e-08
-2.420058e-07
1.961937e-08
-2.601099e-07
1.810409e-08
-2.765934e-07
1.648344e-08
-2.913617e-07
1.476831e-08
-3.043315e-07
1.296979e-08
-3.154305e-07
1.109904e-08
-3.245978e-07
9.167253e-09
-3.317833e-07
7.185572e-09
-3.369484e-07
5.165096e-09
-3.400653e-07
3.116854e-09
-3.411171e-07
1.051818e-09
-3.40098e-07
-1.019072e-09
-3.370132e-07
-3.084885e-09
-3.318785e-07
-5.134667e-09
-3.247211e-07
-7.157411e-09
-3.15579e-07
-9.142039e-09
-3.045016e-07
-1.107739e-08
-2.915494e-07
-1.295224e-08
-2.767941e-07
-1.475531e-08
-2.603188e-07
-1.647533e-08
-2.422177e-07
-1.810109e-08
-2.225961e-07
-1.962159e-08
-2.0157e-07
-2.102607e-08
-1.792658e-07
-2.230423e-08
-1.558195e-07
-2.344633e-08
-1.313761e-07
-2.444339e-08
-1.060888e-07
-2.52873e-08
-8.011774e-08
-2.597103e-08
-5.362898e-08
-2.648875e-08
-2.679355e-08
-2.683543e-08
-2.679355e-08
-2.714762e-08
5.39078e-08
-5.433724e-08
5.399236e-08
-8.117617e-08
5.329666e-08
-1.074913e-07
5.225764e-08
-1.331148e-07
5.08854e-08
-1.578846e-07
4.91916e-08
-1.816457e-07
4.719028e-08
-2.042516e-07
4.489763e-08
-2.255645e-07
4.233162e-08
-2.454568e-07
3.951169e-08
-2.638112e-07
3.645843e-08
-2.80521e-07
3.319327e-08
-2.954909e-07
2.973821e-08
-3.086367e-07
2.611561e-08
-3.198856e-07
2.234795e-08
-3.291761e-07
1.845775e-08
-3.36458e-07
1.446742e-08
-3.416921e-07
1.039925e-08
-3.448507e-07
6.275383e-09
-3.459167e-07
2.117829e-09
-3.448843e-07
-2.051475e-09
-3.417586e-07
-6.210604e-09
-3.365556e-07
-1.033759e-08
-3.293027e-07
-1.441035e-08
-3.200381e-07
-1.840664e-08
-3.088114e-07
-2.230406e-08
-2.956836e-07
-2.608002e-08
-2.807271e-07
-2.971184e-08
-2.640256e-07
-3.31768e-08
-2.456744e-07
-3.645232e-08
-2.257798e-07
-3.951616e-08
-2.044593e-07
-4.234662e-08
-1.818407e-07
-4.492285e-08
-1.580619e-07
-4.722514e-08
-1.3327e-07
-4.923527e-08
-1.076205e-07
-5.093682e-08
-8.127596e-08
-5.231553e-08
-5.440515e-08
-5.335957e-08
-2.718192e-08
-5.405866e-08
-5.397547e-08
-2.749624e-08
8.140404e-08
-5.503429e-08
8.153041e-08
-8.221556e-08
8.047792e-08
-1.088641e-07
7.890619e-08
-1.348093e-07
7.683064e-08
-1.598869e-07
7.42691e-08
-1.839396e-07
7.124304e-08
-2.068191e-07
6.777715e-08
-2.283864e-07
6.389884e-08
-2.485124e-07
5.963771e-08
-2.67079e-07
5.502504e-08
-2.839791e-07
5.009336e-08
-2.991169e-07
4.487602e-08
-3.124081e-07
3.940682e-08
-3.237799e-07
3.371972e-08
-3.331708e-07
2.784864e-08
-3.405307e-07
2.182733e-08
-3.458207e-07
1.568927e-08
-3.49013e-07
9.46769e-09
-3.500908e-07
3.195613e-09
-3.490481e-07
-3.094093e-09
-3.458902e-07
-9.368573e-09
-3.406329e-07
-1.55949e-08
-3.333032e-07
-2.173997e-08
-3.239395e-07
-2.77704e-08
-3.12591e-07
-3.365251e-08
-2.993188e-07
-3.93523e-08
-2.84195e-07
-4.483559e-08
-2.673037e-07
-5.006808e-08
-2.487404e-07
-5.501561e-08
-2.286121e-07
-5.964448e-08
-2.07037e-07
-6.392174e-08
-1.841441e-07
-6.781571e-08
-1.600729e-07
-7.129638e-08
-1.349722e-07
-7.433595e-08
-1.089997e-07
-7.690938e-08
-8.232032e-08
-7.899486e-08
-5.510559e-08
-8.05743e-08
-2.753225e-08
-8.1632e-08
-8.150772e-08
-2.802281e-08
1.094269e-07
-5.608701e-08
1.095946e-07
-8.378513e-08
1.08176e-07
-1.109369e-07
1.060579e-07
-1.373676e-07
1.032613e-07
-1.629091e-07
9.981067e-08
-1.874014e-07
9.573527e-08
-2.106931e-07
9.106885e-08
-2.326429e-07
8.584873e-08
-2.531204e-07
8.011517e-08
-2.72006e-07
7.391064e-08
-2.891918e-07
6.727916e-08
-3.045816e-07
6.026579e-08
-3.180908e-07
5.291604e-08
-3.296467e-07
4.527558e-08
-3.391879e-07
3.738988e-08
-3.466647e-07
2.930408e-08
-3.520383e-07
2.106288e-08
-3.552811e-07
1.271055e-08
-3.563766e-07
4.291037e-09
-3.553187e-07
-4.151953e-09
-3.521125e-07
-1.257475e-08
-3.467739e-07
-2.093357e-08
-3.393295e-07
-2.918435e-08
-3.298173e-07
-3.728261e-08
-3.182864e-07
-4.518338e-08
-3.047975e-07
-5.284121e-08
-2.894229e-07
-6.021023e-08
-2.722466e-07
-6.724436e-08
-2.533646e-07
-7.389756e-08
-2.328848e-07
-8.012431e-08
-2.109265e-07
-8.588e-08
-1.876206e-07
-9.112162e-08
-1.631086e-07
-9.580835e-08
-1.375423e-07
-9.990232e-08
-1.110823e-07
-1.033693e-07
-8.389757e-08
-1.061796e-07
-5.616354e-08
-1.083083e-07
-2.806147e-08
-1.097341e-07
-1.095692e-07
-2.873257e-08
1.381594e-07
-5.750581e-08
1.383678e-07
-8.590026e-08
1.365705e-07
-1.137296e-07
1.338873e-07
-1.408137e-07
1.303454e-07
-1.669793e-07
1.259763e-07
-1.920621e-07
1.208181e-07
-2.159072e-07
1.149139e-07
-2.383703e-07
1.083119e-07
-2.593186e-07
1.010635e-07
-2.786312e-07
9.322318e-08
-2.96199e-07
8.484696e-08
-3.119253e-07
7.599206e-08
-3.257254e-07
6.671616e-08
-3.375267e-07
5.707687e-08
-3.472682e-07
4.713142e-08
-3.549005e-07
3.69364e-08
-3.603854e-07
2.654773e-08
-3.636955e-07
1.602068e-08
-3.648144e-07
5.409958e-09
-3.637363e-07
-5.230035e-09
-3.604661e-07
-1.584498e-08
-3.550193e-07
-2.638041e-08
-3.474222e-07
-3.678141e-08
-3.377123e-07
-4.69925e-08
-3.259383e-07
-5.69574e-08
-3.121604e-07
-6.661911e-08
-2.964507e-07
-7.591992e-08
-2.788934e-07
-8.480164e-08
-2.59585e-07
-9.320599e-08
-2.386342e-07
-1.010751e-07
-2.161621e-07
-1.083521e-07
-1.923016e-07
-1.149821e-07
-1.671974e-07
-1.209126e-07
-1.410047e-07
-1.26095e-07
-1.138887e-07
-1.304853e-07
-8.602326e-08
-1.34045e-07
-5.758955e-08
-1.36742e-07
-2.877487e-08
-1.385487e-07
-1.383441e-07
-2.963189e-08
1.677913e-07
-5.930336e-08
1.680393e-07
-8.857959e-08
1.658467e-07
-1.172665e-07
1.625742e-07
-1.451767e-07
1.582556e-07
-1.721309e-07
1.529305e-07
-1.979589e-07
1.466461e-07
-2.225015e-07
1.394564e-07
-2.456107e-07
1.31421e-07
-2.671509e-07
1.226038e-07
-2.869994e-07
1.130716e-07
-3.05046e-07
1.028936e-07
-3.211935e-07
9.213955e-08
-3.353573e-07
8.087992e-08
-3.47465e-07
6.91846e-08
-3.574563e-07
5.712276e-08
-3.652825e-07
4.476258e-08
-3.709059e-07
3.217115e-08
-3.742998e-07
1.941457e-08
-3.75448e-07
6.558181e-09
-3.743449e-07
-6.3332e-09
-3.70995e-07
-1.919485e-08
-3.654136e-07
-3.196184e-08
-3.576264e-07
-4.456863e-08
-3.4767e-07
-5.694882e-08
-3.355925e-07
-6.90349e-08
-3.214535e-07
-8.075818e-08
-3.053245e-07
-9.204891e-08
-2.872897e-07
-1.028364e-07
-2.67446e-07
-1.130497e-07
-2.459032e-07
-1.226179e-07
-2.227842e-07
-1.314711e-07
-1.982247e-07
-1.395415e-07
-1.72373e-07
-1.467643e-07
-1.453889e-07
-1.530791e-07
-1.174433e-07
-1.58431e-07
-8.871635e-08
-1.627719e-07
-5.939649e-08
-1.660619e-07
-2.967894e-08
-1.682663e-07
-1.68023e-07
-3.072904e-08
1.985203e-07
-6.149607e-08
1.988064e-07
-9.184721e-08
1.961979e-07
-1.215787e-07
1.923057e-07
-1.504943e-07
1.871713e-07
-1.784068e-07
1.80843e-07
-2.051394e-07
1.733787e-07
-2.305272e-07
1.648442e-07
-2.54418e-07
1.553118e-07
-2.766731e-07
1.448589e-07
-2.971676e-07
1.335662e-07
-3.157904e-07
1.215163e-07
-3.324438e-07
1.08793e-07
-3.470436e-07
9.547974e-08
-3.595183e-07
8.165922e-08
-3.698083e-07
6.741281e-08
-3.77866e-07
5.282032e-08
-3.836548e-07
3.795994e-08
-3.871487e-07
2.290843e-08
-3.883319e-07
7.741429e-09
-3.87199e-07
-7.466143e-09
-3.837543e-07
-2.263954e-08
-3.780124e-07
-3.77037e-08
-3.699983e-07
-5.258277e-08
-3.597475e-07
-6.719962e-08
-3.473068e-07
-8.147556e-08
-3.327348e-07
-9.533019e-08
-3.161023e-07
-1.086814e-07
-2.97493e-07
-1.214457e-07
-2.770041e-07
-1.335387e-07
-2.547464e-07
-1.448756e-07
-2.308448e-07
-1.553727e-07
-2.054383e-07
-1.649481e-07
-1.786792e-07
-1.735234e-07
-1.507332e-07
-1.810251e-07
-1.217778e-07
-1.873864e-07
-9.20013e-08
-1.925484e-07
-6.160104e-08
-1.964622e-07
-3.078209e-08
-1.990852e-07
-1.988051e-07
-3.20344e-08
2.305548e-07
-6.410447e-08
2.308764e-07
-9.573328e-08
2.278267e-07
-1.267052e-07
2.232776e-07
-1.568133e-07
2.172794e-07
-1.858607e-07
2.098905e-07
-2.136627e-07
2.011807e-07
-2.400478e-07
1.912293e-07
-2.648589e-07
1.801229e-07
-2.879539e-07
1.679539e-07
-3.092057e-07
1.54818e-07
-3.285023e-07
1.408129e-07
-3.457461e-07
1.260368e-07
-3.608537e-07
1.105873e-07
-3.737547e-07
9.456024e-08
-3.843913e-07
7.804943e-08
-3.927174e-07
6.114635e-08
-3.986976e-07
4.394017e-08
-4.023071e-07
2.651798e-08
-4.03531e-07
8.965301e-09
-4.023638e-07
-8.633331e-09
-3.988097e-07
-2.619365e-08
-3.928824e-07
-4.363099e-08
-3.846056e-07
-6.085956e-08
-3.740134e-07
-7.779183e-08
-3.611509e-07
-9.433807e-08
-3.46075e-07
-1.104061e-07
-3.288551e-07
-1.259013e-07
-3.09574e-07
-1.407268e-07
-2.883289e-07
-1.547838e-07
-2.652313e-07
-1.679731e-07
-2.404083e-07
-1.801957e-07
-2.140022e-07
-1.913542e-07
-1.861704e-07
-2.013552e-07
-1.570851e-07
-2.101105e-07
-1.269319e-07
-2.175396e-07
-9.590878e-08
-2.235716e-07
-6.422407e-08
-2.281469e-07
-3.209486e-08
-2.312144e-07
-2.309e-07
-3.356072e-08
2.641155e-07
-6.71538e-08
2.644695e-07
-1.002748e-07
2.609477e-07
-1.326938e-07
2.556966e-07
-1.641908e-07
2.487764e-07
-1.945578e-07
2.402575e-07
-2.236005e-07
2.302234e-07
-2.511399e-07
2.187687e-07
-2.770135e-07
2.059965e-07
-3.010755e-07
1.920159e-07
-3.231968e-07
1.769393e-07
-3.432649e-07
1.60881e-07
-3.611829e-07
1.439548e-07
-3.768687e-07
1.262732e-07
-3.902542e-07
1.079457e-07
-4.012837e-07
8.907895e-08
-4.099134e-07
6.977604e-08
-4.1611e-07
5.013681e-08
-4.198503e-07
3.025826e-08
-4.211202e-07
1.02352e-08
-4.199146e-07
-9.838914e-09
-4.162373e-07
-2.987101e-08
-4.101008e-07
-4.976748e-08
-4.015272e-07
-6.94332e-08
-3.905483e-07
-8.87707e-08
-3.772069e-07
-1.076795e-07
-3.615573e-07
-1.260556e-07
-3.43667e-07
-1.437917e-07
-3.236171e-07
-1.607767e-07
-3.015038e-07
-1.768971e-07
-2.774393e-07
-1.920376e-07
-2.515525e-07
-2.060824e-07
-2.239894e-07
-2.189173e-07
-1.949129e-07
-2.304316e-07
-1.645027e-07
-2.405207e-07
-1.329541e-07
-2.490882e-07
-1.004764e-07
-2.560492e-07
-6.729126e-08
-2.613321e-07
-3.363023e-08
-2.648755e-07
-2.645302e-07
-3.53235e-08
2.99439e-07
-7.067469e-08
2.998207e-07
-1.055166e-07
2.957896e-07
-1.396021e-07
2.897821e-07
-1.726959e-07
2.818702e-07
-2.045765e-07
2.72138e-07
-2.350387e-07
2.606855e-07
-2.638951e-07
2.476251e-07
-2.909771e-07
2.330786e-07
-3.161353e-07
2.17174e-07
-3.392389e-07
2.000429e-07
-3.601756e-07
1.818177e-07
-3.7885e-07
1.626292e-07
-3.951826e-07
1.426058e-07
-4.091083e-07
1.218714e-07
-4.205748e-07
1.005455e-07
-4.295415e-07
7.874275e-08
-4.35978e-07
5.65733e-08
-4.398631e-07
3.414337e-08
-4.411842e-07
1.155625e-08
-4.399365e-07
-1.108662e-08
-4.361232e-07
-3.368433e-08
-4.297554e-07
-5.613527e-08
-4.208528e-07
-7.83358e-08
-4.094443e-07
-1.001792e-07
-3.955693e-07
-1.215545e-07
-3.792787e-07
-1.423463e-07
-3.606364e-07
-1.624339e-07
-3.397211e-07
-1.81692e-07
-3.166273e-07
-1.99991e-07
-2.914668e-07
-2.17198e-07
-2.643702e-07
-2.33179e-07
-2.35487e-07
-2.478005e-07
-2.049863e-07
-2.609324e-07
-1.730562e-07
-2.724508e-07
-1.399031e-07
-2.822413e-07
-1.057499e-07
-2.902024e-07
-7.083381e-08
-2.962481e-07
-3.540397e-08
-3.003053e-07
-2.999342e-07
-3.734143e-08
3.367804e-07
-7.470411e-08
3.371834e-07
-1.115127e-07
3.325982e-07
-1.474997e-07
3.25769e-07
-1.824112e-07
3.167817e-07
-2.160104e-07
3.057372e-07
-2.480794e-07
2.927546e-07
-2.784214e-07
2.779671e-07
-3.068615e-07
2.615187e-07
-3.332467e-07
2.435592e-07
-3.574454e-07
2.242416e-07
-3.793464e-07
2.037186e-07
-3.988571e-07
1.821399e-07
-4.159019e-07
1.596506e-07
-4.304203e-07
1.363898e-07
-4.423648e-07
1.1249e-07
-4.516991e-07
8.80771e-08
-4.583968e-07
6.327095e-08
-4.624395e-07
3.818609e-08
-4.638164e-07
1.293318e-08
-4.625234e-07
-1.237963e-08
-4.585629e-07
-3.764486e-08
-4.51944e-07
-6.275415e-08
-4.426833e-07
-8.759649e-08
-4.308057e-07
-1.120567e-07
-4.163459e-07
-1.360143e-07
-3.993498e-07
-1.593423e-07
-3.798767e-07
-1.81907e-07
-3.580011e-07
-2.035677e-07
-3.338145e-07
-2.241776e-07
-3.074274e-07
-2.435851e-07
-2.789713e-07
-2.616352e-07
-2.485989e-07
-2.781729e-07
-2.164858e-07
-2.930455e-07
-1.828297e-07
-3.061069e-07
-1.478495e-07
-3.172214e-07
-1.117842e-07
-3.262677e-07
-7.488935e-08
-3.33143e-07
-3.743515e-08
-3.377595e-07
-3.373693e-07
-3.963707e-08
3.764175e-07
-7.928651e-08
3.768328e-07
-1.18328e-07
3.716397e-07
-1.564694e-07
3.639104e-07
-1.934353e-07
3.537476e-07
-2.289706e-07
3.412725e-07
-2.628432e-07
3.266271e-07
-2.948459e-07
3.099698e-07
-3.247973e-07
2.9147e-07
-3.525414e-07
2.713033e-07
-3.779468e-07
2.496471e-07
-4.00905e-07
2.266768e-07
-4.21328e-07
2.025629e-07
-4.391461e-07
1.774686e-07
-4.54305e-07
1.515488e-07
-4.66764e-07
1.249489e-07
-4.764928e-07
9.780588e-08
-4.8347e-07
7.024815e-08
-4.876813e-07
4.239741e-08
-4.891183e-07
1.437015e-08
-4.877775e-07
-1.372039e-08
-4.836605e-07
-4.176188e-08
-4.767738e-07
-6.964086e-08
-4.671298e-07
-9.724047e-08
-4.547481e-07
-1.244384e-07
-4.396571e-07
-1.511054e-07
-4.218959e-07
-1.771035e-07
-4.015172e-07
-2.022857e-07
-3.785892e-07
-2.264957e-07
-3.531988e-07
-2.495681e-07
-3.254536e-07
-2.713302e-07
-2.954846e-07
-2.916042e-07
-2.634476e-07
-3.102099e-07
-2.295245e-07
-3.269686e-07
-1.939235e-07
-3.41708e-07
-1.56878e-07
-3.542669e-07
-1.186453e-07
-3.645004e-07
-7.950318e-08
-3.722851e-07
-3.974673e-08
-3.775159e-07
-3.771161e-07
-4.223753e-08
4.18655e-07
-8.447533e-08
4.190706e-07
-1.260402e-07
4.132046e-07
-1.666105e-07
4.044807e-07
-2.058855e-07
3.930226e-07
-2.435888e-07
3.789758e-07
-2.794722e-07
3.625105e-07
-3.133172e-07
3.438149e-07
-3.449361e-07
3.23089e-07
-3.741711e-07
3.005383e-07
-4.008924e-07
2.763685e-07
-4.249964e-07
2.507808e-07
-4.46402e-07
2.239685e-07
-4.650478e-07
1.961145e-07
-4.808888e-07
1.673897e-07
-4.938928e-07
1.379529e-07
-5.040377e-07
1.079508e-07
-5.11309e-07
7.751946e-08
-5.156975e-07
4.678593e-08
-5.17198e-07
1.587058e-08
-5.15808e-07
-1.511041e-08
-5.115278e-07
-4.604208e-08
-5.043606e-07
-7.680805e-08
-4.943135e-07
-1.072876e-07
-4.813989e-07
-1.37353e-07
-4.656369e-07
-1.668673e-07
-4.470577e-07
-1.956827e-07
-4.257044e-07
-2.23639e-07
-4.016367e-07
-2.505633e-07
-3.749342e-07
-2.762706e-07
-3.456994e-07
-3.00565e-07
-3.140613e-07
-3.232423e-07
-2.801776e-07
-3.440936e-07
-2.442364e-07
-3.629098e-07
-2.064571e-07
-3.794873e-07
-1.670896e-07
-3.936344e-07
-1.264126e-07
-4.051774e-07
-8.472982e-08
-4.139678e-07
-4.23664e-08
-4.198794e-07
-4.194825e-07
-4.517558e-08
4.638306e-07
-9.033502e-08
4.642301e-07
-1.347428e-07
4.576123e-07
-1.780421e-07
4.477801e-07
-2.199018e-07
4.348823e-07
-2.600212e-07
4.190952e-07
-2.981337e-07
4.00623e-07
-3.340092e-07
3.796904e-07
-3.674541e-07
3.565339e-07
-3.983102e-07
3.313943e-07
-4.26452e-07
3.045102e-07
-4.517834e-07
2.761122e-07
-4.742337e-07
2.464188e-07
-4.937531e-07
2.156339e-07
-5.103088e-07
1.839454e-07
-5.238803e-07
1.515244e-07
-5.344563e-07
1.185268e-07
-5.420311e-07
8.509427e-08
-5.466023e-07
5.135707e-08
-5.481686e-07
1.743687e-08
-5.46729e-07
-1.654999e-08
-5.422823e-07
-5.04888e-08
-5.348273e-07
-8.426303e-08
-5.243642e-07
-1.177507e-07
-5.108963e-07
-1.508208e-07
-4.944327e-07
-1.833309e-07
-4.749915e-07
-2.15124e-07
-4.526032e-07
-2.460273e-07
-4.273156e-07
-2.758509e-07
-3.991975e-07
-3.043887e-07
-3.683436e-07
-3.314189e-07
-3.348783e-07
-3.567076e-07
-2.989593e-07
-3.800125e-07
-2.607806e-07
-4.010885e-07
-2.205732e-07
-4.196947e-07
-1.786057e-07
-4.356019e-07
-1.351814e-07
-4.486017e-07
-9.063505e-08
-4.585142e-07
-4.53276e-08
-4.651868e-07
-4.6481e-07
-4.849092e-08
5.123215e-07
-9.69435e-08
5.126826e-07
-1.445485e-07
5.052173e-07
-1.909069e-07
4.941385e-07
-2.356515e-07
4.79627e-07
-2.784532e-07
4.618969e-07
-3.190253e-07
4.41195e-07
-3.571253e-07
4.177904e-07
-3.925552e-07
3.919638e-07
-4.251588e-07
3.639979e-07
-4.548181e-07
3.341695e-07
-4.814486e-07
3.027428e-07
-5.049942e-07
2.699644e-07
-5.254211e-07
2.360608e-07
-5.427124e-07
2.012367e-07
-5.568634e-07
1.656755e-07
-5.678766e-07
1.2954e-07
-5.757576e-07
9.297536e-08
-5.805128e-07
5.61122e-08
-5.82146e-07
1.907012e-08
-5.806581e-07
-1.803794e-08
-5.760458e-07
-5.510109e-08
-5.683026e-07
-9.200625e-08
-5.574198e-07
-1.286335e-07
-5.43389e-07
-1.648516e-07
-5.262051e-07
-2.005148e-07
-5.058702e-07
-2.354589e-07
-4.823985e-07
-2.69499e-07
-4.55821e-07
-3.024284e-07
-4.261919e-07
-3.340178e-07
-3.935934e-07
-3.640173e-07
-3.581422e-07
-3.921588e-07
-3.199937e-07
-4.181611e-07
-2.79346e-07
-4.417362e-07
-2.364425e-07
-4.625982e-07
-1.91572e-07
-4.804724e-07
-1.450669e-07
-4.951068e-07
-9.729847e-08
-5.062826e-07
-4.867089e-08
-5.138144e-07
-5.134809e-07
-5.22319e-08
5.645534e-07
-1.043956e-07
5.648463e-07
-1.555942e-07
5.564159e-07
-2.053774e-07
5.439217e-07
-2.533353e-07
5.275849e-07
-2.991059e-07
5.076675e-07
-3.423802e-07
4.844693e-07
-3.829037e-07
4.58314e-07
-4.204759e-07
4.29536e-07
-4.549461e-07
3.984681e-07
-4.862086e-07
3.65432e-07
-5.141959e-07
3.3073e-07
-5.388717e-07
2.946401e-07
-5.602235e-07
2.574126e-07
-5.782562e-07
2.192694e-07
-5.929849e-07
1.804041e-07
-6.044298e-07
1.409849e-07
-6.126114e-07
1.011569e-07
-6.175466e-07
6.104741e-08
-6.192462e-07
2.076969e-08
-6.17713e-07
-1.957113e-08
-6.129415e-07
-5.987254e-08
-6.049184e-07
-1.000294e-07
-5.936239e-07
-1.39928e-07
-5.790346e-07
-1.794409e-07
-5.611275e-07
-2.18422e-07
-5.39884e-07
-2.567024e-07
-5.152964e-07
-2.940866e-07
-4.873739e-07
-3.303509e-07
-4.561499e-07
-3.652419e-07
-4.216892e-07
-3.98478e-07
-3.840956e-07
-4.297525e-07
-3.435184e-07
-4.587383e-07
-3.00158e-07
-4.850966e-07
-2.542696e-07
-5.084865e-07
-2.061647e-07
-5.285773e-07
-1.562089e-07
-5.450627e-07
-1.04817e-07
-5.576745e-07
-5.244574e-08
-5.661857e-07
-5.659267e-07
-5.645786e-08
6.210113e-07
-1.128072e-07
6.211956e-07
-1.680463e-07
6.116551e-07
-2.216625e-07
5.975379e-07
-2.731949e-07
5.791173e-07
-3.222435e-07
5.567161e-07
-3.68475e-07
5.307008e-07
-4.11624e-07
5.01463e-07
-4.514906e-07
4.694026e-07
-4.879349e-07
4.349125e-07
-5.208698e-07
3.983669e-07
-5.502517e-07
3.601119e-07
-5.760713e-07
3.204598e-07
-5.983447e-07
2.796861e-07
-6.171044e-07
2.38029e-07
-6.323912e-07
1.95691e-07
-6.442479e-07
1.528416e-07
-6.527134e-07
1.096224e-07
-6.578181e-07
6.615214e-08
-6.595812e-07
2.253275e-08
-6.580082e-07
-2.11441e-08
-6.530908e-07
-6.478992e-08
-6.448072e-07
-1.08313e-07
-6.331238e-07
-1.516114e-07
-6.179987e-07
-1.94566e-07
-5.993857e-07
-2.37035e-07
-5.772402e-07
-2.788478e-07
-5.515262e-07
-3.198007e-07
-5.222237e-07
-3.596533e-07
-4.893382e-07
-3.981274e-07
-4.529098e-07
-4.349064e-07
-4.130229e-07
-4.696393e-07
-3.698154e-07
-5.019458e-07
-3.234863e-07
-5.314257e-07
-2.743018e-07
-5.57671e-07
-2.225975e-07
-5.802816e-07
-1.687777e-07
-5.988824e-07
-1.133094e-07
-6.131428e-07
-5.671293e-08
-6.227822e-07
-6.226396e-07
-6.124212e-08
6.822534e-07
-1.223213e-07
6.822748e-07
-1.821095e-07
6.714433e-07
-2.400177e-07
6.55446e-07
-2.955237e-07
6.346233e-07
-3.481838e-07
6.093763e-07
-3.976391e-07
5.80156e-07
-4.436151e-07
5.47439e-07
-4.859181e-07
5.117055e-07
-5.244261e-07
4.734206e-07
-5.590791e-07
4.330199e-07
-5.898666e-07
3.908994e-07
-6.168159e-07
3.47409e-07
-6.399798e-07
3.0285e-07
-6.594264e-07
2.574757e-07
-6.752294e-07
2.114939e-07
-6.874596e-07
1.650718e-07
-6.961787e-07
1.183415e-07
-7.014341e-07
7.140751e-08
-7.03255e-07
2.435368e-08
-7.016506e-07
-2.274851e-08
-6.96609e-07
-6.983152e-08
-6.88098e-07
-1.16824e-07
-6.760673e-07
-1.636421e-07
-6.604516e-07
-2.101817e-07
-6.411764e-07
-2.563103e-07
-6.181638e-07
-3.018603e-07
-5.913415e-07
-3.46623e-07
-5.606516e-07
-3.903432e-07
-5.260623e-07
-4.327167e-07
-4.875794e-07
-4.733893e-07
-4.452592e-07
-5.119596e-07
-3.992204e-07
-5.479846e-07
-3.496553e-07
-5.809907e-07
-2.968386e-07
-6.104878e-07
-2.411317e-07
-6.359885e-07
-1.829831e-07
-6.57031e-07
-1.229222e-07
-6.732037e-07
-6.154762e-08
-6.841568e-07
-6.841872e-07
-6.667611e-08
7.489295e-07
-1.331159e-07
7.487145e-07
-1.980371e-07
7.363646e-07
-2.607567e-07
7.181656e-07
-3.206791e-07
6.945456e-07
-3.773106e-07
6.660078e-07
-4.302657e-07
6.331111e-07
-4.792654e-07
5.964387e-07
-5.241294e-07
5.565695e-07
-5.647644e-07
5.140555e-07
-6.011488e-07
4.694043e-07
-6.333173e-07
4.230679e-07
-6.613451e-07
3.754367e-07
-6.853329e-07
3.268378e-07
-7.053941e-07
2.775369e-07
-7.21643e-07
2.277428e-07
-7.341854e-07
1.776142e-07
-7.431111e-07
1.272672e-07
-7.484879e-07
7.67843e-08
-7.503576e-07
2.622341e-08
-7.487336e-07
-2.437251e-08
-7.435999e-07
-7.496526e-08
-7.349118e-07
-1.255121e-07
-7.225983e-07
-1.759556e-07
-7.065661e-07
-2.262139e-07
-6.867052e-07
-2.761711e-07
-6.628966e-07
-3.25669e-07
-6.350217e-07
-3.74498e-07
-6.029738e-07
-4.223911e-07
-5.666719e-07
-4.690186e-07
-5.260752e-07
-5.13986e-07
-4.811998e-07
-5.56835e-07
-4.321347e-07
-5.970498e-07
-3.790573e-07
-6.340682e-07
-3.22246e-07
-6.67299e-07
-2.620888e-07
-6.961457e-07
-1.990847e-07
-7.200351e-07
-1.33838e-07
-7.384504e-07
-6.704371e-08
-7.50951e-07
-7.512309e-07
-7.2875e-08
8.218045e-07
-1.454139e-07
8.212535e-07
-2.161452e-07
8.070958e-07
-2.842685e-07
7.862889e-07
-3.491002e-07
7.593773e-07
-4.100901e-07
7.269977e-07
-4.66827e-07
6.898481e-07
-5.190344e-07
6.486461e-07
-5.665572e-07
6.040923e-07
-6.093446e-07
5.568429e-07
-6.474293e-07
5.07489e-07
-6.809067e-07
4.565453e-07
-7.099145e-07
4.044445e-07
-7.346146e-07
3.51538e-07
-7.55177e-07
2.980993e-07
-7.717666e-07
2.443324e-07
-7.845317e-07
1.903793e-07
-7.935962e-07
1.363317e-07
-7.990526e-07
8.224072e-08
-8.009578e-07
2.812858e-08
-7.993303e-07
-2.600003e-08
-7.94149e-07
-8.014648e-08
-7.853547e-07
-1.343065e-07
-7.728516e-07
-1.884587e-07
-7.565123e-07
-2.425532e-07
-7.361839e-07
-2.964996e-07
-7.116961e-07
-3.501567e-07
-6.828728e-07
-4.033212e-07
-6.495451e-07
-4.557188e-07
-6.115675e-07
-5.069962e-07
-5.688369e-07
-5.567166e-07
-5.21313e-07
-6.043588e-07
-4.690403e-07
-6.493225e-07
-4.121689e-07
-6.909396e-07
-3.509738e-07
-7.284942e-07
-2.858678e-07
-7.612517e-07
-2.174071e-07
-7.884958e-07
-1.46286e-07
-8.095715e-07
-7.331964e-08
-8.239174e-07
-8.245506e-07
-7.998543e-08
9.017899e-07
-1.594986e-07
9.007666e-07
-2.36832e-07
8.844292e-07
-3.110391e-07
8.60496e-07
-3.8133e-07
8.296683e-07
-4.47092e-07
7.927596e-07
-5.07892e-07
7.506482e-07
-5.634676e-07
7.042216e-07
-6.137059e-07
6.543307e-07
-6.586185e-07
6.017555e-07
-6.983128e-07
5.471834e-07
-7.329649e-07
4.911974e-07
-7.627934e-07
4.342731e-07
-7.880374e-07
3.76782e-07
-8.089372e-07
3.189991e-07
-8.257191e-07
2.611143e-07
-8.385832e-07
2.032434e-07
-8.476937e-07
1.454423e-07
-8.531727e-07
8.771972e-08
-8.550948e-07
3.005064e-08
-8.534846e-07
-2.761021e-08
-8.483156e-07
-8.531549e-08
-8.395109e-07
-1.431111e-07
-8.269458e-07
-2.010238e-07
-8.104521e-07
-2.590468e-07
-7.898253e-07
-3.171264e-07
-7.648331e-07
-3.75149e-07
-7.352278e-07
-4.329265e-07
-7.00762e-07
-4.901847e-07
-6.612072e-07
-5.465509e-07
-6.163774e-07
-6.015464e-07
-5.661546e-07
-6.545816e-07
-5.105181e-07
-7.049591e-07
-4.495732e-07
-7.518845e-07
-3.835786e-07
-7.944887e-07
-3.129677e-07
-8.318625e-07
-2.3836e-07
-8.631035e-07
-1.605578e-07
-8.873737e-07
-8.052648e-08
-9.039487e-07
-9.050771e-07
-8.819635e-08
9.899863e-07
-1.757328e-07
9.883031e-07
-2.606045e-07
9.69301e-07
-3.416809e-07
9.415724e-07
-4.180451e-07
9.060324e-07
-4.890165e-07
8.63731e-07
-5.541495e-07
8.157812e-07
-6.132142e-07
7.632863e-07
-6.661646e-07
7.072811e-07
-7.13102e-07
6.486928e-07
-7.542358e-07
5.883172e-07
-7.898481e-07
5.268097e-07
-8.20261e-07
4.64686e-07
-8.4581e-07
4.023309e-07
-8.668209e-07
3.4001e-07
-8.835943e-07
2.778877e-07
-8.963922e-07
2.160413e-07
-9.05427e-07
1.54477e-07
-9.108542e-07
9.314696e-08
-9.127688e-07
3.196521e-08
-9.112023e-07
-2.917673e-08
-9.06122e-07
-9.03958e-08
-8.974315e-07
-1.518016e-07
-8.849729e-07
-2.134824e-07
-8.685307e-07
-2.75489e-07
-8.478379e-07
-3.378192e-07
-8.225874e-07
-4.003995e-07
-7.92445e-07
-4.630689e-07
-7.570651e-07
-5.255646e-07
-7.161135e-07
-5.875025e-07
-6.692949e-07
-6.48365e-07
-6.163858e-07
-7.074907e-07
-5.572717e-07
-7.640732e-07
-4.91987e-07
-8.171691e-07
-4.207546e-07
-8.657212e-07
-3.440186e-07
-9.085986e-07
-2.624656e-07
-9.446565e-07
-1.770276e-07
-9.728117e-07
-8.88593e-08
-9.92117e-07
-9.939364e-07
-9.77546e-08
1.087741e-06
-1.94588e-07
1.085136e-06
-2.881155e-07
1.062829e-06
-3.769736e-07
1.03043e-06
-4.600943e-07
9.891532e-07
-5.367288e-07
9.403655e-07
-6.064359e-07
8.854883e-07
-6.690474e-07
8.258978e-07
-7.246201e-07
7.628538e-07
-7.73382e-07
6.974547e-07
-8.156806e-07
6.306158e-07
-8.519357e-07
5.630648e-07
-8.825998e-07
4.953502e-07
-9.081253e-07
4.278563e-07
-9.289448e-07
3.608296e-07
-9.454487e-07
2.943916e-07
-9.579696e-07
2.285622e-07
-9.667738e-07
1.632811e-07
-9.720549e-07
9.842807e-08
-9.739306e-07
3.384088e-08
-9.724403e-07
-3.066703e-08
-9.675445e-07
-9.529152e-08
-9.591253e-07
-1.602208e-07
-9.469875e-07
-2.256201e-07
-9.308623e-07
-2.916143e-07
-9.104124e-07
-3.582691e-07
-8.852408e-07
-4.255711e-07
-8.54905e-07
-4.934047e-07
-8.189404e-07
-5.615292e-07
-7.7688e-07
-6.295629e-07
-7.282867e-07
-6.969583e-07
-6.727942e-07
-7.629832e-07
-6.101557e-07
-8.267118e-07
-5.402972e-07
-8.870275e-07
-4.633744e-07
-9.42644e-07
-3.798231e-07
-9.921499e-07
-2.903975e-07
-1.034082e-06
-1.961828e-07
-1.067026e-06
-9.85735e-08
-1.089726e-06
-1.09251e-06
-1.089876e-07
1.196728e-06
-2.166845e-07
1.192833e-06
-3.202148e-07
1.166359e-06
-4.179185e-07
1.128134e-06
-5.085516e-07
1.079786e-06
-5.91304e-07
1.023118e-06
-6.657701e-07
9.599544e-07
-7.318891e-07
8.920168e-07
-7.898713e-07
8.20836e-07
-8.401227e-07
7.47706e-07
-8.831745e-07
6.736675e-07
-9.196216e-07
5.995119e-07
-9.500778e-07
5.258063e-07
-9.751475e-07
4.529261e-07
-9.953885e-07
3.810706e-07
-1.011292e-06
3.102954e-07
-1.023271e-06
2.405413e-07
-1.031652e-06
1.716618e-07
-1.03667e-06
1.034458e-07
-1.038467e-06
3.563832e-08
-1.037092e-06
-3.204172e-08
-1.032499e-06
-9.988496e-08
-1.024545e-06
-1.681745e-07
-1.012996e-06
-2.371695e-07
-9.975229e-07
-3.070874e-07
-9.777096e-07
-3.780824e-07
-9.530582e-07
-4.502225e-07
-9.230005e-07
-5.234624e-07
-8.869177e-07
-5.976119e-07
-8.441772e-07
-6.723034e-07
-7.941628e-07
-7.469727e-07
-7.363183e-07
-8.208277e-07
-6.702113e-07
-8.928188e-07
-5.956059e-07
-9.616329e-07
-5.125423e-07
-1.025708e-06
-4.214145e-07
-1.083278e-06
-3.230345e-07
-1.132462e-06
-2.186662e-07
-1.171395e-06
-1.100087e-07
-1.198384e-06
-1.202519e-06
-1.223372e-07
1.319066e-06
-2.428515e-07
1.313348e-06
-3.580235e-07
1.281531e-06
-4.658155e-07
1.235926e-06
-5.647849e-07
1.178756e-06
-6.540838e-07
1.112417e-06
-7.333957e-07
1.039266e-06
-8.028367e-07
9.614578e-07
-8.628438e-07
8.808431e-07
-9.140683e-07
7.989306e-07
-9.572782e-07
7.168774e-07
-9.93293e-07
6.355267e-07
-1.022941e-06
5.554548e-07
-1.047003e-06
4.769872e-07
-1.066177e-06
4.002451e-07
-1.08107e-06
3.251883e-07
-1.092182e-06
2.516531e-07
-1.099904e-06
1.793837e-07
-1.104516e-06
1.080579e-07
-1.106187e-06
3.730937e-08
-1.104974e-06
-3.325421e-08
-1.100825e-06
-1.040348e-07
-1.093572e-06
-1.754273e-07
-1.082938e-06
-2.478036e-07
-1.068531e-06
-3.214937e-07
-1.04985e-06
-3.96764e-07
-1.026281e-06
-4.737909e-07
-9.971152e-07
-5.526285e-07
-9.615565e-07
-6.331707e-07
-9.187544e-07
-7.151055e-07
-8.678601e-07
-7.97867e-07
-8.080742e-07
-8.806135e-07
-7.387088e-07
-9.621843e-07
-6.592895e-07
-1.041052e-06
-5.696671e-07
-1.11533e-06
-4.701357e-07
-1.182809e-06
-3.615385e-07
-1.241059e-06
-2.453389e-07
-1.287594e-06
-1.236248e-07
-1.320098e-06
-1.326143e-06
-1.384119e-07
1.457478e-06
-2.742147e-07
1.449151e-06
-4.030402e-07
1.410356e-06
-5.223687e-07
1.355255e-06
-6.305492e-07
1.286936e-06
-7.267487e-07
1.208616e-06
-8.108305e-07
1.123348e-06
-8.831926e-07
1.03382e-06
-9.446005e-07
9.42251e-07
-9.960304e-07
8.503605e-07
-1.038564e-06
7.594106e-07
-1.073327e-06
6.702903e-07
-1.101397e-06
5.835247e-07
-1.123754e-06
4.993442e-07
-1.141259e-06
4.177502e-07
-1.154642e-06
3.38571e-07
-1.164496e-06
2.615069e-07
-1.171279e-06
1.861667e-07
-1.175316e-06
1.120954e-07
-1.176803e-06
3.879647e-08
-1.175807e-06
-3.425056e-08
-1.172267e-06
-1.075752e-07
-1.165993e-06
-1.81701e-07
-1.156665e-06
-2.571313e-07
-1.143828e-06
-3.343311e-07
-1.126886e-06
-4.137053e-07
-1.105107e-06
-4.955699e-07
-1.077619e-06
-5.801165e-07
-1.043425e-06
-6.673651e-07
-1.001423e-06
-7.571075e-07
-9.504518e-07
-8.488382e-07
-8.893849e-07
-9.416805e-07
-8.171983e-07
-1.034371e-06
-7.330725e-07
-1.125178e-06
-6.365581e-07
-1.211844e-06
-5.277508e-07
-1.291616e-06
-4.074666e-07
-1.361344e-06
-2.773741e-07
-1.417687e-06
-1.400575e-07
-1.457414e-06
-1.466201e-06
-1.580703e-07
1.615548e-06
-3.123307e-07
1.603411e-06
-4.572981e-07
1.555324e-06
-5.898359e-07
1.487793e-06
-7.081107e-07
1.405211e-06
-8.114091e-07
1.311915e-06
-8.999244e-07
1.211864e-06
-9.744924e-07
1.108388e-06
-1.036334e-06
1.004092e-06
-1.086863e-06
9.008893e-07
-1.127609e-06
8.001574e-07
-1.160059e-06
7.027403e-07
-1.185578e-06
6.090432e-07
-1.205373e-06
5.191397e-07
-1.220481e-06
4.328579e-07
-1.23176e-06
3.498496e-07
-1.239896e-06
2.696436e-07
-1.245414e-06
1.916847e-07
-1.248682e-06
1.153626e-07
-1.249917e-06
4.003238e-08
-1.249198e-06
-3.49699e-08
-1.246457e-06
-1.10316e-07
-1.241484e-06
-1.866739e-07
-1.23392e-06
-2.646962e-07
-1.223245e-06
-3.450053e-07
-1.208778e-06
-4.281731e-07
-1.189655e-06
-5.146922e-07
-1.164835e-06
-6.049365e-07
-1.133093e-06
-6.99108e-07
-1.093034e-06
-7.97166e-07
-1.043134e-06
-8.987378e-07
-9.818067e-07
-1.003008e-06
-9.07567e-07
-1.108611e-06
-8.191208e-07
-1.213624e-06
-7.155532e-07
-1.315412e-06
-5.966011e-07
-1.410568e-06
-4.629364e-07
-1.495008e-06
-3.16399e-07
-1.564224e-06
-1.602072e-07
-1.613606e-06
-1.626408e-06
-1.825583e-07
1.798106e-06
-3.593933e-07
1.780246e-06
-5.235976e-07
1.719528e-06
-6.712383e-07
1.635433e-06
-8.004102e-07
1.534383e-06
-9.107165e-07
1.422221e-06
-1.002922e-06
1.304069e-06
-1.078515e-06
1.183981e-06
-1.139332e-06
1.064909e-06
-1.187457e-06
9.490141e-07
-1.224956e-06
8.376566e-07
-1.25374e-06
7.315246e-07
-1.275505e-06
6.308078e-07
-1.291705e-06
5.353398e-07
-1.303555e-06
4.447079e-07
-1.31204e-06
3.583348e-07
-1.317934e-06
2.755376e-07
-1.321817e-06
1.955678e-07
-1.324093e-06
1.176383e-07
-1.325001e-06
4.094067e-08
-1.324626e-06
-3.534546e-08
-1.322896e-06
-1.120454e-07
-1.319586e-06
-1.899838e-07
-1.314304e-06
-2.699781e-07
-1.306481e-06
-3.528292e-07
-1.295348e-06
-4.393053e-07
-1.279925e-06
-5.301151e-07
-1.258993e-06
-6.25869e-07
-1.231081e-06
-7.270196e-07
-1.194468e-06
-8.337796e-07
-1.147196e-06
-9.460095e-07
-1.087133e-06
-1.063071e-06
-1.012101e-06
-1.183643e-06
-9.201541e-07
-1.305571e-06
-8.096893e-07
-1.425877e-06
-6.798251e-07
-1.540433e-06
-5.308734e-07
-1.64396e-06
-3.64716e-07
-1.730382e-06
-1.853878e-07
-1.792934e-06
-1.811796e-06
-2.137447e-07
2.011851e-06
-4.185583e-07
1.98506e-06
-6.05859e-07
1.906829e-06
-7.706563e-07
1.800231e-06
-9.112792e-07
1.675006e-06
-1.027997e-06
1.538939e-06
-1.12252e-06
1.398592e-06
-1.197234e-06
1.258695e-06
-1.25498e-06
1.122655e-06
-1.298678e-06
9.927124e-07
-1.331043e-06
8.700213e-07
-1.354477e-06
7.549583e-07
-1.371033e-06
6.473645e-07
-1.38242e-06
5.467267e-07
-1.390022e-06
4.523099e-07
-1.394935e-06
3.632478e-07
-1.398001e-06
2.786038e-07
-1.399842e-06
1.974088e-07
-1.400885e-06
1.18681e-07
-1.401381e-06
4.143707e-08
-1.40142e-06
-3.530655e-08
-1.400931e-06
-1.125348e-07
-1.399679e-06
-1.912358e-07
-1.397255e-06
-2.724023e-07
-1.393053e-06
-3.570312e-07
-1.386244e-06
-4.461136e-07
-1.375743e-06
-5.406163e-07
-1.360167e-06
-6.414452e-07
-1.3378e-06
-7.493864e-07
-1.306564e-06
-8.650155e-07
-1.264009e-06
-9.885645e-07
-1.207344e-06
-1.119736e-06
-1.133536e-06
-1.257451e-06
-1.03958e-06
-1.399527e-06
-9.229237e-07
-1.542534e-06
-7.816686e-07
-1.681688e-06
-6.153854e-07
-1.810243e-06
-4.256506e-07
-1.920116e-06
-2.175818e-07
-2.001003e-06
-2.029378e-06
-2.545414e-07
2.266392e-06
-4.944659e-07
2.224984e-06
-7.09661e-07
2.122024e-06
-8.936446e-07
1.984214e-06
-1.045718e-06
1.827079e-06
-1.167399e-06
1.66062e-06
-1.261816e-06
1.49301e-06
-1.332834e-06
1.329712e-06
-1.384671e-06
1.174492e-06
-1.421274e-06
1.029315e-06
-1.446119e-06
8.948663e-07
-1.462149e-06
7.709887e-07
-1.471784e-06
6.569988e-07
-1.476962e-06
5.519055e-07
-1.47921e-06
4.545575e-07
-1.479699e-06
3.637371e-07
-1.47931e-06
2.782142e-07
-1.478678e-06
1.967775e-07
-1.478236e-06
1.182385e-07
-1.478232e-06
4.14334e-08
-1.478756e-06
-3.478283e-08
-1.479741e-06
-1.115498e-07
-1.48096e-06
-1.900168e-07
-1.482006e-06
-2.713567e-07
-1.482263e-06
-3.567734e-07
-1.480876e-06
-4.475011e-07
-1.47669e-06
-5.448027e-07
-1.468193e-06
-6.499415e-07
-1.453449e-06
-7.641303e-07
-1.430024e-06
-8.884405e-07
-1.394933e-06
-1.023656e-06
-1.344615e-06
-1.170053e-06
-1.274992e-06
-1.327075e-06
-1.181642e-06
-1.492877e-06
-1.06042e-06
-1.663756e-06
-9.079196e-07
-1.834188e-06
-7.223356e-07
-1.995827e-06
-5.041135e-07
-2.138338e-06
-2.598992e-07
-2.245218e-06
-2.289277e-06
-3.096448e-07
2.576037e-06
-5.940761e-07
2.509415e-06
-8.430676e-07
2.371015e-06
-1.047808e-06
2.188954e-06
-1.210229e-06
1.989499e-06
-1.333948e-06
1.784339e-06
-1.424327e-06
1.583388e-06
-1.487589e-06
1.392974e-06
-1.529661e-06
1.216565e-06
-1.555726e-06
1.05538e-06
-1.57011e-06
9.0925e-07
-1.576304e-06
7.771828e-07
-1.577056e-06
6.577505e-07
-1.574482e-06
5.493318e-07
-1.570186e-06
4.502619e-07
-1.565364e-06
3.58915e-07
-1.560888e-06
2.737377e-07
-1.557363e-06
1.932527e-07
-1.555189e-06
1.160647e-07
-1.554598e-06
4.084183e-08
-1.555672e-06
-3.370852e-08
-1.558355e-06
-1.088666e-07
-1.562443e-06
-1.859285e-07
-1.567566e-06
-2.662336e-07
-1.573149e-06
-3.511904e-07
-1.578353e-06
-4.422976e-07
-1.582013e-06
-5.411427e-07
-1.582555e-06
-6.49399e-07
-1.577884e-06
-7.688012e-07
-1.565257e-06
-9.01068e-07
-1.541155e-06
-1.047758e-06
-1.501178e-06
-1.21003e-06
-1.439995e-06
-1.388257e-06
-1.351434e-06
-1.581438e-06
-1.228885e-06
-1.786304e-06
-1.066508e-06
-1.996564e-06
-8.602254e-07
-2.20211e-06
-6.075073e-07
-2.391057e-06
-3.173988e-07
-2.535326e-06
-2.606676e-06
-3.872481e-07
2.963285e-06
-7.281573e-07
2.850325e-06
-1.017939e-06
2.660797e-06
-1.243588e-06
2.414603e-06
-1.413206e-06
2.159117e-06
-1.533471e-06
1.904605e-06
-1.613865e-06
1.663783e-06
-1.663639e-06
1.442748e-06
-1.690834e-06
1.24376e-06
-1.702037e-06
1.066584e-06
-1.702439e-06
9.096513e-07
-1.696009e-06
7.707537e-07
-1.685723e-06
6.474642e-07
-1.673766e-06
5.37375e-07
-1.661732e-06
4.382273e-07
-1.650744e-06
3.479271e-07
-1.641576e-06
2.645695e-07
-1.634752e-06
1.864287e-07
-1.63061e-06
1.119234e-07
-1.629346e-06
3.957699e-08
-1.631029e-06
-3.202493e-08
-1.635619e-06
-1.042763e-07
-1.642954e-06
-1.785935e-07
-1.65273e-06
-2.56458e-07
-1.66446e-06
-3.394601e-07
-1.677416e-06
-4.293416e-07
-1.690524e-06
-5.280349e-07
-1.702241e-06
-6.376821e-07
-1.710428e-06
-7.606139e-07
-1.712149e-06
-8.99347e-07
-1.703442e-06
-1.056466e-06
-1.67907e-06
-1.234402e-06
-1.632309e-06
-1.435019e-06
-1.554838e-06
-1.658909e-06
-1.436929e-06
-1.904213e-06
-1.268319e-06
-2.165174e-06
-1.041586e-06
-2.428844e-06
-7.473141e-07
-2.685328e-06
-3.989279e-07
-2.883712e-06
-3.005604e-06
-4.999277e-07
3.463213e-06
-9.124318e-07
3.262829e-06
-1.251588e-06
2.999954e-06
-1.495206e-06
2.65822e-06
-1.664844e-06
2.328755e-06
-1.772637e-06
2.012398e-06
-1.834194e-06
1.72534e-06
-1.862592e-06
1.471146e-06
-1.868326e-06
1.249494e-06
-1.859417e-06
1.057675e-06
-1.841782e-06
8.920162e-07
-1.819684e-06
7.486555e-07
-1.796132e-06
6.239121e-07
-1.773219e-06
5.14462e-07
-1.752332e-06
4.17341e-07
-1.734388e-06
3.299831e-07
-1.719987e-06
2.50168e-07
-1.709513e-06
1.759548e-07
-1.703204e-06
1.056142e-07
-1.701191e-06
3.756467e-08
-1.703528e-06
-2.968816e-08
-1.710194e-06
-9.761013e-08
-1.721092e-06
-1.676956e-07
-1.736024e-06
-2.415265e-07
-1.75465e-06
-3.208341e-07
-1.776425e-06
-4.075664e-07
-1.8005e-06
-5.039599e-07
-1.825568e-06
-6.126139e-07
-1.849625e-06
-7.365567e-07
-1.869746e-06
-8.792266e-07
-1.881737e-06
-1.044475e-06
-1.879703e-06
-1.236436e-06
-1.855541e-06
-1.459181e-06
-1.798487e-06
-1.715963e-06
-1.694898e-06
-2.007802e-06
-1.528176e-06
-2.331897e-06
-1.284826e-06
-2.672193e-06
-9.405183e-07
-3.029636e-06
-5.185267e-07
-3.305704e-06
-3.52413e-06
-6.825974e-07
4.14581e-06
-1.175077e-06
3.755308e-06
-1.572457e-06
3.397334e-06
-1.821887e-06
2.907651e-06
-1.977327e-06
2.484194e-06
-2.058343e-06
2.093415e-06
-2.088314e-06
1.755311e-06
-2.084849e-06
1.467681e-06
-2.060963e-06
1.225608e-06
-2.025843e-06
1.022555e-06
-1.985768e-06
8.519413e-07
-1.944949e-06
7.07836e-07
-1.906082e-06
5.850458e-07
-1.870806e-06
4.791854e-07
-1.840109e-06
3.866448e-07
-1.814576e-06
3.044496e-07
-1.794534e-06
2.301257e-07
-1.780159e-06
1.615797e-07
-1.771541e-06
9.699666e-08
-1.768726e-06
3.475011e-08
-1.771738e-06
-2.667622e-08
-1.780586e-06
-8.876261e-08
-1.795259e-06
-1.530229e-07
-1.815708e-06
-2.210775e-07
-1.841808e-06
-2.947338e-07
-1.873296e-06
-3.760783e-07
-1.909673e-06
-4.675832e-07
-1.950053e-06
-5.722332e-07
-1.992937e-06
-6.936735e-07
-2.035794e-06
-8.363696e-07
-2.074575e-06
-1.005694e-06
-2.103144e-06
-1.207867e-06
-2.112364e-06
-1.44996e-06
-2.089068e-06
-1.739259e-06
-2.015065e-06
-2.081806e-06
-1.865643e-06
-2.481318e-06
-1.619812e-06
-2.918024e-06
-1.216735e-06
-3.432713e-06
-7.13164e-07
-3.809275e-06
-4.237294e-06
-9.211992e-07
5.067009e-06
-1.523999e-06
4.358108e-06
-1.999616e-06
3.872951e-06
-2.242493e-06
3.150528e-06
-2.36323e-06
2.604931e-06
-2.396157e-06
2.126341e-06
-2.377046e-06
1.7362e-06
-2.328442e-06
1.419076e-06
-2.265391e-06
1.162558e-06
-2.197524e-06
9.546873e-07
-2.130813e-06
7.852309e-07
-2.068609e-06
6.456319e-07
-2.012701e-06
5.291377e-07
-1.963985e-06
4.304695e-07
-1.922838e-06
3.454974e-07
-1.889348e-06
2.7096e-07
-1.863464e-06
2.042417e-07
-1.845083e-06
1.431983e-07
-1.834104e-06
8.601728e-08
-1.830461e-06
3.110716e-08
-1.834141e-06
-2.299597e-08
-1.845188e-06
-7.771572e-08
-1.863699e-06
-1.345117e-07
-1.889815e-06
-1.949618e-07
-1.92369e-06
-2.608581e-07
-1.965449e-06
-3.343197e-07
-2.015098e-06
-4.179337e-07
-2.072395e-06
-5.149366e-07
-2.136622e-06
-6.294469e-07
-2.206226e-06
-7.667656e-07
-2.27818e-06
-9.337393e-07
-2.346868e-06
-1.139179e-06
-2.402952e-06
-1.393876e-06
-2.43153e-06
-1.710681e-06
-2.409719e-06
-2.103617e-06
-2.299843e-06
-2.591195e-06
-2.068246e-06
-3.14962e-06
-1.589512e-06
-3.911447e-06
-9.809097e-07
-4.417878e-06
-5.218204e-06
-1.565841e-06
6.63285e-06
-2.202926e-06
4.995193e-06
-2.685835e-06
4.35586e-06
-2.818785e-06
3.283478e-06
-2.846053e-06
2.632199e-06
-2.791429e-06
2.071717e-06
-2.698126e-06
1.642897e-06
-2.587868e-06
1.308818e-06
-2.475419e-06
1.050109e-06
-2.368873e-06
8.481415e-07
-2.272011e-06
6.883688e-07
-2.186391e-06
5.600124e-07
-2.112381e-06
4.551277e-07
-2.049749e-06
3.678367e-07
-1.997999e-06
2.937476e-07
-1.956567e-06
2.295281e-07
-1.924922e-06
1.725967e-07
-1.902621e-06
1.208975e-07
-1.889338e-06
7.273465e-08
-1.884878e-06
2.664688e-08
-1.889185e-06
-1.868912e-08
-1.90234e-06
-6.456091e-08
-1.924562e-06
-1.122898e-07
-1.95621e-06
-1.633134e-07
-1.997776e-06
-2.192928e-07
-2.049858e-06
-2.822369e-07
-2.113125e-06
-3.546668e-07
-2.18822e-06
-4.398413e-07
-2.275596e-06
-5.420716e-07
-2.375201e-06
-6.671604e-07
-2.485926e-06
-8.230139e-07
-2.604628e-06
-1.020477e-06
-2.724127e-06
-1.274377e-06
-2.830532e-06
-1.604276e-06
-2.903793e-06
-2.030356e-06
-2.896177e-06
-2.598811e-06
-2.78689e-06
-3.258906e-06
-2.304079e-06
-4.394259e-06
-1.654026e-06
-5.06793e-06
-6.87223e-06
-2.010217e-06
8.643068e-06
-2.789856e-06
5.774832e-06
-3.355025e-06
4.921029e-06
-3.430046e-06
3.358499e-06
-3.376973e-06
2.579126e-06
-3.220404e-06
1.915149e-06
-3.034241e-06
1.456734e-06
-2.849923e-06
1.1245e-06
-2.680872e-06
8.810575e-07
-2.531557e-06
6.988269e-07
-2.402596e-06
5.594074e-07
-2.292923e-06
4.503396e-07
-2.200879e-06
3.630837e-07
-2.124727e-06
2.916851e-07
-2.062885e-06
2.319056e-07
-2.014012e-06
1.80655e-07
-1.977032e-06
1.356165e-07
-1.951129e-06
9.499445e-08
-1.935734e-06
5.734004e-08
-1.930512e-06
2.142494e-08
-1.935364e-06
-1.383766e-08
-1.95041e-06
-4.951494e-08
-1.97599e-06
-8.670932e-08
-2.012695e-06
-1.266082e-07
-2.061376e-06
-1.706119e-07
-2.123165e-06
-2.204479e-07
-2.199494e-06
-2.783385e-07
-2.292088e-06
-3.472466e-07
-2.402915e-06
-4.312446e-07
-2.533995e-06
-5.36081e-07
-2.686947e-06
-6.700621e-07
-2.861986e-06
-8.454369e-07
-3.055784e-06
-1.080579e-06
-3.255984e-06
-1.404076e-06
-3.432629e-06
-1.85371e-06
-3.512545e-06
-2.518895e-06
-3.4885e-06
-3.282952e-06
-2.953528e-06
-4.929231e-06
-2.243973e-06
-5.777485e-06
-9.116204e-06
-4.849135e-06
1.34922e-05
-4.99669e-06
5.922387e-06
-4.994098e-06
4.918436e-06
-4.578144e-06
2.942545e-06
-4.129862e-06
2.130843e-06
-3.729647e-06
1.514934e-06
-3.389647e-06
1.116734e-06
-3.105865e-06
8.407181e-07
-2.870098e-06
6.452901e-07
-2.675047e-06
5.037765e-07
-2.514095e-06
3.984548e-07
-2.381641e-06
3.178854e-07
-2.273139e-06
2.54582e-07
-2.184985e-06
2.035307e-07
-2.114363e-06
1.612846e-07
-2.059114e-06
1.254053e-07
-2.017609e-06
9.411213e-08
-1.98867e-06
6.605537e-08
-1.971494e-06
4.01643e-08
-1.965604e-06
1.553399e-08
-1.970874e-06
-8.567235e-09
-1.987471e-06
-3.291813e-08
-2.015813e-06
-5.836669e-08
-2.056719e-06
-8.570225e-08
-2.111385e-06
-1.15946e-07
-2.181468e-06
-1.503652e-07
-2.26919e-06
-1.906169e-07
-2.377477e-06
-2.389592e-07
-2.510144e-06
-2.985777e-07
-2.67212e-06
-3.741049e-07
-2.869733e-06
-4.724488e-07
-3.111136e-06
-6.040345e-07
-3.407808e-06
-7.839069e-07
-3.772835e-06
-1.03905e-06
-4.212945e-06
-1.4136e-06
-4.71302e-06
-2.01882e-06
-5.2245e-06
-2.771472e-06
-5.284451e-06
-4.86928e-06
-5.14058e-06
-5.921356e-06
-1.425678e-05
-5.944668e-06
1.943687e-05
-5.950828e-06
5.928547e-06
-5.816814e-06
4.784422e-06
-5.178174e-06
2.303905e-06
-4.542314e-06
1.494984e-06
-3.997304e-06
9.699231e-07
-3.539427e-06
6.588578e-07
-3.170176e-06
4.714671e-07
-2.87505e-06
3.501635e-07
-2.638955e-06
2.676814e-07
-2.449404e-06
2.089037e-07
-2.296772e-06
1.652538e-07
-2.173828e-06
1.31638e-07
-2.075193e-06
1.048957e-07
-1.996886e-06
8.297774e-08
-1.935976e-06
6.449505e-08
-1.890328e-06
4.846381e-08
-1.858427e-06
3.415433e-08
-1.839259e-06
2.099692e-08
-1.832241e-06
8.515595e-09
-1.837125e-06
-3.683361e-09
-1.854083e-06
-1.596038e-08
-1.883657e-06
-2.879231e-08
-1.926776e-06
-4.258308e-08
-1.984869e-06
-5.785289e-08
-2.05997e-06
-7.526448e-08
-2.154886e-06
-9.570058e-08
-2.273445e-06
-1.204007e-07
-2.420824e-06
-1.511986e-07
-2.603977e-06
-1.909518e-07
-2.832083e-06
-2.443424e-07
-3.116681e-06
-3.194365e-07
-3.469766e-06
-4.30822e-07
-3.902229e-06
-6.065869e-07
-4.416614e-06
-8.992157e-07
-5.013556e-06
-1.421877e-06
-5.59461e-06
-2.190418e-06
-5.713778e-06
-4.750112e-06
-5.586687e-06
-6.048446e-06
-1.984347e-05
1.943687e-05
2.536542e-05
3.014984e-05
3.245375e-05
3.394873e-05
3.491865e-05
3.557751e-05
3.604898e-05
3.639914e-05
3.666682e-05
3.687573e-05
3.704098e-05
3.717262e-05
3.727751e-05
3.736049e-05
3.742499e-05
3.747345e-05
3.75076e-05
3.75286e-05
3.753712e-05
3.753343e-05
3.751747e-05
3.748868e-05
3.74461e-05
3.738824e-05
3.731298e-05
3.721728e-05
3.709688e-05
3.694568e-05
3.675473e-05
3.651039e-05
3.619095e-05
3.576013e-05
3.515354e-05
3.425432e-05
3.283245e-05
3.064203e-05
2.589192e-05
1.984347e-05
)
;

boundaryField
{
    movingWall
    {
        type            calculated;
        value           uniform 0;
    }
    fixedWalls
    {
        type            calculated;
        value           uniform 0;
    }
    frontAndBack
    {
        type            empty;
    }
}


// ************************************************************************* //
