/*--------------------------------*- C++ -*----------------------------------*\
| =========                 |                                                 |
| \\      /  F ield         | OpenFOAM: The Open Source CFD Toolbox           |
|  \\    /   O peration     | Version:  2412                                  |
|   \\  /    A nd           | Website:  www.openfoam.com                      |
|    \\/     M anipulation  |                                                 |
\*---------------------------------------------------------------------------*/
FoamFile
{
    version     2.0;
    format      ascii;
    arch        "LSB;label=32;scalar=64";
    class       volVectorField;
    location    "0.5";
    object      U;
}
// * * * * * * * * * * * * * * * * * * * * * * * * * * * * * * * * * * * * * //

dimensions      [0 1 -1 0 0 0 0];

internalField   nonuniform List<vector> 
1600
(
(-5.352283e-06 5.344296e-06 0)
(-1.606969e-05 5.352786e-06 0)
(-2.672849e-05 5.283909e-06 0)
(-3.721289e-05 5.181045e-06 0)
(-4.745813e-05 5.04518e-06 0)
(-5.739903e-05 4.877457e-06 0)
(-6.697315e-05 4.679256e-06 0)
(-7.6121e-05 4.452168e-06 0)
(-8.478647e-05 4.19796e-06 0)
(-9.291718e-05 3.918548e-06 0)
(-0.0001004647 3.615961e-06 0)
(-0.0001073847 3.292316e-06 0)
(-0.0001136372 2.949789e-06 0)
(-0.0001191868 2.590592e-06 0)
(-0.0001240022 2.216955e-06 0)
(-0.0001280567 1.831113e-06 0)
(-0.0001313284 1.435295e-06 0)
(-0.0001337993 1.031719e-06 0)
(-0.0001354562 6.225887e-07 0)
(-0.0001362902 2.101002e-07 0)
(-0.0001362967 -2.035593e-07 0)
(-0.0001354757 -6.162031e-07 0)
(-0.0001338313 -1.02564e-06 0)
(-0.0001313721 -1.42967e-06 0)
(-0.0001281111 -1.826076e-06 0)
(-0.0001240659 -2.212629e-06 0)
(-0.0001192584 -2.587085e-06 0)
(-0.000113715 -2.947189e-06 0)
(-0.0001074667 -3.290692e-06 0)
(-0.0001005489 -3.615357e-06 0)
(-9.300154e-05 -3.918985e-06 0)
(-8.48689e-05 -4.199434e-06 0)
(-7.619945e-05 -4.454647e-06 0)
(-6.704567e-05 -4.682683e-06 0)
(-5.74638e-05 -4.88175e-06 0)
(-4.75135e-05 -5.050235e-06 0)
(-3.725748e-05 -5.186736e-06 0)
(-2.676115e-05 -5.290093e-06 0)
(-1.608959e-05 -5.359303e-06 0)
(-5.358957e-06 -5.350947e-06 0)
(-5.429781e-06 1.612149e-05 0)
(-1.630219e-05 1.614685e-05 0)
(-2.711479e-05 1.593892e-05 0)
(-3.775009e-05 1.562839e-05 0)
(-4.814228e-05 1.521824e-05 0)
(-5.822519e-05 1.471196e-05 0)
(-6.793539e-05 1.411373e-05 0)
(-7.721254e-05 1.342836e-05 0)
(-8.599977e-05 1.266122e-05 0)
(-9.4244e-05 1.181809e-05 0)
(-0.0001018962 1.090514e-05 0)
(-0.0001089116 9.928745e-06 0)
(-0.0001152498 8.895489e-06 0)
(-0.0001208749 7.812049e-06 0)
(-0.0001257554 6.685152e-06 0)
(-0.0001298647 5.521534e-06 0)
(-0.0001331802 4.327908e-06 0)
(-0.0001356842 3.11095e-06 0)
(-0.0001373633 1.877293e-06 0)
(-0.0001382084 6.33538e-07 0)
(-0.0001382152 -6.137383e-07 0)
(-0.0001373833 -1.857963e-06 0)
(-0.000135717 -3.092549e-06 0)
(-0.0001332251 -4.310878e-06 0)
(-0.0001299205 -5.506284e-06 0)
(-0.0001258209 -6.672055e-06 0)
(-0.0001209484 -7.80143e-06 0)
(-0.0001153296 -8.887617e-06 0)
(-0.0001089958 -9.923827e-06 0)
(-0.0001019827 -1.090331e-05 0)
(-9.433066e-05 -1.181942e-05 0)
(-8.608446e-05 -1.266568e-05 0)
(-7.729315e-05 -1.343587e-05 0)
(-6.800991e-05 -1.412411e-05 0)
(-5.829175e-05 -1.472497e-05 0)
(-4.81992e-05 -1.523356e-05 0)
(-3.779591e-05 -1.564564e-05 0)
(-2.714836e-05 -1.595767e-05 0)
(-1.632264e-05 -1.616661e-05 0)
(-5.436642e-06 -1.614165e-05 0)
(-5.499515e-06 2.705087e-05 0)
(-1.651143e-05 2.709296e-05 0)
(-2.746232e-05 2.674356e-05 0)
(-3.823285e-05 2.622176e-05 0)
(-4.875615e-05 2.553265e-05 0)
(-5.896502e-05 2.468211e-05 0)
(-6.879515e-05 2.367724e-05 0)
(-7.81854e-05 2.25262e-05 0)
(-8.707825e-05 2.123804e-05 0)
(-9.542009e-05 1.982256e-05 0)
(-0.0001031615 1.829012e-05 0)
(-0.0001102574 1.66515e-05 0)
(-0.0001166672 1.491776e-05 0)
(-0.0001223549 1.310013e-05 0)
(-0.0001272891 1.120989e-05 0)
(-0.000131443 9.258327e-06 0)
(-0.0001347942 7.256674e-06 0)
(-0.000137325 5.216088e-06 0)
(-0.000139022 3.147646e-06 0)
(-0.0001398762 1.062359e-06 0)
(-0.0001398833 -1.028805e-06 0)
(-0.0001390429 -3.114887e-06 0)
(-0.0001373594 -5.184901e-06 0)
(-0.0001348412 -7.227805e-06 0)
(-0.0001315015 -9.232471e-06 0)
(-0.0001273577 -1.118768e-05 0)
(-0.0001224319 -1.308211e-05 0)
(-0.0001167508 -1.49044e-05 0)
(-0.0001103456 -1.664314e-05 0)
(-0.0001032521 -1.8287e-05 0)
(-9.551093e-05 -1.982479e-05 0)
(-8.716705e-05 -2.124559e-05 0)
(-7.826995e-05 -2.253892e-05 0)
(-6.887333e-05 -2.369484e-05 0)
(-5.903487e-05 -2.470417e-05 0)
(-4.881589e-05 -2.555863e-05 0)
(-3.828095e-05 -2.625101e-05 0)
(-2.749757e-05 -2.677535e-05 0)
(-1.653291e-05 -2.712647e-05 0)
(-5.506719e-06 -2.708507e-05 0)
(-5.604846e-06 3.814944e-05 0)
(-1.682746e-05 3.820814e-05 0)
(-2.798715e-05 3.771428e-05 0)
(-3.896181e-05 3.697682e-05 0)
(-4.968296e-05 3.600306e-05 0)
(-6.008184e-05 3.48014e-05 0)
(-7.009275e-05 3.3382e-05 0)
(-7.965339e-05 3.175652e-05 0)
(-8.870525e-05 2.993787e-05 0)
(-9.719394e-05 2.794e-05 0)
(-0.0001050694 2.577764e-05 0)
(-0.0001122863 2.346611e-05 0)
(-0.0001188036 2.102104e-05 0)
(-0.0001245853 1.845831e-05 0)
(-0.0001295999 1.579383e-05 0)
(-0.0001338206 1.304347e-05 0)
(-0.0001372253 1.022302e-05 0)
(-0.0001397961 7.348113e-06 0)
(-0.0001415199 4.434261e-06 0)
(-0.0001423878 1.496858e-06 0)
(-0.0001423953 -1.448768e-06 0)
(-0.0001415423 -4.387307e-06 0)
(-0.0001398328 -7.303407e-06 0)
(-0.0001372755 -1.018163e-05 0)
(-0.0001338831 -1.300639e-05 0)
(-0.0001296732 -1.576196e-05 0)
(-0.0001246677 -1.843245e-05 0)
(-0.0001188931 -2.100184e-05 0)
(-0.0001123807 -2.345408e-05 0)
(-0.0001051665 -2.577313e-05 0)
(-9.729123e-05 -2.794315e-05 0)
(-8.88004e-05 -2.994866e-05 0)
(-7.974402e-05 -3.177473e-05 0)
(-7.017659e-05 -3.340722e-05 0)
(-6.015675e-05 -3.483303e-05 0)
(-4.974705e-05 -3.604033e-05 0)
(-3.901344e-05 -3.70188e-05 0)
(-2.802498e-05 -3.775992e-05 0)
(-1.685051e-05 -3.825625e-05 0)
(-5.612579e-06 -3.819854e-05 0)
(-5.74682e-06 4.949545e-05 0)
(-1.725341e-05 4.957053e-05 0)
(-2.869445e-05 4.892782e-05 0)
(-3.994407e-05 4.796823e-05 0)
(-5.093158e-05 4.670142e-05 0)
(-6.158608e-05 4.513852e-05 0)
(-7.184004e-05 4.329297e-05 0)
(-8.162954e-05 4.118015e-05 0)
(-9.089477e-05 3.881708e-05 0)
(-9.958031e-05 3.622211e-05 0)
(-0.0001076354 3.341456e-05 0)
(-0.000115014 3.041444e-05 0)
(-0.000121675 2.724219e-05 0)
(-0.0001275821 2.391843e-05 0)
(-0.000132704 2.046381e-05 0)
(-0.0001370138 1.689886e-05 0)
(-0.0001404896 1.324394e-05 0)
(-0.0001431137 9.519178e-06 0)
(-0.0001448732 5.744482e-06 0)
(-0.0001457593 1.939599e-06 0)
(-0.0001457675 -1.875838e-06 0)
(-0.0001448976 -5.682221e-06 0)
(-0.0001431537 -9.459887e-06 0)
(-0.0001405442 -1.318903e-05 0)
(-0.0001370818 -1.684965e-05 0)
(-0.0001327838 -2.04215e-05 0)
(-0.0001276718 -2.388407e-05 0)
(-0.0001217725 -2.721665e-05 0)
(-0.0001151169 -3.039841e-05 0)
(-0.0001077412 -3.340848e-05 0)
(-9.968647e-05 -3.622621e-05 0)
(-9.099864e-05 -3.883133e-05 0)
(-8.172852e-05 -4.120427e-05 0)
(-7.193164e-05 -4.332641e-05 0)
(-6.166797e-05 -4.51805e-05 0)
(-5.100166e-05 -4.67509e-05 0)
(-4.000054e-05 -4.8024e-05 0)
(-2.873584e-05 -4.898845e-05 0)
(-1.727864e-05 -4.963447e-05 0)
(-5.755283e-06 -4.956071e-05 0)
(-5.926715e-06 6.116302e-05 0)
(-1.779309e-05 6.125413e-05 0)
(-2.95905e-05 6.045674e-05 0)
(-4.118821e-05 5.926646e-05 0)
(-5.251267e-05 5.769551e-05 0)
(-6.349028e-05 5.575801e-05 0)
(-7.405113e-05 5.347098e-05 0)
(-8.412929e-05 5.085385e-05 0)
(-9.366329e-05 4.792809e-05 0)
(-0.0001025965 4.471675e-05 0)
(-0.0001108771 4.124404e-05 0)
(-0.0001184586 3.753495e-05 0)
(-0.0001252996 3.361491e-05 0)
(-0.0001313637 2.950949e-05 0)
(-0.0001366195 2.52442e-05 0)
(-0.0001410405 2.084431e-05 0)
(-0.000144605 1.633479e-05 0)
(-0.0001472956 1.174023e-05 0)
(-0.0001490995 7.084926e-06 0)
(-0.0001500081 2.392905e-06 0)
(-0.0001500172 -2.311974e-06 0)
(-0.0001491263 -7.005891e-06 0)
(-0.0001473396 -1.166495e-05 0)
(-0.0001446652 -1.626504e-05 0)
(-0.0001411156 -2.078177e-05 0)
(-0.0001367076 -2.519039e-05 0)
(-0.0001314628 -2.946575e-05 0)
(-0.0001254074 -3.358235e-05 0)
(-0.0001185725 -3.751445e-05 0)
(-0.0001109943 -4.123619e-05 0)
(-0.0001027141 -4.472184e-05 0)
(-9.377845e-05 -4.794609e-05 0)
(-8.42391e-05 -5.088442e-05 0)
(-7.415282e-05 -5.351343e-05 0)
(-6.358125e-05 -5.581135e-05 0)
(-5.259055e-05 -5.775843e-05 0)
(-4.125099e-05 -5.933742e-05 0)
(-2.963653e-05 -6.053392e-05 0)
(-1.782115e-05 -6.133553e-05 0)
(-5.936127e-06 -6.124612e-05 0)
(-6.146186e-06 7.322959e-05 0)
(-1.845146e-05 7.333619e-05 0)
(-3.068342e-05 7.237673e-05 0)
(-4.270531e-05 7.094488e-05 0)
(-5.444003e-05 6.90557e-05 0)
(-6.581061e-05 6.672669e-05 0)
(-7.67442e-05 6.397882e-05 0)
(-8.717243e-05 6.083601e-05 0)
(-9.703188e-05 5.732458e-05 0)
(-0.0001062644 5.347272e-05 0)
(-0.0001148172 4.930992e-05 0)
(-0.0001226431 4.486648e-05 0)
(-0.0001297005 4.017311e-05 0)
(-0.0001359529 3.526055e-05 0)
(-0.0001413692 3.015932e-05 0)
(-0.0001459232 2.489952e-05 0)
(-0.0001495937 1.951076e-05 0)
(-0.0001523636 1.40221e-05 0)
(-0.0001542206 8.46214e-06 0)
(-0.0001551562 2.859084e-06 0)
(-0.0001551663 -2.759091e-06 0)
(-0.0001542505 -8.364475e-06 0)
(-0.0001524128 -1.392905e-05 0)
(-0.000149661 -1.942451e-05 0)
(-0.0001460072 -2.482214e-05 0)
(-0.0001414677 -3.009268e-05 0)
(-0.0001360638 -3.520631e-05 0)
(-0.0001298212 -4.013267e-05 0)
(-0.0001227707 -4.484092e-05 0)
(-0.0001149486 -4.93e-05 0)
(-0.0001063964 -5.347882e-05 0)
(-9.716122e-05 -5.734668e-05 0)
(-8.729586e-05 -6.08737e-05 0)
(-7.685857e-05 -6.403127e-05 0)
(-6.591298e-05 -6.679269e-05 0)
(-5.452773e-05 -6.913363e-05 0)
(-4.277603e-05 -7.10328e-05 0)
(-3.073529e-05 -7.247242e-05 0)
(-1.848309e-05 -7.343715e-05 0)
(-6.156797e-06 -7.333267e-05 0)
(-6.40731e-06 8.577628e-05 0)
(-1.923471e-05 8.58976e-05 0)
(-3.198337e-05 8.476688e-05 0)
(-4.450924e-05 8.307999e-05 0)
(-5.673085e-05 8.08552e-05 0)
(-6.856717e-05 7.811382e-05 0)
(-7.994182e-05 7.488129e-05 0)
(-9.078352e-05 7.118656e-05 0)
(-0.0001010266 6.70614e-05 0)
(-0.0001106111 6.253962e-05 0)
(-0.0001194833 5.765649e-05 0)
(-0.0001275954 5.244805e-05 0)
(-0.0001349055 4.695065e-05 0)
(-0.0001413775 4.120045e-05 0)
(-0.0001469805 3.523318e-05 0)
(-0.0001516891 2.908386e-05 0)
(-0.0001554824 2.278677e-05 0)
(-0.0001583442 1.637539e-05 0)
(-0.0001602625 9.882515e-06 0)
(-0.0001612294 3.340403e-06 0)
(-0.0001612407 -3.219023e-06 0)
(-0.0001602963 -9.763939e-06 0)
(-0.0001583997 -1.626237e-05 0)
(-0.0001555583 -2.268196e-05 0)
(-0.0001517838 -2.898975e-05 0)
(-0.0001470918 -3.515204e-05 0)
(-0.0001415028 -4.113432e-05 0)
(-0.000135042 -4.690123e-05 0)
(-0.0001277398 -5.241669e-05 0)
(-0.0001196322 -5.764412e-05 0)
(-0.0001107608 -6.254674e-05 0)
(-0.0001011733 -6.708801e-05 0)
(-9.092369e-05 -7.12322e-05 0)
(-8.007181e-05 -7.494496e-05 0)
(-6.86836e-05 -7.819406e-05 0)
(-5.683067e-05 -8.095007e-05 0)
(-4.458978e-05 -8.318711e-05 0)
(-3.204247e-05 -8.488354e-05 0)
(-1.927075e-05 -8.602072e-05 0)
(-6.419403e-06 -8.590201e-05 0)
(-6.71264e-06 9.888884e-05 0)
(-2.015045e-05 9.902376e-05 0)
(-3.350285e-05 9.771059e-05 0)
(-4.6617e-05 9.575222e-05 0)
(-5.94062e-05 9.317066e-05 0)
(-7.178452e-05 8.999158e-05 0)
(-8.367145e-05 8.624559e-05 0)
(-9.499232e-05 8.196734e-05 0)
(-0.0001056788 7.719472e-05 0)
(-0.0001156693 7.196789e-05 0)
(-0.0001249087 6.632846e-05 0)
(-0.000133349 6.031877e-05 0)
(-0.0001409481 5.398119e-05 0)
(-0.0001476703 4.735766e-05 0)
(-0.0001534858 4.048931e-05 0)
(-0.0001583696 3.341619e-05 0)
(-0.0001623021 2.617725e-05 0)
(-0.0001652679 1.881031e-05 0)
(-0.0001672555 1.135221e-05 0)
(-0.0001682577 3.839067e-06 0)
(-0.0001682706 -3.693496e-06 0)
(-0.0001672939 -1.120998e-05 0)
(-0.0001653308 -1.867468e-05 0)
(-0.0001623884 -2.605139e-05 0)
(-0.0001584772 -3.330308e-05 0)
(-0.0001536123 -4.039167e-05 0)
(-0.000147813 -4.727794e-05 0)
(-0.0001411035 -5.392145e-05 0)
(-0.0001335136 -6.028066e-05 0)
(-0.0001250786 -6.631315e-05 0)
(-0.0001158403 -7.197601e-05 0)
(-0.0001058467 -7.722633e-05 0)
(-9.515281e-05 -8.202191e-05 0)
(-8.382043e-05 -8.632196e-05 0)
(-7.191808e-05 -9.008801e-05 0)
(-5.952078e-05 -9.328482e-05 0)
(-4.670951e-05 -9.588126e-05 0)
(-3.357077e-05 -9.785121e-05 0)
(-2.019189e-05 -9.917224e-05 0)
(-6.726544e-06 -9.904051e-05 0)
(-7.06528e-06 0.0001126586 0)
(-2.120794e-05 0.0001128056 0)
(-3.525701e-05 0.0001112964 0)
(-4.904917e-05 0.0001090467 0)
(-6.249149e-05 0.0001060829 0)
(-7.549224e-05 0.0001024357 0)
(-8.796606e-05 9.814172e-05 0)
(-9.983439e-05 9.324226e-05 0)
(-0.000111026 8.778219e-05 0)
(-0.0001214774 8.180881e-05 0)
(-0.0001311325 7.537087e-05 0)
(-0.0001399427 6.851761e-05 0)
(-0.0001478666 6.129797e-05 0)
(-0.0001548694 5.376002e-05 0)
(-0.000160922 4.595051e-05 0)
(-0.0001660011 3.791464e-05 0)
(-0.0001700883 2.969598e-05 0)
(-0.0001731692 2.133657e-05 0)
(-0.0001752337 1.287708e-05 0)
(-0.0001762751 4.357183e-06 0)
(-0.0001762898 -4.184092e-06 0)
(-0.0001752775 -1.270791e-05 0)
(-0.0001732411 -2.117518e-05 0)
(-0.0001701867 -2.95461e-05 0)
(-0.000166124 -3.777978e-05 0)
(-0.0001610667 -4.583394e-05 0)
(-0.0001550326 -5.366464e-05 0)
(-0.0001480447 -6.122628e-05 0)
(-0.0001401315 -6.847161e-05 0)
(-0.0001313275 -7.535199e-05 0)
(-0.0001216739 -8.181787e-05 0)
(-0.0001112192 -8.781933e-05 0)
(-0.0001000193 -9.33069e-05 0)
(-8.813791e-05 -9.823253e-05 0)
(-7.564647e-05 -0.0001025506 0)
(-6.262392e-05 -0.0001062192 0)
(-4.915617e-05 -0.000109201 0)
(-3.533561e-05 -0.0001114646 0)
(-2.125591e-05 -0.0001129833 0)
(-7.081378e-06 -0.0001128402 0)
(-7.468975e-06 0.0001271839 0)
(-2.241835e-05 0.0001273406 0)
(-3.726411e-05 0.0001256191 0)
(-5.183052e-05 0.0001230543 0)
(-6.601723e-05 0.0001196776 0)
(-7.972568e-05 0.0001155259 0)
(-9.286487e-05 0.0001106429 0)
(-0.0001053519 0.0001050776 0)
(-0.0001171123 9.888291e-05 0)
(-0.0001280806 9.211442e-05 0)
(-0.0001381999 8.482887e-05 0)
(-0.0001474219 7.708318e-05 0)
(-0.0001557056 6.893348e-05 0)
(-0.0001630178 6.043436e-05 0)
(-0.0001693311 5.163848e-05 0)
(-0.0001746242 4.259624e-05 0)
(-0.0001788802 3.335578e-05 0)
(-0.0001820868 2.396313e-05 0)
(-0.0001842349 1.44625e-05 0)
(-0.0001853189 4.896727e-06 0)
(-0.0001853357 -4.692194e-06 0)
(-0.000184285 -1.426254e-05 0)
(-0.000182169 -2.377225e-05 0)
(-0.000178993 -3.317835e-05 0)
(-0.0001747651 -4.24364e-05 0)
(-0.0001694972 -5.150007e-05 0)
(-0.0001632053 -6.032084e-05 0)
(-0.0001559105 -6.884783e-05 0)
(-0.0001476393 -7.702784e-05 0)
(-0.0001384249 -8.480561e-05 0)
(-0.0001283076 -9.212429e-05 0)
(-0.0001173357 -9.892616e-05 0)
(-0.000105566 -0.0001051536 0)
(-9.306414e-05 -0.0001107502 0)
(-7.990472e-05 -0.0001156621 0)
(-6.617112e-05 -0.0001198394 0)
(-5.195497e-05 -0.0001232376 0)
(-3.735559e-05 -0.0001258193 0)
(-2.247421e-05 -0.0001275523 0)
(-7.487722e-06 -0.0001274002 0)
(-7.92824e-06 0.000142571 0)
(-2.379512e-05 0.0001427345 0)
(-3.954609e-05 0.000140781 0)
(-5.499073e-05 0.0001378723 0)
(-7.001986e-05 0.0001340461 0)
(-8.452691e-05 0.0001293466 0)
(-9.841437e-05 0.0001238259 0)
(-0.0001115944 0.000117542 0)
(-0.0001239892 0.0001105575 0)
(-0.0001355314 0.0001029373 0)
(-0.0001461637 9.474739e-05 0)
(-0.0001558381 8.605327e-05 0)
(-0.0001645155 7.691894e-05 0)
(-0.0001721643 6.740604e-05 0)
(-0.0001787601 5.757335e-05 0)
(-0.0001842838 4.747654e-05 0)
(-0.0001887214 3.716817e-05 0)
(-0.0001920625 2.669796e-05 0)
(-0.0001943001 1.611324e-05 0)
(-0.0001954298 5.459482e-06 0)
(-0.000195449 -5.218932e-06 0)
(-0.0001943575 -1.587799e-05 0)
(-0.0001921569 -2.647325e-05 0)
(-0.0001888509 -3.695906e-05 0)
(-0.0001844458 -4.728788e-05 0)
(-0.0001789511 -5.740965e-05 0)
(-0.0001723804 -6.72714e-05 0)
(-0.0001647517 -7.681692e-05 0)
(-0.0001560893 -8.598682e-05 0)
(-0.000146424 -9.471871e-05 0)
(-0.0001357945 -0.0001029478 0)
(-0.0001242485 -0.0001106075 0)
(-0.0001118433 -0.0001176309 0)
(-9.864638e-05 -0.0001239521 0)
(-8.473565e-05 -0.0001295073 0)
(-7.01995e-05 -0.0001342375 0)
(-5.513614e-05 -0.0001380896 0)
(-3.965306e-05 -0.0001410185 0)
(-2.386048e-05 -0.0001429858 0)
(-7.950178e-06 -0.0001428279 0)
(-8.448513e-06 0.0001589362 0)
(-2.535444e-05 0.0001591023 0)
(-4.212932e-05 0.0001568931 0)
(-5.856536e-05 0.0001536062 0)
(-7.45429e-05 0.0001492868 0)
(-8.994593e-05 0.0001439878 0)
(-0.0001046695 0.0001377715 0)
(-0.0001186202 0.000130707 0)
(-0.000131717 0.0001228679 0)
(-0.0001438907 0.0001143303 0)
(-0.000155084 0.0001051707 0)
(-0.0001652503 9.546425e-05 0)
(-0.0001743529 8.52837e-05 0)
(-0.0001823634 7.469824e-05 0)
(-0.0001892606 6.377304e-05 0)
(-0.0001950294 5.2569e-05 0)
(-0.0001996588 4.114289e-05 0)
(-0.0002031417 2.954769e-05 0)
(-0.0002054734 1.783323e-05 0)
(-0.0002066511 6.046972e-06 0)
(-0.0002066732 -5.765102e-06 0)
(-0.0002055393 -1.755747e-05 0)
(-0.0002032501 -2.928406e-05 0)
(-0.0001998076 -4.089726e-05 0)
(-0.0001952157 -5.2347e-05 0)
(-0.0001894807 -6.357995e-05 0)
(-0.0001826126 -7.453891e-05 0)
(-0.0001746259 -8.516238e-05 0)
(-0.0001655411 -9.53845e-05 0)
(-0.0001553858 -0.0001051352 0)
(-0.0001441964 -0.0001143409 0)
(-0.0001320189 -0.0001229252 0)
(-0.0001189106 -0.0001308104 0)
(-0.0001049405 -0.0001379193 0)
(-9.019016e-05 -0.0001441767 0)
(-7.475338e-05 -0.0001495125 0)
(-5.873595e-05 -0.000153863 0)
(-4.225492e-05 -0.0001571742 0)
(-2.543122e-05 -0.0001594 0)
(-8.474292e-06 -0.0001592407 0)
(-9.036358e-06 0.0001764078 0)
(-2.711581e-05 0.0001765709 0)
(-4.504555e-05 0.0001740774 0)
(-6.25971e-05 0.0001703708 0)
(-7.963834e-05 0.0001655054 0)
(-9.604219e-05 0.0001595452 0)
(-0.0001116952 0.0001525648 0)
(-0.0001264979 0.0001446464 0)
(-0.0001403658 0.0001358771 0)
(-0.0001532286 0.0001263459 0)
(-0.0001650298 0.0001161416 0)
(-0.0001757251 0.0001053503 0)
(-0.0001852815 9.405433e-05 0)
(-0.000193675 8.233112e-05 0)
(-0.0002008893 7.025243e-05 0)
(-0.000206914 5.788429e-05 0)
(-0.0002117427 4.528731e-05 0)
(-0.0002153722 3.251712e-05 0)
(-0.0002178009 1.962531e-05 0)
(-0.0002190281 6.660367e-06 0)
(-0.0002190535 -6.331073e-06 0)
(-0.0002178765 -1.9303e-05 0)
(-0.0002154967 -3.22087e-05 0)
(-0.0002119138 -4.499953e-05 0)
(-0.0002071285 -5.762368e-05 0)
(-0.000201143 -7.002513e-05 0)
(-0.0001939628 -8.214285e-05 0)
(-0.0001855973 -9.391015e-05 0)
(-0.0001760622 -0.0001052545 0)
(-0.0001653804 -0.0001160976 0)
(-0.0001535845 -0.0001263561 0)
(-0.0001407181 -0.0001359423 0)
(-0.0001268374 -0.0001447662 0)
(-0.0001120127 -0.0001527373 0)
(-9.632884e-05 -0.0001597669 0)
(-7.988578e-05 -0.0001657711 0)
(-6.279792e-05 -0.0001706738 0)
(-4.519357e-05 -0.0001744097 0)
(-2.720636e-05 -0.0001769232 0)
(-9.066768e-06 -0.0001767683 0)
(-9.699738e-06 0.0001951284 0)
(-2.910289e-05 0.0001952808 0)
(-4.833314e-05 0.0001924683 0)
(-6.713736e-05 0.0001882918 0)
(-8.536852e-05 0.0001828171 0)
(-0.0001028866 0.0001761217 0)
(-0.0001195683 0.0001682955 0)
(-0.0001353079 0.0001594368 0)
(-0.0001500174 0.0001496487 0)
(-0.0001636262 0.0001390356 0)
(-0.0001760797 0.0001277005 0)
(-0.0001873376 0.0001157421 0)
(-0.000197372 0.0001032535 0)
(-0.0002061653 9.032069e-05 0)
(-0.0002137075 7.702233e-05 0)
(-0.0002199945 6.342937e-05 0)
(-0.000225026 4.960566e-05 0)
(-0.0002288037 3.560873e-05 0)
(-0.0002313302 2.149084e-05 0)
(-0.0002326074 7.300372e-06 0)
(-0.0002326365 -6.916668e-06 0)
(-0.0002314169 -2.111507e-05 0)
(-0.0002289466 -3.524877e-05 0)
(-0.0002252226 -4.926924e-05 0)
(-0.0002202413 -6.312398e-05 0)
(-0.0002139999 -7.675514e-05 0)
(-0.0002064976 -9.009839e-05 0)
(-0.0001977376 -0.0001030821 0)
(-0.0001877286 -0.000115627 0)
(-0.0001764874 -0.0001276458 0)
(-0.000164041 -0.0001390443 0)
(-0.0001504291 -0.0001497222 0)
(-0.0001357056 -0.000159575 0)
(-0.0001199412 -0.0001684964 0)
(-0.0001032239 -0.0001763813 0)
(-8.566029e-05 -0.0001831294 0)
(-6.737453e-05 -0.000188649 0)
(-4.850818e-05 -0.0001928608 0)
(-2.921006e-05 -0.0001956975 0)
(-9.735741e-06 -0.0001955551 0)
(-1.044836e-05 0.0002152582 0)
(-3.134447e-05 0.0002153896 0)
(-5.203868e-05 0.0002122156 0)
(-7.224829e-05 0.0002075082 0)
(-9.180844e-05 0.0002013474 0)
(-0.0001105638 0.0001938279 0)
(-0.0001283801 0.0001850583 0)
(-0.0001451448 0.0001751569 0)
(-0.000160767 0.000164246 0)
(-0.0001751768 0.0001524486 0)
(-0.0001883233 0.0001398842 0)
(-0.0002001721 0.0001266657 0)
(-0.0002107029 0.0001128983 0)
(-0.0002199061 9.867733e-05 0)
(-0.0002277807 8.408814e-05 0)
(-0.0002343306 6.920629e-05 0)
(-0.0002395633 5.409813e-05 0)
(-0.000243487 3.882192e-05 0)
(-0.0002461092 2.342932e-05 0)
(-0.0002474356 7.96708e-06 0)
(-0.0002474689 -7.521022e-06 0)
(-0.0002462086 -2.299222e-05 0)
(-0.0002436509 -3.840268e-05 0)
(-0.000239789 -5.370555e-05 0)
(-0.0002346144 -6.884896e-05 0)
(-0.0002281174 -8.377436e-05 0)
(-0.0002202898 -9.841496e-05 0)
(-0.0002111259 -0.0001126946 0)
(-0.0002006258 -0.000126527 0)
(-0.0001887977 -0.0001398157 0)
(-0.0001756609 -0.0001524544 0)
(-0.0001612488 -0.0001643281 0)
(-0.0001456116 -0.0001753155 0)
(-0.000128819 -0.0001852915 0)
(-0.0001109619 -0.0001941312 0)
(-9.21535e-05 -0.0002017141 0)
(-7.252931e-05 -0.0002079291 0)
(-5.224639e-05 -0.0002126792 0)
(-3.147176e-05 -0.0002158826 0)
(-1.049114e-05 -0.0002157634 0)
(-1.129414e-05 0.0002369787 0)
(-3.387583e-05 0.0002370753 0)
(-5.621909e-05 0.0002334876 0)
(-7.800556e-05 0.0002281745 0)
(-9.904886e-05 0.0002212341 0)
(-0.0001191757 0.0002127827 0)
(-0.0001382393 0.0002029528 0)
(-0.0001561202 0.0001918869 0)
(-0.0001727257 0.0001797312 0)
(-0.0001879881 0.0001666305 0)
(-0.0002018626 0.0001527237 0)
(-0.0002143234 0.0001381404 0)
(-0.0002253604 0.0001229988 0)
(-0.0002349755 0.000107404 0)
(-0.0002431785 9.144818e-05 0)
(-0.0002499845 7.521083e-05 0)
(-0.0002554103 5.875966e-05 0)
(-0.0002594725 4.215223e-05 0)
(-0.000262185 2.543786e-05 0)
(-0.0002635578 8.6598e-06 0)
(-0.0002635958 -8.142418e-06 0)
(-0.0002622986 -2.49305e-05 0)
(-0.00025966 -4.16649e-05 0)
(-0.0002556689 -5.830231e-05 0)
(-0.0002503101 -7.479326e-05 0)
(-0.0002435659 -9.107997e-05 0)
(-0.0002354178 -0.0001070943 0)
(-0.0002258496 -0.0001227563 0)
(-0.0002148497 -0.0001379729 0)
(-0.0002024147 -0.0001526377 0)
(-0.0001885534 -0.0001666311 0)
(-0.0001732902 -0.0001798216 0)
(-0.000156669 -0.0001920679 0)
(-0.0001387569 -0.0002032227 0)
(-0.0001196466 -0.0002131367 0)
(-9.945814e-05 -0.0002216644 0)
(-7.833964e-05 -0.0002286703 0)
(-5.646646e-05 -0.0002340354 0)
(-3.40276e-05 -0.0002376589 0)
(-1.134517e-05 -0.0002375775 0)
(-1.225182e-05 0.0002604979 0)
(-3.674057e-05 0.0002605408 0)
(-6.094448e-05 0.0002564748 0)
(-8.450181e-05 0.0002504636 0)
(-0.0001072002 0.0002426289 0)
(-0.000128845 0.0002331147 0)
(-0.0001492759 0.0002220834 0)
(-0.0001683664 0.0002097078 0)
(-0.0001860234 0.0001961632 0)
(-0.0002021843 0.0001816208 0)
(-0.0002168133 0.0001662424 0)
(-0.0002298971 0.0001501762 0)
(-0.0002414394 0.0001335548 0)
(-0.0002514567 0.0001164937 0)
(-0.0002599738 9.909159e-05 0)
(-0.0002670192 8.143066e-05 0)
(-0.0002726219 6.357854e-05 0)
(-0.0002768088 4.559023e-05 0)
(-0.0002796017 2.751054e-05 0)
(-0.0002810159 9.376834e-06 0)
(-0.0002810592 -8.778077e-06 0)
(-0.0002797311 -2.692291e-05 0)
(-0.0002770227 -4.502487e-05 0)
(-0.0002729174 -6.30466e-05 0)
(-0.000267392 -8.094326e-05 0)
(-0.0002604185 -9.865975e-05 0)
(-0.0002519661 -0.0001161282 0)
(-0.0002420045 -0.0001332658 0)
(-0.0002305072 -0.0001499732 0)
(-0.0002174559 -0.0001661337 0)
(-0.0002028448 -0.0001816132 0)
(-0.0001866856 -0.0001962611 0)
(-0.0001690127 -0.000209913 0)
(-0.0001498877 -0.0002223946 0)
(-0.0001294036 -0.000233527 0)
(-0.0001076872 -0.0002431336 0)
(-8.490037e-05 -0.000251048 0)
(-6.12402e-05 -0.0002571227 0)
(-3.692227e-05 -0.0002612326 0)
(-1.231296e-05 -0.0002612084 0)
(-1.333981e-05 0.0002860563 0)
(-3.999301e-05 0.0002860204 0)
(-6.630182e-05 0.000281395 0)
(-9.185141e-05 0.0002745708 0)
(-0.0001163977 0.0002657001 0)
(-0.0001397212 0.0002549625 0)
(-0.0001616463 0.0002425587 0)
(-0.0001820404 0.0002286994 0)
(-0.0002008126 0.0002135957 0)
(-0.0002179089 0.0001974504 0)
(-0.0002333072 0.0001804521 0)
(-0.000247011 0.0001627703 0)
(-0.0002590429 0.0001445533 0)
(-0.0002694386 0.0001259271 0)
(-0.0002782416 0.0001069958 0)
(-0.0002854975 8.784321e-05 0)
(-0.0002912508 6.853473e-05 0)
(-0.0002955405 4.912036e-05 0)
(-0.0002983984 2.963767e-05 0)
(-0.0002998464 1.011522e-05 0)
(-0.0002998956 -9.423927e-06 0)
(-0.0002985454 -2.89586e-05 0)
(-0.0002957837 -4.846578e-05 0)
(-0.0002915873 -6.791705e-05 0)
(-0.0002859232 -8.727496e-05 0)
(-0.0002787508 -0.0001064896 0)
(-0.0002700239 -0.0001254954 0)
(-0.0002596947 -0.0001442084 0)
(-0.0002477176 -0.0001625237 0)
(-0.0002340547 -0.0001803143 0)
(-0.0002186807 -0.0001974301 0)
(-0.00020159 -0.0002136993 0)
(-0.0001828026 -0.0002289302 0)
(-0.000162371 -0.0002429162 0)
(-0.0001403855 -0.000255442 0)
(-0.0001169791 -0.0002662917 0)
(-9.232872e-05 -0.0002752598 0)
(-6.665686e-05 -0.0002821621 0)
(-4.021152e-05 -0.0002868417 0)
(-1.34134e-05 -0.0002869009 0)
(-1.458134e-05 0.0003139356 0)
(-4.37015e-05 0.0003137866 0)
(-7.24001e-05 0.0003084994 0)
(-0.0001001967 0.0003007178 0)
(-0.0001268084 0.0002906345 0)
(-0.0001519865 0.0002784756 0)
(-0.0001755391 0.0002644905 0)
(-0.0001973295 0.0002489382 0)
(-0.0002172724 0.0002320735 0)
(-0.0002353278 0.0002141374 0)
(-0.0002514934 0.0001953496 0)
(-0.0002657959 0.0001759036 0)
(-0.0002782826 0.0001559645 0)
(-0.0002890142 0.0001356683 0)
(-0.0002980577 0.0001151235 0)
(-0.0003054802 9.44131e-05 0)
(-0.0003113448 7.35978e-05 0)
(-0.0003157059 5.271941e-05 0)
(-0.0003186068 3.180489e-05 0)
(-0.0003200775 1.087042e-05 0)
(-0.000320133 -1.007435e-05 0)
(-0.0003187729 -3.102204e-05 0)
(-0.0003159811 -5.196316e-05 0)
(-0.0003117265 -7.28818e-05 0)
(-0.0003059646 -9.375136e-05 0)
(-0.0002986389 -0.0001145303 0)
(-0.0002896849 -0.0001351582 0)
(-0.0002790328 -0.000155552 0)
(-0.0002666131 -0.000175603 0)
(-0.0002523623 -0.0001951739 0)
(-0.0002362297 -0.0002140981 0)
(-0.0002181857 -0.0002321796 0)
(-0.0001982297 -0.0002491952 0)
(-0.0001763995 -0.0002648994 0)
(-0.0001527791 -0.0002790318 0)
(-0.000127505 -0.0002913276 0)
(-0.0001007708 -0.0003015308 0)
(-7.282839e-05 -0.000309409 0)
(-4.396564e-05 -0.0003147637 0)
(-1.467038e-05 -0.000314942 0)
(-1.600601e-05 0.0003444692 0)
(-4.795297e-05 0.0003441605 0)
(-7.937718e-05 0.0003380806 0)
(-0.0001097163 0.0003291584 0)
(-0.00013864 0.0003176404 0)
(-0.0001658652 0.000303814 0)
(-0.0001911836 0.000287992 0)
(-0.0002144575 0.0002704936 0)
(-0.0002356134 0.000251628 0)
(-0.0002546328 0.0002316817 0)
(-0.000271541 0.0002109107 0)
(-0.0002863961 0.0001895348 0)
(-0.0002992782 0.0001677363 0)
(-0.0003102796 0.0001456607 0)
(-0.0003194967 0.0001234185 0)
(-0.0003270232 0.000101089 0)
(-0.0003329444 7.872466e-05 0)
(-0.0003373334 5.63551e-05 0)
(-0.0003402474 3.399239e-05 0)
(-0.0003417256 1.163602e-05 0)
(-0.000341788 -1.072207e-05 0)
(-0.0003404342 -3.309251e-05 0)
(-0.0003376434 -5.548363e-05 0)
(-0.0003333755 -7.78964e-05 0)
(-0.0003275717 -0.0001003194 0)
(-0.0003201576 -0.0001227238 0)
(-0.0003110456 -0.0001450577 0)
(-0.0003001394 -0.0001672423 0)
(-0.0002873395 -0.0001891669 0)
(-0.0002725498 -0.0002106856 0)
(-0.0002556864 -0.0002316146 0)
(-0.0002366871 -0.0002517312 0)
(-0.0002155224 -0.0002707759 0)
(-0.0001922076 -0.0002884566 0)
(-0.0001668138 -0.0003044577 0)
(-0.0001394781 -0.0003184521 0)
(-0.0001104101 -0.0003301185 0)
(-7.989665e-05 -0.0003391613 0)
(-4.827413e-05 -0.0003453259 0)
(-1.61144e-05 -0.0003456718 0)
(-1.765204e-05 0.0003780567 0)
(-5.285928e-05 0.0003775247 0)
(-8.740939e-05 0.0003704826 0)
(-0.0001206368 0.0003601847 0)
(-0.0001521528 0.0003469504 0)
(-0.0001816349 0.0003311485 0)
(-0.0002088595 0.0003131739 0)
(-0.0002336935 0.0002934226 0)
(-0.0002560842 0.0002722704 0)
(-0.0002760451 0.0002500582 0)
(-0.0002936404 0.0002270831 0)
(-0.0003089702 0.0002035936 0)
(-0.0003221566 0.000179789 0)
(-0.0003333321 0.000155822 0)
(-0.0003426294 0.0001318024 0)
(-0.0003501741 0.0001078016 0)
(-0.0003560787 8.385848e-05 0)
(-0.0003604381 5.998538e-05 0)
(-0.0003633259 3.617445e-05 0)
(-0.0003647919 1.240358e-05 0)
(-0.0003648616 -1.135784e-05 0)
(-0.0003635345 -3.514339e-05 0)
(-0.000360785 -5.898406e-05 0)
(-0.0003565623 -8.29027e-05 0)
(-0.0003507919 -0.0001069082 0)
(-0.0003433772 -0.0001309894 0)
(-0.0003342034 -0.0001551088 0)
(-0.000323142 -0.0001791961 0)
(-0.0003100564 -0.0002031419 0)
(-0.00029481 -0.0002267936 0)
(-0.0002772753 -0.0002499507 0)
(-0.000257347 -0.0002723622 0)
(-0.0002349551 -0.000293727 0)
(-0.0002100813 -0.0003136978 0)
(-0.0001827745 -0.0003318907 0)
(-0.0001531659 -0.0003479 0)
(-0.00012148 -0.0003613196 0)
(-8.80434e-05 -0.0003717694 0)
(-5.325244e-05 -0.0003789189 0)
(-1.778493e-05 -0.0003794989 0)
(-1.956948e-05 0.0004151841 0)
(-5.856635e-05 0.0004143404 0)
(-9.672495e-05 0.0004061139 0)
(-0.0001332485 0.0003941353 0)
(-0.0001676762 0.0003788238 0)
(-0.0001996416 0.0003606576 0)
(-0.0002289095 0.0003401393 0)
(-0.0002553611 0.0003177617 0)
(-0.0002789778 0.0002939825 0)
(-0.00029982 0.0002692066 0)
(-0.0003180056 0.0002437772 0)
(-0.0003336902 0.0002179724 0)
(-0.0003470498 0.0001920074 0)
(-0.0003582663 0.0001660395 0)
(-0.0003675171 0.0001401716 0)
(-0.0003749671 0.0001144607 0)
(-0.0003807607 8.892586e-05 0)
(-0.0003850174 6.355611e-05 0)
(-0.0003878292 3.831799e-05 0)
(-0.0003892579 1.31622e-05 0)
(-0.000389335 -1.197002e-05 0)
(-0.0003880604 -3.714072e-05 0)
(-0.0003854027 -6.240922e-05 0)
(-0.0003812996 -8.782587e-05 0)
(-0.0003756584 -0.0001134257 0)
(-0.0003683582 -0.0001392213 0)
(-0.0003592523 -0.0001651959 0)
(-0.0003481725 -0.0001912946 0)
(-0.000334937 -0.0002174159 0)
(-0.0003193587 -0.0002434035 0)
(-0.000301255 -0.0002690417 0)
(-0.0002804633 -0.0002940501 0)
(-0.0002568579 -0.0003180815 0)
(-0.0002303713 -0.0003407237 0)
(-0.0002010161 -0.0003615095 0)
(-0.0001689071 -0.0003799334 0)
(-0.0001342795 -0.0003954782 0)
(-9.750434e-05 -0.0004076502 0)
(-5.905144e-05 -0.0004160147 0)
(-1.973375e-05 -0.0004169209 0)
(-2.182495e-05 0.0004564502 0)
(-6.526723e-05 0.0004551712 0)
(-0.0001076231 0.0004454645 0)
(-0.000147927 0.000431404 0)
(-0.0001856304 0.0004135484 0)
(-0.0002203193 0.0003925242 0)
(-0.0002517554 0.0003689746 0)
(-0.0002798503 0.0003435157 0)
(-0.0003046393 0.0003167043 0)
(-0.0003262504 0.0002890193 0)
(-0.0003448747 0.000260854 0)
(-0.00036074 0.0002325167 0)
(-0.0003740895 0.000204236 0)
(-0.0003851679 0.0001761651 0)
(-0.0003942081 0.0001483915 0)
(-0.0004014198 0.00012095 0)
(-0.0004069833 9.383268e-05 0)
(-0.000411046 6.699832e-05 0)
(-0.0004137198 4.038104e-05 0)
(-0.00041508 1.389786e-05 0)
(-0.0004151645 -1.25443e-05 0)
(-0.0004139737 -3.904209e-05 0)
(-0.0004114702 -6.568934e-05 0)
(-0.0004075788 -9.257046e-05 0)
(-0.0004021874 -0.0001197535 0)
(-0.0003951475 -0.0001472822 0)
(-0.0003862767 -0.0001751675 0)
(-0.0003753619 -0.0002033781 0)
(-0.0003621654 -0.0002318291 0)
(-0.0003464358 -0.00026037 0)
(-0.0003279219 -0.0002887731 0)
(-0.0003063868 -0.0003167283 0)
(-0.0002816287 -0.0003438385 0)
(-0.0002535094 -0.0003696172 0)
(-0.0002219842 -0.0003934958 0)
(-0.0001871346 -0.0004148426 0)
(-0.0001491968 -0.0004329947 0)
(-0.0001085892 -0.0004473041 0)
(-6.587129e-05 -0.0004571906 0)
(-2.202999e-05 -0.0004585526 0)
(-2.450871e-05 0.0005026051 0)
(-7.322169e-05 0.0005007147 0)
(-0.0001205016 0.0004891274 0)
(-0.0001651645 0.0004724508 0)
(-0.000206556 0.0004514409 0)
(-0.0002442154 0.0004269265 0)
(-0.0002779179 0.000399736 0)
(-0.0003076314 0.0003706405 0)
(-0.0003334742 0.0003403156 0)
(-0.0003556703 0.0003093236 0)
(-0.0003745083 0.0002781116 0)
(-0.0003903081 0.0002470168 0)
(-0.0004034014 0.0002162688 0)
(-0.0004141109 0.0001860051 0)
(-0.0004227322 0.0001562887 0)
(-0.0004295259 0.0001271223 0)
(-0.0004347123 9.846171e-05 0)
(-0.0004384691 7.022693e-05 0)
(-0.0004409296 4.231197e-05 0)
(-0.0004421833 1.459315e-05 0)
(-0.0004422749 -1.306357e-05 0)
(-0.0004412054 -4.079597e-05 0)
(-0.0004389311 -6.873903e-05 0)
(-0.0004353637 -9.701835e-05 0)
(-0.0004303701 -0.0001257427 0)
(-0.0004237723 -0.0001549958 0)
(-0.0004153483 -0.000184826 0)
(-0.0004048341 -0.0002152354 0)
(-0.000391929 -0.0002461657 0)
(-0.0003763026 -0.0002774839 0)
(-0.0003576133 -0.0003089635 0)
(-0.0003355287 -0.0003402677 0)
(-0.0003097469 -0.0003709459 0)
(-0.0002800286 -0.0004004281 0)
(-0.0002462415 -0.000428025 0)
(-0.000208406 -0.0004529459 0)
(-0.0001667411 -0.0004743365 0)
(-0.0001217106 -0.0004913381 0)
(-7.398205e-05 -0.0005031632 0)
(-2.47676e-05 -0.0005051657 0)
(-2.774585e-05 0.0005546047 0)
(-8.27857e-05 0.0005518465 0)
(-0.0001358972 0.0005378276 0)
(-0.0001856134 0.0005178128 0)
(-0.0002311548 0.0004928426 0)
(-0.0002720242 0.0004640237 0)
(-0.0003080413 0.0004324279 0)
(-0.0003392707 0.0003990191 0)
(-0.0003659562 0.000364612 0)
(-0.0003884544 0.000329862 0)
(-0.0004071815 0.0002952725 0)
(-0.0004225828 0.0002611919 0)
(-0.0004351012 0.0002278354 0)
(-0.0004451481 0.0001953123 0)
(-0.000453091 0.0001636467 0)
(-0.0004592468 0.0001327967 0)
(-0.0004638787 0.0001026704 0)
(-0.0004671957 7.313933e-05 0)
(-0.0004693536 4.40488e-05 0)
(-0.0004704555 1.522703e-05 0)
(-0.0004705536 -1.350779e-05 0)
(-0.0004696492 -4.234114e-05 0)
(-0.0004676925 -7.145603e-05 0)
(-0.0004645825 -0.0001010267 0)
(-0.0004601648 -0.0001312112 0)
(-0.0004542308 -0.000162143 0)
(-0.0004465163 -0.0001939198 0)
(-0.0004367016 -0.00022659 0)
(-0.0004244139 -0.0002601368 0)
(-0.0004092335 -0.0002944579 0)
(-0.0003907057 -0.0003293442 0)
(-0.0003683692 -0.0003644511 0)
(-0.0003417891 -0.0003992742 0)
(-0.0003105885 -0.0004331504 0)
(-0.0002745021 -0.00046525 0)
(-0.0002334462 -0.0004945849 0)
(-0.000187589 -0.0005200491 0)
(-0.0001374272 -0.0005404943 0)
(-8.375508e-05 -0.0005548333 0)
(-2.807732e-05 -0.0005577467 0)
(-3.171457e-05 0.0006136911 0)
(-9.445767e-05 0.0006096812 0)
(-0.0001545466 0.0005924584 0)
(-0.0002101495 0.0005681135 0)
(-0.0002603451 0.0005381083 0)
(-0.0003046301 0.0005039305 0)
(-0.0003429225 0.00046697 0)
(-0.0003754473 0.000428426 0)
(-0.0004026313 0.0003892725 0)
(-0.0004250098 0.0003502717 0)
(-0.0004431784 0.0003119586 0)
(-0.0004577452 0.0002746706 0)
(-0.000469281 0.0002385904 0)
(-0.0004782996 0.0002037783 0)
(-0.0004852478 0.0001702009 0)
(-0.0004905021 0.0001377556 0)
(-0.0004943697 0.0001062895 0)
(-0.0004970907 7.561459e-05 0)
(-0.0004988419 4.551875e-05 0)
(-0.0004997399 1.57746e-05 0)
(-0.0004998431 -1.385403e-05 0)
(-0.0004991537 -4.360656e-05 0)
(-0.0004976166 -7.372062e-05 0)
(-0.0004951189 -0.0001044265 0)
(-0.0004914865 -0.0001359406 0)
(-0.0004864808 -0.0001684571 0)
(-0.0004797952 -0.0002021364 0)
(-0.0004710512 -0.0002370901 0)
(-0.0004597969 -0.0002733616 0)
(-0.00044551 -0.0003109017 0)
(-0.0004276065 -0.0003495378 0)
(-0.0004054588 -0.0003889407 0)
(-0.0003784462 -0.0004285798 0)
(-0.0003460044 -0.0004676876 0)
(-0.000307676 -0.000505274 0)
(-0.0002632051 -0.0005401111 0)
(-0.0002126506 -0.0005707646 0)
(-0.0001565074 -0.0005956884 0)
(-9.571232e-05 -0.0006133507 0)
(-3.21462e-05 -0.0006175813 0)
(-3.667748e-05 0.0006815147 0)
(-0.0001089525 0.0006756566 0)
(-0.0001774774 0.0006541276 0)
(-0.0002399635 0.0006240679 0)
(-0.0002953377 0.0005875814 0)
(-0.0003431625 0.0005466741 0)
(-0.0003835458 0.0005031464 0)
(-0.0004169681 0.0004584745 0)
(-0.0004441105 0.0004138287 0)
(-0.0004657683 0.0003700474 0)
(-0.0004827825 0.0003276631 0)
(-0.0004959509 0.0002869753 0)
(-0.0005059935 0.0002481023 0)
(-0.0005135376 0.000211027 0)
(-0.0005191137 0.0001756348 0)
(-0.0005231582 0.000141743 0)
(-0.0005260197 0.0001091223 0)
(-0.0005279665 7.751361e-05 0)
(-0.0005291935 4.663852e-05 0)
(-0.0005298283 1.620715e-05 0)
(-0.0005299348 -1.407673e-05 0)
(-0.0005295157 -4.451185e-05 0)
(-0.0005285125 -7.53961e-05 0)
(-0.0005268025 -0.0001070227 0)
(-0.0005241954 -0.0001396752 0)
(-0.0005204265 -0.0001736202 0)
(-0.0005151492 -0.0002090959 0)
(-0.0005079269 -0.0002462971 0)
(-0.0004982255 -0.0002853521 0)
(-0.0004854097 -0.0003262936 0)
(-0.0004687448 -0.0003690196 0)
(-0.0004474112 -0.0004132455 0)
(-0.000420536 -0.0004584501 0)
(-0.0003872828 -0.0005037981 0)
(-0.0003469256 -0.0005481038 0)
(-0.0002989368 -0.0005898584 0)
(-0.0002431663 -0.0006272048 0)
(-0.0001800273 -0.0006580568 0)
(-0.0001106057 -0.0006802016 0)
(-3.725157e-05 -0.0006863849 0)
(-4.303865e-05 0.0007603275 0)
(-0.0001273242 0.00075165 0)
(-0.0002061488 0.0007242163 0)
(-0.0002766957 0.0006864719 0)
(-0.0003377387 0.0006415443 0)
(-0.0003890651 0.0005921232 0)
(-0.0004311221 0.0005405228 0)
(-0.0004647649 0.0004885676 0)
(-0.0004910583 0.0004376072 0)
(-0.0005111754 0.0003884965 0)
(-0.0005262505 0.0003417248 0)
(-0.000537306 0.0002975038 0)
(-0.0005452293 0.0002558427 0)
(-0.000550767 0.0002166098 0)
(-0.0005545318 0.0001795791 0)
(-0.0005570147 0.0001444653 0)
(-0.0005585991 0.0001109465 0)
(-0.0005595745 7.86808e-05 0)
(-0.0005601484 4.731534e-05 0)
(-0.0005604551 1.649246e-05 0)
(-0.0005605621 -1.414828e-05 0)
(-0.000560473 -4.496862e-05 0)
(-0.0005601275 -7.63308e-05 0)
(-0.000559398 -0.0001085962 0)
(-0.0005580839 -0.0001421234 0)
(-0.0005559015 -0.0001772627 0)
(-0.0005524722 -0.0002143471 0)
(-0.0005473073 -0.0002536765 0)
(-0.0005397935 -0.0002954949 0)
(-0.0005291775 -0.0003399554 0)
(-0.0005145584 -0.000387073 0)
(-0.0004948893 -0.0004366612 0)
(-0.0004689988 -0.0004882527 0)
(-0.0004356582 -0.0005410073 0)
(-0.0003937363 -0.0005935728 0)
(-0.0003423062 -0.0006440872 0)
(-0.0002808491 -0.0006901669 0)
(-0.0002095201 -0.0007290158 0)
(-0.0001295498 -0.000757331 0)
(-4.382306e-05 -0.0007665086 0)
(-5.145322e-05 0.0008532873 0)
(-0.0001511767 0.0008401314 0)
(-0.0002426703 0.0008044456 0)
(-0.0003226353 0.0007561584 0)
(-0.0003896863 0.0007001252 0)
(-0.0004441839 0.0006398662 0)
(-0.0004871013 0.0005783517 0)
(-0.0005198837 0.0005178082 0)
(-0.0005441816 0.0004596531 0)
(-0.0005616507 0.0004046946 0)
(-0.0005737752 0.000353298 0)
(-0.000581833 0.0003055136 0)
(-0.0005868876 0.0002611805 0)
(-0.0005898012 0.0002200046 0)
(-0.0005912582 0.0001816142 0)
(-0.0005917908 0.0001455958 0)
(-0.0005918042 0.0001115184 0)
(-0.0005915977 7.894753e-05 0)
(-0.0005913819 4.74498e-05 0)
(-0.0005912919 1.659585e-05 0)
(-0.0005913958 -1.404023e-05 0)
(-0.0005916983 -4.488359e-05 0)
(-0.00059214 -7.636191e-05 0)
(-0.0005925951 -0.0001089083 0)
(-0.0005928619 -0.0001429623 0)
(-0.0005926502 -0.0001789673 0)
(-0.000591563 -0.000217367 0)
(-0.0005890747 -0.0002585919 0)
(-0.0005845044 -0.0003030362 0)
(-0.0005769878 -0.0003510223 0)
(-0.0005654506 -0.0004027451 0)
(-0.0005485909 -0.0004581931 0)
(-0.0005248821 -0.0005170407 0)
(-0.000492603 -0.0005785123 0)
(-0.0004500056 -0.0006412096 0)
(-0.0003955309 -0.0007028819 0)
(-0.000328095 -0.000760471 0)
(-0.0002472094 -0.0008103283 0)
(-0.0001542503 -0.000847302 0)
(-5.256294e-05 -0.0008612696 0)
(-6.303849e-05 0.0009650828 0)
(-0.0001830261 0.0009443838 0)
(-0.0002901379 0.0008969555 0)
(-0.0003810161 0.0008338834 0)
(-0.0004540309 0.0007631259 0)
(-0.0005108384 0.0006890069 0)
(-0.0005531799 0.0006154395 0)
(-0.0005834635 0.0005448641 0)
(-0.000604172 0.0004786524 0)
(-0.0006175304 0.0004174344 0)
(-0.0006254315 0.0003613253 0)
(-0.0006294236 0.0003101106 0)
(-0.0006307383 0.0002633808 0)
(-0.0006303333 0.0002206227 0)
(-0.0006289406 0.0001812786 0)
(-0.0006271105 0.0001447839 0)
(-0.0006252474 0.0001105842 0)
(-0.0006236432 7.81425e-05 0)
(-0.0006225001 4.69417e-05 0)
(-0.0006219451 1.648194e-05 0)
(-0.0006220416 -1.372517e-05 0)
(-0.0006227947 -4.416453e-05 0)
(-0.0006241522 -7.532606e-05 0)
(-0.0006259984 -0.0001077131 0)
(-0.0006281429 -0.0001418483 0)
(-0.0006303063 -0.0001782778 0)
(-0.0006320968 -0.0002175696 0)
(-0.0006329765 -0.0002603068 0)
(-0.0006322239 -0.0003070735 0)
(-0.0006288864 -0.0003584182 0)
(-0.0006217292 -0.0004147962 0)
(-0.0006091848 -0.0004764782 0)
(-0.000589318 -0.0005434134 0)
(-0.0005598273 -0.0006150363 0)
(-0.0005181062 -0.0006900253 0)
(-0.0004615677 -0.0007659608 0)
(-0.0003882956 -0.0008388282 0)
(-0.0002963719 -0.0009041774 0)
(-0.000187402 -0.0009535181 0)
(-6.46811e-05 -0.0009756085 0)
(-7.989227e-05 0.001102087 0)
(-0.0002270625 0.001068505 0)
(-0.0003531877 0.00100429 0)
(-0.0004564651 0.0009200569 0)
(-0.0005345625 0.0008296687 0)
(-0.0005918702 0.0007379705 0)
(-0.0006312439 0.0006499081 0)
(-0.0006566708 0.0005678237 0)
(-0.0006716113 0.0004928389 0)
(-0.0006789779 0.0004251765 0)
(-0.000681099 0.0003645188 0)
(-0.0006797775 0.0003102509 0)
(-0.0006763755 0.0002616178 0)
(-0.0006719035 0.0002178234 0)
(-0.000667097 0.0001780905 0)
(-0.0006624851 0.0001416781 0)
(-0.0006584456 0.0001078948 0)
(-0.0006552402 7.60989e-05 0)
(-0.0006530424 4.569366e-05 0)
(-0.0006519588 1.611578e-05 0)
(-0.0006520423 -1.317786e-05 0)
(-0.0006532991 -4.272392e-05 0)
(-0.0006556886 -7.306665e-05 0)
(-0.0006591173 -0.0001047719 0)
(-0.0006634267 -0.0001384409 0)
(-0.0006683715 -0.0001747231 0)
(-0.000673592 -0.0002143222 0)
(-0.0006785785 -0.0002579989 0)
(-0.0006826157 -0.0003065589 0)
(-0.0006847105 -0.0003608395 0)
(-0.0006835107 -0.0004216532 0)
(-0.0006772081 -0.0004896923 0)
(-0.0006634402 -0.0005653713 0)
(-0.0006392151 -0.0006485788 0)
(-0.0006009303 -0.0007383033 0)
(-0.0005443342 -0.0008322834 0)
(-0.0004663114 -0.0009255378 0)
(-0.0003619242 -0.001013152 0)
(-0.0002335071 -0.001080254 0)
(-8.245591e-05 -0.00111641 0)
(-0.000105459 0.001279229 0)
(-0.0002896853 0.001219048 0)
(-0.0004386022 0.001130013 0)
(-0.0005556383 0.001014233 0)
(-0.0006361165 0.0008977545 0)
(-0.000690599 0.0007840882 0)
(-0.0007233266 0.0006788946 0)
(-0.0007405327 0.000584018 0)
(-0.0007468193 0.0004998992 0)
(-0.0007458506 0.000426014 0)
(-0.0007403571 0.0003613631 0)
(-0.0007323247 0.00030476 0)
(-0.0007231658 0.0002550032 0)
(-0.0007138606 0.0002109582 0)
(-0.0007050859 0.0001715834 0)
(-0.0006973062 0.0001359457 0)
(-0.0006908266 0.0001032174 0)
(-0.0006858443 7.266268e-05 0)
(-0.0006824832 4.36167e-05 0)
(-0.0006808167 1.546492e-05 0)
(-0.0006808813 -1.237724e-05 0)
(-0.0006826835 -4.04846e-05 0)
(-0.0006862002 -6.944216e-05 0)
(-0.0006913726 -9.986555e-05 0)
(-0.000698094 -0.000132422 0)
(-0.0007061876 -0.0001678522 0)
(-0.0007153726 -0.0002069927 0)
(-0.0007252131 -0.0002507935 0)
(-0.0007350644 -0.000300324 0)
(-0.0007439807 -0.0003567643 0)
(-0.0007505819 -0.0004213813 0)
(-0.0007529029 -0.0004954605 0)
(-0.0007482045 -0.0005801381 0)
(-0.0007327594 -0.0006761142 0)
(-0.0007018108 -0.000783155 0)
(-0.000648803 -0.0008996099 0)
(-0.0005691627 -0.001019862 0)
(-0.0004511202 -0.001140753 0)
(-0.0002996133 -0.0012341 0)
(-0.0001097666 -0.001299143 0)
(-0.0001503194 0.001484457 0)
(-0.0003865612 0.001391424 0)
(-0.0005580116 0.001272793 0)
(-0.0006887295 0.001113008 0)
(-0.000764705 0.0009633756 0)
(-0.0008107304 0.0008228135 0)
(-0.0008313142 0.0006981502 0)
(-0.0008356662 0.0005898066 0)
(-0.0008296154 0.0004968971 0)
(-0.000817514 0.0004176738 0)
(-0.0008023531 0.0003501449 0)
(-0.0007861375 0.0002923965 0)
(-0.0007701774 0.0002426692 0)
(-0.0007553233 0.0001994221 0)
(-0.0007421096 0.000161335 0)
(-0.0007308512 0.0001272947 0)
(-0.0007217286 9.635709e-05 0)
(-0.0007148409 6.771034e-05 0)
(-0.0007102402 4.064092e-05 0)
(-0.0007079527 1.4503e-05 0)
(-0.0007079918 -1.13096e-05 0)
(-0.0007103641 -3.738999e-05 0)
(-0.0007150695 -6.434384e-05 0)
(-0.0007220971 -9.281597e-05 0)
(-0.0007314133 -0.0001235189 0)
(-0.0007429422 -0.0001572648 0)
(-0.0007565332 -0.0001950009 0)
(-0.0007719098 -0.0002378498 0)
(-0.0007885865 -0.0002871525 0)
(-0.0008057677 -0.00034449 0)
(-0.0008222068 -0.000411694 0)
(-0.0008359649 -0.0004907919 0)
(-0.0008440938 -0.0005839509 0)
(-0.000842232 -0.0006931745 0)
(-0.0008244257 -0.0008196961 0)
(-0.0007810429 -0.0009635087 0)
(-0.0007074483 -0.001117867 0)
(-0.0005762108 -0.001285705 0)
(-0.0004022856 -0.001410421 0)
(-0.0001578733 -0.00151537 0)
(-0.0002104047 0.001879855 0)
(-0.0005134146 0.001641754 0)
(-0.0007170036 0.001467472 0)
(-0.0008650834 0.001218948 0)
(-0.000926308 0.001022306 0)
(-0.0009558264 0.0008480755 0)
(-0.0009563337 0.0007020291 0)
(-0.0009417859 0.0005805845 0)
(-0.0009189522 0.0004803037 0)
(-0.0008926029 0.0003975802 0)
(-0.0008656345 0.0003291081 0)
(-0.0008398005 0.0002719958 0)
(-0.0008161403 0.0002238433 0)
(-0.0007951947 0.0001827024 0)
(-0.0007772133 0.000147013 0)
(-0.0007622841 0.0001155169 0)
(-0.000750411 8.718677e-05 0)
(-0.0007415605 6.1167e-05 0)
(-0.0007356906 3.672551e-05 0)
(-0.0007327672 1.321309e-05 0)
(-0.0007327742 -9.971434e-06 0)
(-0.0007357177 -3.341364e-05 0)
(-0.0007416262 -5.771331e-05 0)
(-0.0007505477 -8.351581e-05 0)
(-0.0007625429 -0.0001115478 0)
(-0.0007776696 -0.0001426585 0)
(-0.0007959575 -0.0001778699 0)
(-0.0008173646 -0.0002184378 0)
(-0.0008417045 -0.0002659285 0)
(-0.0008685221 -0.0003223123 0)
(-0.0008968837 -0.0003900478 0)
(-0.0009251597 -0.000472142 0)
(-0.000950587 -0.0005721225 0)
(-0.0009685045 -0.0006939278 0)
(-0.0009721429 -0.0008415775 0)
(-0.0009469776 -0.001019708 0)
(-0.0008913275 -0.001222598 0)
(-0.0007437596 -0.001483591 0)
(-0.0005414428 -0.001667576 0)
(-0.0002269848 -0.001922544 0)
(-0.0004032495 0.002096503 0)
(-0.0008140305 0.001795084 0)
(-0.0009806402 0.001589895 0)
(-0.001133931 0.001279138 0)
(-0.001135539 0.001048746 0)
(-0.001131005 0.0008445018 0)
(-0.001098803 0.0006806927 0)
(-0.001057391 0.0005498092 0)
(-0.00101262 0.0004459017 0)
(-0.0009687097 0.0003631471 0)
(-0.0009279375 0.0002966686 0)
(-0.0008914025 0.0002425884 0)
(-0.0008594709 0.0001979417 0)
(-0.0008321536 0.0001604708 0)
(-0.000809295 0.0001284478 0)
(-0.0007906774 0.0001005349 0)
(-0.0007760785 7.567817e-05 0)
(-0.0007653022 5.302676e-05 0)
(-0.0007581941 3.187064e-05 0)
(-0.0007546497 1.15925e-05 0)
(-0.0007546186 -8.371397e-06 0)
(-0.0007581059 -2.856801e-05 0)
(-0.0007651717 -4.95595e-05 0)
(-0.0007759316 -7.195585e-05 0)
(-0.000790556 -9.645606e-05 0)
(-0.0008092643 -0.0001238967 0)
(-0.0008323125 -0.0001553139 0)
(-0.0008599684 -0.0001920262 0)
(-0.0008924609 -0.0002357442 0)
(-0.0009298869 -0.0002887164 0)
(-0.0009720364 -0.0003539204 0)
(-0.00101804 -0.0004353012 0)
(-0.00106588 -0.0005379046 0)
(-0.001111689 -0.0006679101 0)
(-0.001150209 -0.0008317593 0)
(-0.001162106 -0.001037984 0)
(-0.001171291 -0.001270648 0)
(-0.001021467 -0.001601345 0)
(-0.0008562203 -0.001810913 0)
(-0.0004281261 -0.002174168 0)
(-0.0005273164 0.003356631 0)
(-0.001038982 0.00228065 0)
(-0.001232781 0.001963302 0)
(-0.00140668 0.001379535 0)
(-0.001360973 0.001075276 0)
(-0.001323916 0.0008149493 0)
(-0.001251033 0.0006301782 0)
(-0.001176579 0.0004931684 0)
(-0.001105615 0.0003905652 0)
(-0.001041836 0.0003123722 0)
(-0.0009861931 0.0002516407 0)
(-0.0009385273 0.0002035499 0)
(-0.0008982577 0.0001647024 0)
(-0.0008646884 0.0001326687 0)
(-0.000837149 0.0001056822 0)
(-0.0008150535 8.243132e-05 0)
(-0.0007979188 6.19181e-05 0)
(-0.0007853677 4.335949e-05 0)
(-0.0007771245 2.611741e-05 0)
(-0.0007730089 9.647207e-06 0)
(-0.0007729344 -6.539149e-06 0)
(-0.0007769055 -2.291798e-05 0)
(-0.0007850136 -3.998111e-05 0)
(-0.0007974439 -5.825964e-05 0)
(-0.0008144833 -7.837514e-05 0)
(-0.000836527 -0.0001010878 0)
(-0.0008640867 -0.0001273652 0)
(-0.0008977945 -0.0001584798 0)
(-0.0009383941 -0.0001961516 0)
(-0.0009866976 -0.0002427595 0)
(-0.001043468 -0.0003016608 0)
(-0.001109142 -0.0003776818 0)
(-0.001183193 -0.0004779197 0)
(-0.001262349 -0.0006131704 0)
(-0.001342173 -0.0007984867 0)
(-0.001385831 -0.001063918 0)
(-0.001454182 -0.001375703 0)
(-0.001284322 -0.001988353 0)
(-0.00112989 -0.002335842 0)
(-0.000609667 -0.00347564 0)
(-0.001501795 0.003339087 0)
(-0.002235259 0.002230639 0)
(-0.001878901 0.001875605 0)
(-0.002021864 0.001260631 0)
(-0.001699615 0.0009550707 0)
(-0.001575973 0.0006991017 0)
(-0.001420472 0.0005242826 0)
(-0.001296894 0.0003996599 0)
(-0.001193297 0.00030987 0)
(-0.001107505 0.0002436793 0)
(-0.001036623 0.0001937393 0)
(-0.0009781975 0.0001551425 0)
(-0.0009302038 0.0001245804 0)
(-0.0008910214 9.97849e-05 0)
(-0.0008593765 7.91687e-05 0)
(-0.0008342826 6.15932e-05 0)
(-0.0008149888 4.621754e-05 0)
(-0.000800939 3.239874e-05 0)
(-0.0007917404 1.96238e-05 0)
(-0.0007871381 7.461538e-06 0)
(-0.0007870136 -4.475728e-06 0)
(-0.0007913756 -1.654883e-05 0)
(-0.0008003388 -2.913469e-05 0)
(-0.0008141487 -4.265376e-05 0)
(-0.0008332046 -5.759751e-05 0)
(-0.0008580718 -7.457661e-05 0)
(-0.0008895184 -9.438551e-05 0)
(-0.0009285641 -0.0001180975 0)
(-0.0009765444 -0.0001472091 0)
(-0.001035193 -0.0001838638 0)
(-0.001106747 -0.0002311996 0)
(-0.001194075 -0.0002938913 0)
(-0.001301132 -0.0003789501 0)
(-0.001432019 -0.0004969326 0)
(-0.001600728 -0.0006613511 0)
(-0.001739463 -0.0009107308 0)
(-0.002095317 -0.001188673 0)
(-0.001983696 -0.001844638 0)
(-0.002366711 -0.00214672 0)
(-0.001592138 -0.003583522 0)
(-0.001965049 0.007868891 0)
(-0.002640591 0.002624636 0)
(-0.002238154 0.002170499 0)
(-0.002314838 0.001132665 0)
(-0.001890612 0.0007743609 0)
(-0.001711628 0.0005238236 0)
(-0.001500908 0.0003684785 0)
(-0.00133752 0.000269469 0)
(-0.001205609 0.0002030294 0)
(-0.00110027 0.0001566028 0)
(-0.001015812 0.0001228848 0)
(-0.0009478584 9.752333e-05 0)
(-0.0008930845 7.782845e-05 0)
(-0.0008490083 6.207529e-05 0)
(-0.0008137878 4.911617e-05 0)
(-0.0007860616 3.815859e-05 0)
(-0.0007648309 2.863388e-05 0)
(-0.0007493754 2.011684e-05 0)
(-0.0007391954 1.227406e-05 0)
(-0.0007339756 4.828607e-06 0)
(-0.0007335507 -2.470164e-06 0)
(-0.0007379059 -9.851445e-06 0)
(-0.0007471832 -1.754164e-05 0)
(-0.0007616732 -2.58094e-05 0)
(-0.0007818414 -3.496941e-05 0)
(-0.0008083716 -4.541607e-05 0)
(-0.0008422188 -5.767131e-05 0)
(-0.0008846901 -7.245885e-05 0)
(-0.0009375594 -9.082746e-05 0)
(-0.001003218 -0.0001143652 0)
(-0.001084859 -0.0001455853 0)
(-0.001186619 -0.0001886416 0)
(-0.001313533 -0.0002506534 0)
(-0.001468219 -0.0003442287 0)
(-0.001673031 -0.0004909502 0)
(-0.001818649 -0.0007421302 0)
(-0.00227396 -0.00109294 0)
(-0.002077264 -0.00218108 0)
(-0.002649747 -0.002764191 0)
(-0.001633614 -0.00826903 0)
(0.008614564 0.007041745 0)
(0.007570055 0.001966318 0)
(0.01216846 0.001519415 0)
(0.01230876 0.0006613078 0)
(0.0134156 0.0003916034 0)
(0.01378669 0.0002352156 0)
(0.0141064 0.000149777 0)
(0.01432902 0.0001026756 0)
(0.01449153 7.420443e-05 0)
(0.01461425 5.582124e-05 0)
(0.01470914 4.317257e-05 0)
(0.01478374 3.398347e-05 0)
(0.01484298 2.700064e-05 0)
(0.01489021 2.149219e-05 0)
(0.01492773 1.700358e-05 0)
(0.0149572 1.323541e-05 0)
(0.01497976 9.979456e-06 0)
(0.01499627 7.083344e-06 0)
(0.01500729 4.429532e-06 0)
(0.01501319 1.921845e-06 0)
(0.01501415 -5.232502e-07 0)
(0.01501021 -2.991133e-06 0)
(0.01500126 -5.555173e-06 0)
(0.01498698 -8.301864e-06 0)
(0.0149669 -1.133687e-05 0)
(0.01494028 -1.479248e-05 0)
(0.0149061 -1.884475e-05 0)
(0.0148629 -2.374276e-05 0)
(0.01480862 -2.986254e-05 0)
(0.01474029 -3.781467e-05 0)
(0.01465342 -4.866895e-05 0)
(0.01454115 -6.443527e-05 0)
(0.01439203 -8.910679e-05 0)
(0.01418995 -0.000131227 0)
(0.01387957 -0.0002088951 0)
(0.01359 -0.000360061 0)
(0.01240771 -0.0005973044 0)
(0.01248145 -0.001468234 0)
(0.00766081 -0.001873968 0)
(0.008879902 -0.006930425 0)
)
;

boundaryField
{
    movingWall
    {
        type            fixedValue;
        value           uniform (1 0 0);
    }
    fixedWalls
    {
        type            fixedValue;
        value           uniform (0 0 0);
    }
    frontAndBack
    {
        type            empty;
    }
}


// ************************************************************************* //
