/*--------------------------------*- C++ -*----------------------------------*\
| =========                 |                                                 |
| \\      /  F ield         | OpenFOAM: The Open Source CFD Toolbox           |
|  \\    /   O peration     | Version:  2412                                  |
|   \\  /    A nd           | Website:  www.openfoam.com                      |
|    \\/     M anipulation  |                                                 |
\*---------------------------------------------------------------------------*/
FoamFile
{
    version     2.0;
    format      ascii;
    arch        "LSB;label=32;scalar=64";
    class       volVectorField;
    location    "0.5";
    object      vorticity;
}
// * * * * * * * * * * * * * * * * * * * * * * * * * * * * * * * * * * * * * //

dimensions      [0 0 -1 0 0 0 0];

internalField   nonuniform List<vector> 
1600
(
(0 -0 0.0004295829)
(0 -0 0.0006462299)
(0 -0 0.001073431)
(0 -0 0.001494485)
(0 -0 0.001905936)
(0 -0 0.002305166)
(0 -0 0.002689665)
(0 -0 0.003057045)
(0 -0 0.003405052)
(0 -0 0.003731584)
(0 -0 0.004034693)
(0 -0 0.004312603)
(0 -0 0.004563706)
(0 -0 0.004786577)
(0 -0 0.004979962)
(0 -0 0.005142795)
(0 -0 0.005274184)
(0 -0 0.005373416)
(0 -0 0.005439958)
(0 -0 0.005473449)
(0 -0 0.005473712)
(0 -0 0.005440738)
(0 -0 0.005374697)
(0 -0 0.005275935)
(0 -0 0.005144973)
(0 -0 0.004982516)
(0 -0 0.004789445)
(0 -0 0.00456682)
(0 -0 0.004315887)
(0 -0 0.004038066)
(0 -0 0.003734962)
(0 -0 0.003408354)
(0 -0 0.003060187)
(0 -0 0.00269257)
(0 -0 0.00230776)
(0 -0 0.001908154)
(0 -0 0.001496271)
(0 -0 0.001074739)
(0 -0 0.0006470275)
(0 -0 0.000430117)
(0 -0 0.0006483114)
(0 -0 5.1834e-06)
(0 -0 4.3074e-06)
(0 -0 5.9856e-06)
(0 -0 7.6318e-06)
(0 -0 9.2296e-06)
(0 -0 1.0768e-05)
(0 -0 1.22378e-05)
(0 -0 1.36302e-05)
(0 -0 1.49366e-05)
(0 -0 1.61491e-05)
(0 -0 1.726098e-05)
(0 -0 1.826608e-05)
(0 -0 1.915526e-05)
(0 -0 1.99277e-05)
(0 -0 2.058112e-05)
(0 -0 2.110432e-05)
(0 -0 2.15017e-05)
(0 -0 2.176776e-05)
(0 -0 2.189937e-05)
(0 -0 2.190198e-05)
(0 -0 2.176779e-05)
(0 -0 2.15037e-05)
(0 -0 2.11073e-05)
(0 -0 2.058446e-05)
(0 -0 1.993308e-05)
(0 -0 1.915876e-05)
(0 -0 1.826806e-05)
(0 -0 1.726414e-05)
(0 -0 1.615214e-05)
(0 -0 1.49404e-05)
(0 -0 1.3634e-05)
(0 -0 1.22414e-05)
(0 -0 1.07712e-05)
(0 -0 9.2324e-06)
(0 -0 7.6344e-06)
(0 -0 5.9872e-06)
(0 -0 4.309e-06)
(0 -0 5.1868e-06)
(0 -0 0.0006491204)
(0 -0 0.001086378)
(0 -0 4.3592e-06)
(0 -0 2.32e-08)
(0 -0 1.62e-08)
(0 -0 2.06e-08)
(0 -0 2.48e-08)
(0 -0 2.9e-08)
(0 -0 3.3e-08)
(0 -0 3.68e-08)
(0 -0 4.04e-08)
(0 -0 4.28e-08)
(0 -0 4.68e-08)
(0 -0 4.86e-08)
(0 -0 5.06e-08)
(0 -0 5.394e-08)
(0 -0 5.368e-08)
(0 -0 5.722e-08)
(0 -0 5.744e-08)
(0 -0 5.742e-08)
(0 -0 5.898e-08)
(0 -0 5.708e-08)
(0 -0 5.808e-08)
(0 -0 5.764e-08)
(0 -0 5.66e-08)
(0 -0 5.45e-08)
(0 -0 5.322e-08)
(0 -0 5.16e-08)
(0 -0 4.94e-08)
(0 -0 4.6e-08)
(0 -0 4.3e-08)
(0 -0 3.96e-08)
(0 -0 3.62e-08)
(0 -0 3.24e-08)
(0 -0 2.86e-08)
(0 -0 2.42e-08)
(0 -0 2.02e-08)
(0 -0 1.62e-08)
(0 -0 2.32e-08)
(0 -0 4.363e-06)
(0 -0 0.00108775)
(0 -0 0.001532098)
(0 -0 6.1364e-06)
(0 -0 1.62e-08)
(0 -0 0)
(0 -0 2e-10)
(0 -0 2.100642e-19)
(0 -0 2e-10)
(0 -0 2e-10)
(0 -0 -2.168404e-19)
(0 -0 -2e-10)
(0 -0 2e-10)
(0 -0 -5.285486e-19)
(0 -0 4.201283e-19)
(0 -0 -2e-10)
(0 -0 1.2e-09)
(0 -0 -2e-10)
(0 -0 8.6e-10)
(0 -0 -1.18e-09)
(0 -0 -1.1e-09)
(0 -0 1.42e-09)
(0 -0 7e-10)
(0 -0 1.22e-09)
(0 -0 -4.6e-10)
(0 -0 3.4e-10)
(0 -0 -6e-10)
(0 -0 8e-10)
(0 -0 4e-10)
(0 -0 1.4e-09)
(0 -0 2e-10)
(0 -0 6e-10)
(0 -0 2e-10)
(0 -0 2e-10)
(0 -0 2e-10)
(0 -0 2e-10)
(0 -0 -2e-10)
(0 -0 2.100642e-19)
(0 -0 -4.269046e-19)
(0 -0 1.64e-08)
(0 -0 6.1422e-06)
(0 -0 0.001534067)
(0 -0 0.001987757)
(0 -0 7.96e-06)
(0 -0 2.1e-08)
(0 -0 2.100642e-19)
(0 -0 0)
(0 -0 -2e-10)
(0 -0 2e-10)
(0 -0 2e-10)
(0 -0 6.369688e-19)
(0 -0 8e-10)
(0 -0 6e-10)
(0 -0 -1.4e-09)
(0 -0 -2e-10)
(0 -0 4e-10)
(0 -0 6e-10)
(0 -0 6e-10)
(0 -0 3.6e-10)
(0 -0 8.4e-10)
(0 -0 4.2e-10)
(0 -0 -4e-10)
(0 -0 1.6e-09)
(0 -0 -9.8e-10)
(0 -0 -1.8e-10)
(0 -0 -1.26e-09)
(0 -0 6e-10)
(0 -0 -4e-10)
(0 -0 -1e-09)
(0 -0 -8e-10)
(0 -0 -6e-10)
(0 -0 2.168404e-19)
(0 -0 4e-10)
(0 -0 -2e-10)
(0 -0 0)
(0 -0 0)
(0 -0 2e-10)
(0 -0 4.201283e-19)
(0 -0 2.100642e-19)
(0 -0 2.16e-08)
(0 -0 7.9676e-06)
(0 -0 0.001990375)
(0 -0 0.00245633)
(0 -0 9.8354e-06)
(0 -0 2.6e-08)
(0 -0 2e-10)
(0 -0 4.336809e-19)
(0 -0 8.402567e-19)
(0 -0 4.201283e-19)
(0 -0 -4.336809e-19)
(0 -0 2e-10)
(0 -0 8e-10)
(0 -0 0)
(0 -0 -6e-10)
(0 -0 8e-10)
(0 -0 1.8e-09)
(0 -0 4e-10)
(0 -0 -2e-10)
(0 -0 4e-10)
(0 -0 7.2e-10)
(0 -0 1.5e-09)
(0 -0 -4.607859e-19)
(0 -0 8e-11)
(0 -0 -1.52e-09)
(0 -0 -9.8e-10)
(0 -0 -4e-10)
(0 -0 1e-09)
(0 -0 -1.6e-09)
(0 -0 8e-10)
(0 -0 8.402567e-19)
(0 -0 -8e-10)
(0 -0 2e-10)
(0 -0 6e-10)
(0 -0 6.234162e-19)
(0 -0 8.538092e-19)
(0 -0 0)
(0 -0 2e-10)
(0 -0 -4.201283e-19)
(0 -0 2.100642e-19)
(0 -0 2.68e-08)
(0 -0 9.845e-06)
(0 -0 0.002459663)
(0 -0 0.002940927)
(0 -0 1.17752e-05)
(0 -0 3.12e-08)
(0 -0 4.201283e-19)
(0 -0 -2e-10)
(0 -0 2e-10)
(0 -0 2e-10)
(0 -0 -2e-10)
(0 -0 4e-10)
(0 -0 -1.2e-09)
(0 -0 -8e-10)
(0 -0 -2e-10)
(0 -0 -6e-10)
(0 -0 2e-10)
(0 -0 -6e-10)
(0 -0 8e-10)
(0 -0 -4e-10)
(0 -0 -4e-10)
(0 -0 -3.2e-10)
(0 -0 1.38e-09)
(0 -0 -1.18e-09)
(0 -0 8.2e-10)
(0 -0 1.3e-09)
(0 -0 2e-10)
(0 -0 6e-10)
(0 -0 6e-10)
(0 -0 2e-10)
(0 -0 -2e-10)
(0 -0 -6e-10)
(0 -0 0)
(0 -0 4e-10)
(0 -0 -6e-10)
(0 -0 1.273938e-18)
(0 -0 -1.260385e-18)
(0 -0 -2e-10)
(0 -0 2e-10)
(0 -0 2.168404e-19)
(0 -0 3.18e-08)
(0 -0 1.1787e-05)
(0 -0 0.002945062)
(0 -0 0.003444807)
(0 -0 1.37918e-05)
(0 -0 3.64e-08)
(0 -0 2e-10)
(0 -0 4.201283e-19)
(0 -0 4.201283e-19)
(0 -0 -2e-10)
(0 -0 4.336809e-19)
(0 -0 -4e-10)
(0 -0 -2e-10)
(0 -0 -1.4e-09)
(0 -0 1.2e-09)
(0 -0 6.505213e-19)
(0 -0 -1.4e-09)
(0 -0 2e-10)
(0 -0 -2e-10)
(0 -0 -1.4e-09)
(0 -0 9e-10)
(0 -0 -1.74e-09)
(0 -0 -7.6e-10)
(0 -0 -8.4e-10)
(0 -0 1.06e-09)
(0 -0 -4.2e-10)
(0 -0 4e-10)
(0 -0 -1.6e-09)
(0 -0 6e-10)
(0 -0 2e-10)
(0 -0 -1.4e-09)
(0 -0 2e-10)
(0 -0 -1e-09)
(0 -0 2e-10)
(0 -0 4e-10)
(0 -0 -1.273938e-18)
(0 -0 -8.402567e-19)
(0 -0 -2e-10)
(0 -0 4.201283e-19)
(0 -0 2e-10)
(0 -0 3.74e-08)
(0 -0 1.38066e-05)
(0 -0 0.00344985)
(0 -0 0.003971411)
(0 -0 1.58996e-05)
(0 -0 4.2e-08)
(0 -0 -4.201283e-19)
(0 -0 0)
(0 -0 0)
(0 -0 -4.336809e-19)
(0 -0 -1.273938e-18)
(0 -0 -1e-09)
(0 -0 8e-10)
(0 -0 1.6e-09)
(0 -0 6e-10)
(0 -0 -2e-10)
(0 -0 4e-10)
(0 -0 6e-10)
(0 -0 -1.2e-09)
(0 -0 4e-10)
(0 -0 -8e-10)
(0 -0 -8.6e-10)
(0 -0 -1.2e-10)
(0 -0 1.06e-09)
(0 -0 3.2e-10)
(0 -0 -2e-10)
(0 -0 1.084202e-18)
(0 -0 -1.6e-09)
(0 -0 8e-10)
(0 -0 4e-10)
(0 -0 -4e-10)
(0 -0 8.673617e-19)
(0 -0 -1e-09)
(0 -0 -1.6e-09)
(0 -0 4.065758e-19)
(0 -0 -4e-10)
(0 -0 -8.402567e-19)
(0 -0 2e-10)
(0 -0 -4.201283e-19)
(0 -0 -2.032879e-19)
(0 -0 4.32e-08)
(0 -0 1.59172e-05)
(0 -0 0.003977494)
(0 -0 0.004524411)
(0 -0 1.8114e-05)
(0 -0 4.72e-08)
(0 -0 4e-10)
(0 -0 6e-10)
(0 -0 -4e-10)
(0 -0 -4e-10)
(0 -0 1e-09)
(0 -0 1e-09)
(0 -0 -4e-10)
(0 -0 -8.673617e-19)
(0 -0 -8.131516e-19)
(0 -0 -1.8e-09)
(0 -0 8e-10)
(0 -0 -1.6e-09)
(0 -0 1.4e-09)
(0 -0 6e-10)
(0 -0 -1.843144e-18)
(0 -0 2.6e-10)
(0 -0 5.6e-10)
(0 -0 1.4e-10)
(0 -0 2.4e-10)
(0 -0 2e-10)
(0 -0 -2.168404e-19)
(0 -0 1.2e-09)
(0 -0 8e-10)
(0 -0 -8e-10)
(0 -0 6e-10)
(0 -0 -2e-10)
(0 -0 8e-10)
(0 -0 -8e-10)
(0 -0 -6e-10)
(0 -0 -2e-10)
(0 -0 2e-10)
(0 -0 -6e-10)
(0 -0 -1.2e-09)
(0 -0 1.2e-09)
(0 -0 5.04e-08)
(0 -0 1.81344e-05)
(0 -0 0.004531694)
(0 -0 0.005107749)
(0 -0 2.04476e-05)
(0 -0 5.56e-08)
(0 -0 1.2e-09)
(0 -0 -6e-10)
(0 -0 -6e-10)
(0 -0 2e-10)
(0 -0 4e-10)
(0 -0 4e-10)
(0 -0 -8e-10)
(0 -0 -8e-10)
(0 -0 2e-10)
(0 -0 1.6e-09)
(0 -0 -2e-09)
(0 -0 -4e-10)
(0 -0 1.301043e-18)
(0 -0 -2e-10)
(0 -0 4e-10)
(0 -0 -6e-11)
(0 -0 1.2e-10)
(0 -0 -1.34e-09)
(0 -0 -1.12e-09)
(0 -0 -2e-10)
(0 -0 1e-09)
(0 -0 1.6e-09)
(0 -0 -8e-10)
(0 -0 8e-10)
(0 -0 4.336809e-19)
(0 -0 4e-10)
(0 -0 1e-09)
(0 -0 1e-09)
(0 -0 -2e-10)
(0 -0 -8e-10)
(0 -0 -6e-10)
(0 -0 -4e-10)
(0 -0 1.6e-09)
(0 -0 1.4e-09)
(0 -0 5.5e-08)
(0 -0 2.04734e-05)
(0 -0 0.005116426)
(0 -0 0.005725701)
(0 -0 2.29218e-05)
(0 -0 6.02e-08)
(0 -0 -1.2e-09)
(0 -0 -6e-10)
(0 -0 1e-09)
(0 -0 6e-10)
(0 -0 -2e-09)
(0 -0 1.680513e-18)
(0 -0 -2e-10)
(0 -0 1.4e-09)
(0 -0 -1e-09)
(0 -0 1.4e-09)
(0 -0 2e-10)
(0 -0 -1.680513e-18)
(0 -0 4e-10)
(0 -0 4e-10)
(0 -0 -6e-10)
(0 -0 4.4e-10)
(0 -0 5.6e-10)
(0 -0 5.6e-10)
(0 -0 -3.6e-10)
(0 -0 6e-10)
(0 -0 -6e-10)
(0 -0 2e-10)
(0 -0 -4e-10)
(0 -0 6e-10)
(0 -0 -4e-10)
(0 -0 2e-10)
(0 -0 -1.6e-09)
(0 -0 2e-10)
(0 -0 2e-09)
(0 -0 8.673617e-19)
(0 -0 -8e-10)
(0 -0 8e-10)
(0 -0 -8e-10)
(0 -0 -4e-10)
(0 -0 6.26e-08)
(0 -0 2.29522e-05)
(0 -0 0.005736005)
(0 -0 0.006382932)
(0 -0 2.55518e-05)
(0 -0 6.72e-08)
(0 -0 1.4e-09)
(0 -0 1.6e-09)
(0 -0 -4e-10)
(0 -0 6e-10)
(0 -0 -2e-09)
(0 -0 -2e-09)
(0 -0 8.673617e-19)
(0 -0 1e-09)
(0 -0 3.794708e-19)
(0 -0 -2e-10)
(0 -0 8e-10)
(0 -0 -8e-10)
(0 -0 1e-09)
(0 -0 -2e-10)
(0 -0 8e-10)
(0 -0 1.64e-09)
(0 -0 -6.4e-10)
(0 -0 1.16e-09)
(0 -0 8.4e-10)
(0 -0 2e-10)
(0 -0 -8e-10)
(0 -0 2e-10)
(0 -0 -2e-10)
(0 -0 -6e-10)
(0 -0 2e-10)
(0 -0 1.6e-09)
(0 -0 -8.131516e-19)
(0 -0 0)
(0 -0 2e-09)
(0 -0 -8.673617e-19)
(0 -0 4e-10)
(0 -0 -2e-10)
(0 -0 -4e-10)
(0 -0 1.6e-09)
(0 -0 7.02e-08)
(0 -0 2.55876e-05)
(0 -0 0.006395146)
(0 -0 0.007084599)
(0 -0 2.8361e-05)
(0 -0 7.44e-08)
(0 -0 -1.273938e-18)
(0 -0 4e-10)
(0 -0 1.4e-09)
(0 -0 8.673617e-19)
(0 -0 -1.680513e-18)
(0 -0 -2e-09)
(0 -0 -8.673617e-19)
(0 -0 2e-09)
(0 -0 6e-10)
(0 -0 -1.6e-09)
(0 -0 0)
(0 -0 1.4e-09)
(0 -0 -4e-10)
(0 -0 6e-10)
(0 -0 -2.385245e-18)
(0 -0 9.4e-10)
(0 -0 -1.66e-09)
(0 -0 -1.34e-09)
(0 -0 -5.4e-10)
(0 -0 -6e-10)
(0 -0 4e-10)
(0 -0 -1.734723e-18)
(0 -0 6e-10)
(0 -0 -4e-10)
(0 -0 1e-09)
(0 -0 1e-09)
(0 -0 -3.415237e-18)
(0 -0 -2e-09)
(0 -0 2e-09)
(0 -0 4.228388e-18)
(0 -0 -3.415237e-18)
(0 -0 -1.2e-09)
(0 -0 2e-10)
(0 -0 -4e-10)
(0 -0 7.72e-08)
(0 -0 2.84048e-05)
(0 -0 0.007099059)
(0 -0 0.007836424)
(0 -0 3.13712e-05)
(0 -0 8.26e-08)
(0 -0 -2e-10)
(0 -0 8.402567e-19)
(0 -0 2e-10)
(0 -0 -8.673617e-19)
(0 -0 2e-09)
(0 -0 -8.131516e-19)
(0 -0 0)
(0 -0 0)
(0 -0 0)
(0 -0 -2e-10)
(0 -0 -1.4e-09)
(0 -0 1.6e-09)
(0 -0 -1.4e-09)
(0 -0 -8e-10)
(0 -0 -4e-10)
(0 -0 -1.16e-09)
(0 -0 -1.6e-10)
(0 -0 -8.4e-10)
(0 -0 -3.999999e-11)
(0 -0 6e-10)
(0 -0 -2e-10)
(0 -0 1.734723e-18)
(0 -0 -2e-10)
(0 -0 8e-10)
(0 -0 -2e-10)
(0 -0 -2e-09)
(0 -0 8.673617e-19)
(0 -0 8.131516e-19)
(0 -0 8.673617e-19)
(0 -0 -1.680513e-18)
(0 -0 -1.680513e-18)
(0 -0 1.2e-09)
(0 -0 4e-10)
(0 -0 -2e-10)
(0 -0 8.64e-08)
(0 -0 3.1422e-05)
(0 -0 0.007853539)
(0 -0 0.008644844)
(0 -0 3.46068e-05)
(0 -0 9.1e-08)
(0 -0 1.680513e-18)
(0 -0 8e-10)
(0 -0 3.361027e-18)
(0 -0 3.361027e-18)
(0 -0 8.673617e-19)
(0 -0 8.673617e-19)
(0 -0 2e-09)
(0 -0 -1.626303e-18)
(0 -0 -2e-09)
(0 -0 6e-10)
(0 -0 8e-10)
(0 -0 -8e-10)
(0 -0 -2e-10)
(0 -0 -1.4e-09)
(0 -0 -2e-10)
(0 -0 -8e-10)
(0 -0 1.16e-09)
(0 -0 -2.493665e-18)
(0 -0 8.4e-10)
(0 -0 1.4e-09)
(0 -0 4e-10)
(0 -0 -2e-10)
(0 -0 -3.794708e-18)
(0 -0 -8e-10)
(0 -0 -8e-10)
(0 -0 2.602085e-18)
(0 -0 -2e-09)
(0 -0 -3.361027e-18)
(0 -0 8.131516e-19)
(0 -0 -8.673617e-19)
(0 -0 0)
(0 -0 2e-09)
(0 -0 -1e-09)
(0 -0 2e-10)
(0 -0 9.56e-08)
(0 -0 3.46668e-05)
(0 -0 0.008665109)
(0 -0 0.009517149)
(0 -0 3.81e-05)
(0 -0 1e-07)
(0 -0 4e-10)
(0 -0 -8e-10)
(0 -0 -2e-09)
(0 -0 -8.673617e-19)
(0 -0 -1.680513e-18)
(0 -0 -1.734723e-18)
(0 -0 -5.09575e-18)
(0 -0 -2e-09)
(0 -0 2e-09)
(0 -0 2e-09)
(0 -0 -4e-10)
(0 -0 -1.4e-09)
(0 -0 1.6e-09)
(0 -0 0)
(0 -0 -3.361027e-18)
(0 -0 1.4e-09)
(0 -0 4.4e-10)
(0 -0 2.818926e-18)
(0 -0 3.6e-10)
(0 -0 -2e-10)
(0 -0 8e-10)
(0 -0 -1.2e-09)
(0 -0 1.2e-09)
(0 -0 -6e-10)
(0 -0 3.469447e-18)
(0 -0 7.589415e-19)
(0 -0 1.734723e-18)
(0 -0 -8.673617e-19)
(0 -0 -1.734723e-18)
(0 -0 1.734723e-18)
(0 -0 -2e-09)
(0 -0 -1.680513e-18)
(0 -0 2e-09)
(0 -0 1.2e-09)
(0 -0 1.042e-07)
(0 -0 3.81682e-05)
(0 -0 0.009541164)
(0 -0 0.01046169)
(0 -0 4.18816e-05)
(0 -0 1.106e-07)
(0 -0 -1e-09)
(0 -0 -1.2e-09)
(0 -0 8.673617e-19)
(0 -0 2e-09)
(0 -0 1.734723e-18)
(0 -0 -2e-09)
(0 -0 2.602085e-18)
(0 -0 2.493665e-18)
(0 -0 2.493665e-18)
(0 -0 -7.589415e-19)
(0 -0 -2.2e-09)
(0 -0 1.2e-09)
(0 -0 -1e-09)
(0 -0 1.4e-09)
(0 -0 1.734723e-18)
(0 -0 8e-11)
(0 -0 -3.4e-10)
(0 -0 1.12e-09)
(0 -0 1.4e-10)
(0 -0 2e-10)
(0 -0 2e-10)
(0 -0 -1e-09)
(0 -0 -8e-10)
(0 -0 1e-09)
(0 -0 2e-09)
(0 -0 -7.589415e-19)
(0 -0 1.734723e-18)
(0 -0 -2e-09)
(0 -0 2.602085e-18)
(0 -0 2e-09)
(0 -0 2e-09)
(0 -0 -2e-09)
(0 -0 -8e-10)
(0 -0 -4e-10)
(0 -0 1.16e-07)
(0 -0 4.19644e-05)
(0 -0 0.01049018)
(0 -0 0.01148812)
(0 -0 4.59926e-05)
(0 -0 1.204e-07)
(0 -0 -2e-10)
(0 -0 -2e-09)
(0 -0 2e-09)
(0 -0 2e-09)
(0 -0 2e-09)
(0 -0 0)
(0 -0 -2e-09)
(0 -0 8.673617e-19)
(0 -0 8.673617e-19)
(0 -0 0)
(0 -0 1.734723e-18)
(0 -0 2e-10)
(0 -0 -1.4e-09)
(0 -0 1e-09)
(0 -0 8e-10)
(0 -0 -8e-10)
(0 -0 5.999999e-11)
(0 -0 -4e-10)
(0 -0 -1.06e-09)
(0 -0 -1e-09)
(0 -0 -1.6e-09)
(0 -0 1e-09)
(0 -0 -8e-10)
(0 -0 1.734723e-18)
(0 -0 2.493665e-18)
(0 -0 3.361027e-18)
(0 -0 -7.589415e-19)
(0 -0 -2e-09)
(0 -0 -1.734723e-18)
(0 -0 2e-09)
(0 -0 8.673617e-19)
(0 -0 -4.228388e-18)
(0 -0 2.493665e-18)
(0 -0 6e-10)
(0 -0 1.258e-07)
(0 -0 4.60914e-05)
(0 -0 0.011522)
(0 -0 0.01260777)
(0 -0 5.04752e-05)
(0 -0 1.312e-07)
(0 -0 -2e-10)
(0 -0 2e-09)
(0 -0 8.673617e-19)
(0 -0 -2e-09)
(0 -0 2e-09)
(0 -0 1.626303e-18)
(0 -0 1.734723e-18)
(0 -0 1.734723e-18)
(0 -0 1.626303e-18)
(0 -0 -3.361027e-18)
(0 -0 -8.673617e-19)
(0 -0 -2e-09)
(0 -0 -3.361027e-18)
(0 -0 -1.8e-09)
(0 -0 -2e-10)
(0 -0 2e-10)
(0 -0 -8e-10)
(0 -0 -1.2e-09)
(0 -0 -2e-10)
(0 -0 -1.2e-09)
(0 -0 -4.336809e-18)
(0 -0 -1.192622e-18)
(0 -0 -8e-10)
(0 -0 -4.228388e-18)
(0 -0 -2e-09)
(0 -0 -1.626303e-18)
(0 -0 1.734723e-18)
(0 -0 -1.734723e-18)
(0 -0 5.09575e-18)
(0 -0 -5.09575e-18)
(0 -0 -4.228388e-18)
(0 -0 2e-09)
(0 -0 -8.131516e-19)
(0 -0 -4e-10)
(0 -0 1.378e-07)
(0 -0 5.05922e-05)
(0 -0 0.01264813)
(0 -0 0.01383401)
(0 -0 5.53836e-05)
(0 -0 1.438e-07)
(0 -0 -2e-09)
(0 -0 -1.734723e-18)
(0 -0 0)
(0 -0 -1.734723e-18)
(0 -0 0)
(0 -0 -2e-09)
(0 -0 0)
(0 -0 2e-09)
(0 -0 -2e-09)
(0 -0 -2e-09)
(0 -0 2e-09)
(0 -0 -8.673617e-19)
(0 -0 1.2e-09)
(0 -0 -3.469447e-18)
(0 -0 -1.4e-09)
(0 -0 4e-10)
(0 -0 -1.2e-09)
(0 -0 1.4e-09)
(0 -0 8e-10)
(0 -0 2e-10)
(0 -0 6e-10)
(0 -0 -2e-09)
(0 -0 5.09575e-18)
(0 -0 4.228388e-18)
(0 -0 0)
(0 -0 3.361027e-18)
(0 -0 5.09575e-18)
(0 -0 0)
(0 -0 3.361027e-18)
(0 -0 6.722053e-18)
(0 -0 -1.734723e-18)
(0 -0 -2e-09)
(0 -0 2e-09)
(0 -0 4.228388e-18)
(0 -0 1.522e-07)
(0 -0 5.5526e-05)
(0 -0 0.01388224)
(0 -0 0.0151829)
(0 -0 6.07856e-05)
(0 -0 1.554e-07)
(0 -0 -8.131516e-19)
(0 -0 -5.963112e-18)
(0 -0 -2e-09)
(0 -0 -5.09575e-18)
(0 -0 2e-09)
(0 -0 -5.09575e-18)
(0 -0 -2e-09)
(0 -0 -5.09575e-18)
(0 -0 -5.09575e-18)
(0 -0 -4.228388e-18)
(0 -0 2e-09)
(0 -0 -8.673617e-19)
(0 -0 -4e-10)
(0 -0 1.6e-09)
(0 -0 -6e-10)
(0 -0 -1.192622e-18)
(0 -0 2e-10)
(0 -0 6e-10)
(0 -0 -4e-10)
(0 -0 -2e-10)
(0 -0 -8e-10)
(0 -0 -2.927346e-18)
(0 -0 -7.697835e-18)
(0 -0 -5.963112e-18)
(0 -0 -8.673617e-19)
(0 -0 -5.09575e-18)
(0 -0 2e-09)
(0 -0 -6.830474e-18)
(0 -0 -2e-09)
(0 -0 -2e-09)
(0 -0 -4.98733e-18)
(0 -0 2e-09)
(0 -0 2e-09)
(0 -0 1.680513e-18)
(0 -0 1.678e-07)
(0 -0 6.09562e-05)
(0 -0 0.01524074)
(0 -0 0.01667395)
(0 -0 6.6755e-05)
(0 -0 1.722e-07)
(0 -0 2e-09)
(0 -0 -2e-09)
(0 -0 -2e-09)
(0 -0 3.361027e-18)
(0 -0 3.361027e-18)
(0 -0 3.361027e-18)
(0 -0 4.98733e-18)
(0 -0 2e-09)
(0 -0 5.20417e-18)
(0 -0 8.673617e-19)
(0 -0 -5.854692e-18)
(0 -0 -2e-09)
(0 -0 -8e-10)
(0 -0 2e-10)
(0 -0 6e-10)
(0 -0 -2e-10)
(0 -0 1.8e-09)
(0 -0 -4e-10)
(0 -0 1.084202e-18)
(0 -0 1e-09)
(0 -0 4e-10)
(0 -0 1.4e-09)
(0 -0 2e-09)
(0 -0 1.734723e-18)
(0 -0 -2e-09)
(0 -0 2e-09)
(0 -0 -8.456777e-18)
(0 -0 6.722053e-18)
(0 -0 0)
(0 -0 -1.734723e-18)
(0 -0 2e-09)
(0 -0 0)
(0 -0 -8.673617e-19)
(0 -0 -2.493665e-18)
(0 -0 1.86e-07)
(0 -0 6.6963e-05)
(0 -0 0.01674361)
(0 -0 0.01833121)
(0 -0 7.33928e-05)
(0 -0 1.89e-07)
(0 -0 -2e-09)
(0 -0 4.228388e-18)
(0 -0 1.626303e-18)
(0 -0 -2e-09)
(0 -0 -4.98733e-18)
(0 -0 -5.20417e-18)
(0 -0 1.517883e-18)
(0 -0 2e-09)
(0 -0 -2e-09)
(0 -0 -1.01915e-17)
(0 -0 2e-09)
(0 -0 -1.01915e-17)
(0 -0 -4e-10)
(0 -0 -1.6e-09)
(0 -0 1.2e-09)
(0 -0 -1.2e-09)
(0 -0 1.2e-09)
(0 -0 -1e-09)
(0 -0 -8e-10)
(0 -0 6e-10)
(0 -0 -1.2e-09)
(0 -0 -8e-10)
(0 -0 2e-09)
(0 -0 2e-09)
(0 -0 8.673617e-19)
(0 -0 2e-09)
(0 -0 -2e-09)
(0 -0 -5.20417e-18)
(0 -0 3.252607e-18)
(0 -0 2e-09)
(0 -0 -4.98733e-18)
(0 -0 3.361027e-18)
(0 -0 6.722053e-18)
(0 -0 2e-09)
(0 -0 2.072e-07)
(0 -0 7.36422e-05)
(0 -0 0.01841554)
(0 -0 0.02018481)
(0 -0 8.08154e-05)
(0 -0 2.04e-07)
(0 -0 -2e-09)
(0 -0 2e-09)
(0 -0 0)
(0 -0 -2e-09)
(0 -0 6.722053e-18)
(0 -0 -1.517883e-18)
(0 -0 3.252607e-18)
(0 -0 5.20417e-18)
(0 -0 1.734723e-18)
(0 -0 -1.734723e-18)
(0 -0 2e-09)
(0 -0 2e-09)
(0 -0 2e-10)
(0 -0 6e-10)
(0 -0 -8e-10)
(0 -0 4e-10)
(0 -0 -8e-10)
(0 -0 -4e-10)
(0 -0 8e-10)
(0 -0 -1.6e-09)
(0 -0 6e-10)
(0 -0 -1e-09)
(0 -0 -5.854692e-18)
(0 -0 1.734723e-18)
(0 -0 4.98733e-18)
(0 -0 -6.722053e-18)
(0 -0 -2e-09)
(0 -0 3.252607e-18)
(0 -0 1.344411e-17)
(0 -0 -5.20417e-18)
(0 -0 -6.722053e-18)
(0 -0 2e-09)
(0 -0 2e-09)
(0 -0 4.228388e-18)
(0 -0 2.26e-07)
(0 -0 8.11238e-05)
(0 -0 0.02028752)
(0 -0 0.02227314)
(0 -0 8.91776e-05)
(0 -0 2.26e-07)
(0 -0 -8.673617e-19)
(0 -0 3.469447e-18)
(0 -0 -4.98733e-18)
(0 -0 3.469447e-18)
(0 -0 1.517883e-18)
(0 -0 3.252607e-18)
(0 -0 -3.252607e-18)
(0 -0 4.98733e-18)
(0 -0 4.98733e-18)
(0 -0 3.469447e-18)
(0 -0 4.98733e-18)
(0 -0 8.673617e-19)
(0 -0 -2e-09)
(0 -0 6e-10)
(0 -0 2.602085e-18)
(0 -0 2.602085e-18)
(0 -0 2e-10)
(0 -0 6e-10)
(0 -0 1.2e-09)
(0 -0 -1.2e-09)
(0 -0 6e-10)
(0 -0 2e-09)
(0 -0 -2e-09)
(0 -0 -2e-09)
(0 -0 2e-09)
(0 -0 -3.469447e-18)
(0 -0 5.20417e-18)
(0 -0 -4.98733e-18)
(0 -0 2e-09)
(0 -0 -6.722053e-18)
(0 -0 3.469447e-18)
(0 -0 1.01915e-17)
(0 -0 6.938894e-18)
(0 -0 2e-09)
(0 -0 2.52e-07)
(0 -0 8.95574e-05)
(0 -0 0.02239917)
(0 -0 0.02464608)
(0 -0 9.8682e-05)
(0 -0 2.5e-07)
(0 -0 -6.722053e-18)
(0 -0 -2e-09)
(0 -0 0)
(0 -0 -1.734723e-18)
(0 -0 -2e-09)
(0 -0 1.517883e-18)
(0 -0 3.252607e-18)
(0 -0 -2e-09)
(0 -0 -2e-09)
(0 -0 -1.192622e-17)
(0 -0 1.539567e-17)
(0 -0 -6.722053e-18)
(0 -0 -1.517883e-17)
(0 -0 -2e-10)
(0 -0 1e-09)
(0 -0 -1.8e-09)
(0 -0 4e-10)
(0 -0 8e-10)
(0 -0 -1.8e-09)
(0 -0 1.2e-09)
(0 -0 4e-10)
(0 -0 -1.431147e-17)
(0 -0 -2e-09)
(0 -0 -2e-09)
(0 -0 2e-09)
(0 -0 -2.016616e-17)
(0 -0 -1.539567e-17)
(0 -0 2e-09)
(0 -0 4.98733e-18)
(0 -0 5.20417e-18)
(0 -0 2e-09)
(0 -0 -2.016616e-17)
(0 -0 -3.469447e-18)
(0 -0 -6.722053e-18)
(0 -0 2.8e-07)
(0 -0 9.91544e-05)
(0 -0 0.02480213)
(0 -0 0.02736991)
(0 -0 0.0001095886)
(0 -0 2.7e-07)
(0 -0 -3.469447e-18)
(0 -0 -4e-09)
(0 -0 -6.938894e-18)
(0 -0 -3.469447e-18)
(0 -0 -2e-09)
(0 -0 -2e-09)
(0 -0 4.98733e-18)
(0 -0 -5.20417e-18)
(0 -0 0)
(0 -0 -3.252607e-18)
(0 -0 -2e-09)
(0 -0 8.673617e-19)
(0 -0 2e-09)
(0 -0 2e-10)
(0 -0 4e-10)
(0 -0 8e-10)
(0 -0 -1e-09)
(0 -0 7.372575e-18)
(0 -0 -1.4e-09)
(0 -0 1e-09)
(0 -0 4.77049e-18)
(0 -0 -2e-09)
(0 -0 1.105886e-17)
(0 -0 2e-09)
(0 -0 -2e-09)
(0 -0 2e-09)
(0 -0 -3.469447e-18)
(0 -0 1.344411e-17)
(0 -0 6.938894e-18)
(0 -0 3.469447e-18)
(0 -0 2e-09)
(0 -0 -3.469447e-18)
(0 -0 2e-09)
(0 -0 2e-09)
(0 -0 3.18e-07)
(0 -0 0.0001101876)
(0 -0 0.02756527)
(0 -0 0.03053506)
(0 -0 0.00012226)
(0 -0 2.96e-07)
(0 -0 -4e-09)
(0 -0 -2e-09)
(0 -0 -2e-09)
(0 -0 -2e-09)
(0 -0 -1.040834e-17)
(0 -0 6.938894e-18)
(0 -0 0)
(0 -0 -6.722053e-18)
(0 -0 -5.20417e-18)
(0 -0 2e-09)
(0 -0 1.734723e-18)
(0 -0 -7.806256e-18)
(0 -0 1.734723e-18)
(0 -0 4.336809e-19)
(0 -0 8e-10)
(0 -0 1.2e-09)
(0 -0 -4e-10)
(0 -0 -1.6e-09)
(0 -0 1.6e-09)
(0 -0 -1.6e-09)
(0 -0 1.517883e-17)
(0 -0 -1.734723e-18)
(0 -0 -6.938894e-18)
(0 -0 2.016616e-17)
(0 -0 -3.469447e-18)
(0 -0 3.469447e-18)
(0 -0 1.691355e-17)
(0 -0 1.734723e-18)
(0 -0 2.688821e-17)
(0 -0 -9.97466e-18)
(0 -0 2e-09)
(0 -0 2e-09)
(0 -0 2.363561e-17)
(0 -0 2e-09)
(0 -0 3.6e-07)
(0 -0 0.000123036)
(0 -0 0.03078302)
(0 -0 0.03426837)
(0 -0 0.000137204)
(0 -0 3.22e-07)
(0 -0 3.035766e-18)
(0 -0 -3.469447e-18)
(0 -0 -4e-09)
(0 -0 -4e-09)
(0 -0 -3.469447e-18)
(0 -0 2e-09)
(0 -0 -2e-09)
(0 -0 0)
(0 -0 2e-09)
(0 -0 -6.722053e-18)
(0 -0 -3.469447e-18)
(0 -0 5.854692e-18)
(0 -0 -1.734723e-18)
(0 -0 6e-10)
(0 -0 2e-09)
(0 -0 4e-10)
(0 -0 -6e-10)
(0 -0 1.2e-09)
(0 -0 4e-10)
(0 -0 -2e-10)
(0 -0 2e-10)
(0 -0 -6.722053e-18)
(0 -0 2e-09)
(0 -0 4.98733e-18)
(0 -0 1.734723e-18)
(0 -0 -1.366095e-17)
(0 -0 -1.734723e-18)
(0 -0 -3.469447e-18)
(0 -0 -2e-09)
(0 -0 -1.344411e-17)
(0 -0 4e-09)
(0 -0 6e-09)
(0 -0 2e-09)
(0 -0 2e-09)
(0 -0 4.16e-07)
(0 -0 0.000138218)
(0 -0 0.03458859)
(0 -0 0.03875811)
(0 -0 0.00015517)
(0 -0 3.4e-07)
(0 -0 4e-09)
(0 -0 -6e-09)
(0 -0 -2e-09)
(0 -0 -4e-09)
(0 -0 1.387779e-17)
(0 -0 0)
(0 -0 2e-09)
(0 -0 8.239937e-18)
(0 -0 1.691355e-17)
(0 -0 3.252607e-18)
(0 -0 2e-09)
(0 -0 -3.469447e-18)
(0 -0 -2e-09)
(0 -0 1.084202e-18)
(0 -0 5.637851e-18)
(0 -0 -1.2e-09)
(0 -0 6e-10)
(0 -0 6e-10)
(0 -0 -1.8e-09)
(0 -0 6e-10)
(0 -0 -8e-10)
(0 -0 2e-09)
(0 -0 6.722053e-18)
(0 -0 1.344411e-17)
(0 -0 -2e-09)
(0 -0 -2e-09)
(0 -0 1.040834e-17)
(0 -0 2e-09)
(0 -0 1.691355e-17)
(0 -0 2.385245e-17)
(0 -0 4e-09)
(0 -0 4e-09)
(0 -0 8e-09)
(0 -0 -4e-09)
(0 -0 4.98e-07)
(0 -0 0.000156514)
(0 -0 0.03918039)
(0 -0 0.04426025)
(0 -0 0.000177244)
(0 -0 3.24e-07)
(0 -0 1.8e-08)
(0 -0 -1.6e-08)
(0 -0 0)
(0 -0 -2e-09)
(0 -0 -1.387779e-17)
(0 -0 2e-09)
(0 -0 2e-09)
(0 -0 -1.561251e-17)
(0 -0 2e-09)
(0 -0 -1.864828e-17)
(0 -0 1.192622e-17)
(0 -0 -9.324139e-18)
(0 -0 -1.452831e-17)
(0 -0 4.553649e-18)
(0 -0 -8e-10)
(0 -0 -4e-10)
(0 -0 1.6e-09)
(0 -0 -8.239937e-18)
(0 -0 2e-10)
(0 -0 4e-10)
(0 -0 -1e-09)
(0 -0 -2e-09)
(0 -0 -1.170938e-17)
(0 -0 -6.938894e-18)
(0 -0 -2e-09)
(0 -0 -2e-09)
(0 -0 -6.938894e-18)
(0 -0 -2e-09)
(0 -0 -9.97466e-18)
(0 -0 1.691355e-17)
(0 -0 2e-09)
(0 -0 -2.385245e-17)
(0 -0 1.6e-08)
(0 -0 -3e-08)
(0 -0 6.42e-07)
(0 -0 0.000179066)
(0 -0 0.04483499)
(0 -0 0.05137408)
(0 -0 0.000205654)
(0 -0 1.78e-07)
(0 -0 1.18e-07)
(0 -0 -4.6e-08)
(0 -0 6e-09)
(0 -0 2e-09)
(0 -0 3.469447e-18)
(0 -0 2e-09)
(0 -0 -9.97466e-18)
(0 -0 2e-09)
(0 -0 2e-09)
(0 -0 2e-09)
(0 -0 -1.713039e-17)
(0 -0 2e-09)
(0 -0 2e-09)
(0 -0 -4e-10)
(0 -0 -1.105886e-17)
(0 -0 8e-10)
(0 -0 -8e-10)
(0 -0 -4e-10)
(0 -0 1.6e-09)
(0 -0 -1e-09)
(0 -0 -8e-10)
(0 -0 -1e-09)
(0 -0 7.589415e-18)
(0 -0 -2e-09)
(0 -0 3.469447e-18)
(0 -0 1.864828e-17)
(0 -0 -2e-09)
(0 -0 -2e-09)
(0 -0 9.97466e-18)
(0 -0 -2e-09)
(0 -0 -3.469447e-18)
(0 -0 -6e-09)
(0 -0 3.4e-08)
(0 -0 -1.24e-07)
(0 -0 9.72e-07)
(0 -0 0.00020777)
(0 -0 0.05217321)
(0 -0 0.05961653)
(0 -0 0.000241306)
(0 -0 -2.92e-07)
(0 -0 5.54e-07)
(0 -0 -6e-08)
(0 -0 4e-08)
(0 -0 4e-09)
(0 -0 2e-09)
(0 -0 2e-09)
(0 -0 2e-09)
(0 -0 2e-09)
(0 -0 2e-09)
(0 -0 2e-09)
(0 -0 -2e-09)
(0 -0 -8.673617e-19)
(0 -0 -2e-10)
(0 -0 8e-10)
(0 -0 6e-10)
(0 -0 1.2e-09)
(0 -0 -4e-10)
(0 -0 -1.8e-09)
(0 -0 -8e-10)
(0 -0 4e-10)
(0 -0 8e-10)
(0 -0 1.4e-09)
(0 -0 -1.713039e-17)
(0 -0 -2e-09)
(0 -0 -2e-09)
(0 -0 -2e-09)
(0 -0 -2e-09)
(0 -0 -2e-09)
(0 -0 -2e-09)
(0 -0 -2e-09)
(0 -0 -2e-09)
(0 -0 -4.2e-08)
(0 -0 7.4e-08)
(0 -0 -6.3e-07)
(0 -0 1.708e-06)
(0 -0 0.00024329)
(0 -0 0.06086018)
(0 -0 0.07549078)
(0 -0 0.000301726)
(0 -0 -3.548e-06)
(0 -0 7.1e-07)
(0 -0 -7.7e-07)
(0 -0 -4.6e-08)
(0 -0 -4.4e-08)
(0 -0 -1.2e-08)
(0 -0 6e-09)
(0 -0 2e-09)
(0 -0 1.517883e-17)
(0 -0 4e-09)
(0 -0 2e-09)
(0 -0 1.344411e-17)
(0 -0 -2e-09)
(0 -0 -6e-10)
(0 -0 4.336809e-19)
(0 -0 8e-10)
(0 -0 -2e-10)
(0 -0 1.12e-09)
(0 -0 1.4e-09)
(0 -0 -1.52e-09)
(0 -0 6e-10)
(0 -0 2e-10)
(0 -0 2e-10)
(0 -0 -4.98733e-18)
(0 -0 -6.722053e-18)
(0 -0 -1.01915e-17)
(0 -0 -2e-09)
(0 -0 -2e-09)
(0 -0 -2e-09)
(0 -0 8e-09)
(0 -0 8e-09)
(0 -0 4e-08)
(0 -0 6.2e-08)
(0 -0 8.52e-07)
(0 -0 -8.06e-07)
(0 -0 5.564e-06)
(0 -0 0.000299634)
(0 -0 0.07720746)
(0 -0 0.08416997)
(0 -0 0.000379188)
(0 -0 -3.372e-06)
(0 -0 8.952e-06)
(0 -0 5.76e-07)
(0 -0 7.26e-07)
(0 -0 1.34e-07)
(0 -0 4.2e-08)
(0 -0 1.4e-08)
(0 -0 -6.938894e-18)
(0 -0 -2e-09)
(0 -0 -2e-09)
(0 -0 -4e-09)
(0 -0 -4e-09)
(0 -0 -4e-09)
(0 -0 -4.6e-09)
(0 -0 -6.8e-09)
(0 -0 -6.6e-09)
(0 -0 -7.2e-09)
(0 -0 -6.74e-09)
(0 -0 -6.2e-09)
(0 -0 -6.06e-09)
(0 -0 -8.8e-09)
(0 -0 -7.2e-09)
(0 -0 -9e-09)
(0 -0 -8.8e-09)
(0 -0 -6e-09)
(0 -0 -8e-09)
(0 -0 -1.2e-08)
(0 -0 -1.4e-08)
(0 -0 -1e-08)
(0 -0 -3.8e-08)
(0 -0 -5.8e-08)
(0 -0 -2.04e-07)
(0 -0 -8.76e-07)
(0 -0 -7.06e-07)
(0 -0 -1.013e-05)
(0 -0 5.948e-06)
(0 -0 0.000312484)
(0 -0 0.08735526)
(0 -0 0.1347165)
(0 -0 0.00055799)
(0 -0 -5.7084e-05)
(0 -0 -1.86e-06)
(0 -0 -1.0194e-05)
(0 -0 -2.596e-06)
(0 -0 -2.238e-06)
(0 -0 -2.2e-06)
(0 -0 -2.384e-06)
(0 -0 -2.584e-06)
(0 -0 -2.736e-06)
(0 -0 -2.866e-06)
(0 -0 -2.966e-06)
(0 -0 -3.048e-06)
(0 -0 -3.1176e-06)
(0 -0 -3.178e-06)
(0 -0 -3.2306e-06)
(0 -0 -3.2778e-06)
(0 -0 -3.31966e-06)
(0 -0 -3.36318e-06)
(0 -0 -3.40374e-06)
(0 -0 -3.44522e-06)
(0 -0 -3.4912e-06)
(0 -0 -3.5386e-06)
(0 -0 -3.5912e-06)
(0 -0 -3.6512e-06)
(0 -0 -3.722e-06)
(0 -0 -3.814e-06)
(0 -0 -3.924e-06)
(0 -0 -4.062e-06)
(0 -0 -4.234e-06)
(0 -0 -4.478e-06)
(0 -0 -4.732e-06)
(0 -0 -4.74e-06)
(0 -0 -4.572e-06)
(0 -0 2.814e-06)
(0 -0 -8.18e-06)
(0 -0 4.18e-05)
(0 -0 0.000464074)
(0 -0 0.1395099)
(0 -0 0.1401492)
(0 -0 0.00276254)
(0 -0 0.0007073)
(0 -0 -0.000247526)
(0 -0 -0.000637806)
(0 -0 -0.000861522)
(0 -0 -0.000991336)
(0 -0 -0.001069432)
(0 -0 -0.001119732)
(0 -0 -0.001153934)
(0 -0 -0.001178358)
(0 -0 -0.001196556)
(0 -0 -0.001210616)
(0 -0 -0.001221836)
(0 -0 -0.001231058)
(0 -0 -0.001238861)
(0 -0 -0.001245647)
(0 -0 -0.001251721)
(0 -0 -0.001257326)
(0 -0 -0.001262657)
(0 -0 -0.001267881)
(0 -0 -0.001273171)
(0 -0 -0.001278707)
(0 -0 -0.00128467)
(0 -0 -0.001291295)
(0 -0 -0.001298868)
(0 -0 -0.001307776)
(0 -0 -0.00131856)
(0 -0 -0.00133202)
(0 -0 -0.001349402)
(0 -0 -0.00137273)
(0 -0 -0.00140547)
(0 -0 -0.001454026)
(0 -0 -0.00153062)
(0 -0 -0.001658804)
(0 -0 -0.001890078)
(0 -0 -0.002282584)
(0 -0 -0.0033021)
(0 -0 -0.00438054)
(0 -0 0.1350838)
(0 -0 0.00754336)
(0 -0 -0.3100741)
(0 -0 -0.3107866)
(0 -0 -0.3145352)
(0 -0 -0.3144811)
(0 -0 -0.3153709)
(0 -0 -0.3156245)
(0 -0 -0.3158273)
(0 -0 -0.3159539)
(0 -0 -0.316038)
(0 -0 -0.3160968)
(0 -0 -0.3161399)
(0 -0 -0.3161726)
(0 -0 -0.3161989)
(0 -0 -0.3162205)
(0 -0 -0.3162393)
(0 -0 -0.3162558)
(0 -0 -0.3162714)
(0 -0 -0.3162864)
(0 -0 -0.3163014)
(0 -0 -0.3163169)
(0 -0 -0.3163331)
(0 -0 -0.3163511)
(0 -0 -0.3163711)
(0 -0 -0.3163942)
(0 -0 -0.3164211)
(0 -0 -0.3164532)
(0 -0 -0.3164924)
(0 -0 -0.3165414)
(0 -0 -0.3166048)
(0 -0 -0.3166889)
(0 -0 -0.3168059)
(0 -0 -0.316975)
(0 -0 -0.3172453)
(0 -0 -0.317564)
(0 -0 -0.3186291)
(0 -0 -0.3188395)
(0 -0 -0.3227279)
(0 -0 -0.3223094)
(0 -0 0.01122362)
(0 -0 -39.68685)
(0 -0 -40.01186)
(0 -0 -39.82749)
(0 -0 -39.82268)
(0 -0 -39.77802)
(0 -0 -39.76334)
(0 -0 -39.75054)
(0 -0 -39.74168)
(0 -0 -39.73522)
(0 -0 -39.73034)
(0 -0 -39.72657)
(0 -0 -39.72361)
(0 -0 -39.72125)
(0 -0 -39.71938)
(0 -0 -39.71789)
(0 -0 -39.71672)
(0 -0 -39.71582)
(0 -0 -39.71517)
(0 -0 -39.71474)
(0 -0 -39.71451)
(0 -0 -39.71449)
(0 -0 -39.71465)
(0 -0 -39.71502)
(0 -0 -39.71561)
(0 -0 -39.71643)
(0 -0 -39.71751)
(0 -0 -39.7189)
(0 -0 -39.72066)
(0 -0 -39.72286)
(0 -0 -39.72563)
(0 -0 -39.72916)
(0 -0 -39.73372)
(0 -0 -39.73977)
(0 -0 -39.74796)
(0 -0 -39.76045)
(0 -0 -39.77234)
(0 -0 -39.81949)
(0 -0 -39.81745)
(0 -0 -40.00902)
(0 -0 -39.67899)
)
;

boundaryField
{
    movingWall
    {
        type            calculated;
        value           nonuniform List<vector> 
40
(
(0 -0 -79.13067)
(0 -0 -79.50484)
(0 -0 -79.05262)
(0 -0 -79.03786)
(0 -0 -78.93527)
(0 -0 -78.9019)
(0 -0 -78.87414)
(0 -0 -78.85519)
(0 -0 -78.84161)
(0 -0 -78.83148)
(0 -0 -78.82371)
(0 -0 -78.81762)
(0 -0 -78.81281)
(0 -0 -78.80898)
(0 -0 -78.80595)
(0 -0 -78.80356)
(0 -0 -78.80174)
(0 -0 -78.80041)
(0 -0 -78.79952)
(0 -0 -78.79904)
(0 -0 -78.79897)
(0 -0 -78.79928)
(0 -0 -78.80001)
(0 -0 -78.80116)
(0 -0 -78.80278)
(0 -0 -78.80493)
(0 -0 -78.80769)
(0 -0 -78.81119)
(0 -0 -78.81559)
(0 -0 -78.82115)
(0 -0 -78.82826)
(0 -0 -78.83752)
(0 -0 -78.84997)
(0 -0 -78.8672)
(0 -0 -78.89421)
(0 -0 -78.92057)
(0 -0 -79.02955)
(0 -0 -79.02702)
(0 -0 -79.49638)
(0 -0 -79.11352)
)
;
    }
    fixedWalls
    {
        type            calculated;
        value           nonuniform List<vector> 
120
(
(0 -0 0.000643185)
(0 -0 0.001292664)
(0 -0 0.002167571)
(0 -0 0.003056901)
(0 -0 0.003966073)
(0 -0 0.004901029)
(0 -0 0.005867979)
(0 -0 0.006873431)
(0 -0 0.007924267)
(0 -0 0.009027815)
(0 -0 0.01019197)
(0 -0 0.01142527)
(0 -0 0.01273706)
(0 -0 0.01413765)
(0 -0 0.01563851)
(0 -0 0.01725254)
(0 -0 0.01899437)
(0 -0 0.02088075)
(0 -0 0.02293109)
(0 -0 0.02516817)
(0 -0 0.02761895)
(0 -0 0.03031581)
(0 -0 0.03329819)
(0 -0 0.0366148)
(0 -0 0.04032683)
(0 -0 0.04451249)
(0 -0 0.04927392)
(0 -0 0.05474766)
(0 -0 0.06112171)
(0 -0 0.06866298)
(0 -0 0.0777754)
(0 -0 0.08901537)
(0 -0 0.1037469)
(0 -0 0.1208555)
(0 -0 0.155447)
(0 -0 0.1740585)
(0 -0 0.2905014)
(0 -0 0.2958816)
(0 -0 0.4271841)
(0 -0 -39.30367)
(0 -0 0.0006439877)
(0 -0 0.001294287)
(0 -0 0.002170324)
(0 -0 0.003060854)
(0 -0 0.003971328)
(0 -0 0.00490772)
(0 -0 0.005876279)
(0 -0 0.006883556)
(0 -0 0.00793648)
(0 -0 0.00904244)
(0 -0 0.01020939)
(0 -0 0.01144596)
(0 -0 0.01276159)
(0 -0 0.01416669)
(0 -0 0.0156729)
(0 -0 0.01729326)
(0 -0 0.01904264)
(0 -0 0.02093804)
(0 -0 0.02299922)
(0 -0 0.02524938)
(0 -0 0.02771603)
(0 -0 0.0304323)
(0 -0 0.03343857)
(0 -0 0.03678488)
(0 -0 0.0405342)
(0 -0 0.04476731)
(0 -0 0.04958999)
(0 -0 0.05514433)
(0 -0 0.06162692)
(0 -0 0.06931873)
(0 -0 0.07864654)
(0 -0 0.09021451)
(0 -0 0.1054398)
(0 -0 0.123574)
(0 -0 0.1592086)
(0 -0 0.1815871)
(0 -0 0.3013314)
(0 -0 0.3071607)
(0 -0 0.4520816)
(0 -0 -39.30064)
(0 -0 0.0006421243)
(0 -0 0.001284367)
(0 -0 0.002134844)
(0 -0 0.002972257)
(0 -0 0.003790579)
(0 -0 0.004584604)
(0 -0 0.005349346)
(0 -0 0.006080054)
(0 -0 0.006772245)
(0 -0 0.007421734)
(0 -0 0.008024651)
(0 -0 0.008577453)
(0 -0 0.009076942)
(0 -0 0.009520287)
(0 -0 0.009904986)
(0 -0 0.0102289)
(0 -0 0.01049028)
(0 -0 0.01068769)
(0 -0 0.01082006)
(0 -0 0.01088669)
(0 -0 0.01088721)
(0 -0 0.01082161)
(0 -0 0.01069023)
(0 -0 0.01049376)
(0 -0 0.01023323)
(0 -0 0.009910052)
(0 -0 0.009525981)
(0 -0 0.009083128)
(0 -0 0.008583973)
(0 -0 0.008031346)
(0 -0 0.007428442)
(0 -0 0.006778799)
(0 -0 0.006086291)
(0 -0 0.005355112)
(0 -0 0.004589753)
(0 -0 0.00379498)
(0 -0 0.002975801)
(0 -0 0.002137441)
(0 -0 0.00128595)
(0 -0 0.0006429216)
)
;
    }
    frontAndBack
    {
        type            empty;
    }
}


// ************************************************************************* //
